Learner,stream,randomSeed,learning evaluation instances,evaluation time (cpu seconds),model cost (RAM-Hours),Unlabeled instances,classified instances,classifications correct (percent),Kappa Statistic (percent),Kappa Temporal Statistic (percent),Kappa M Statistic (percent),model training instances,model serialized size (bytes)
semisupervised.SelfTrainingClassifier -l trees.HoeffdingTree -s DistanceMeasure,SemiSupervisedStream -s generators.RandomTreeGenerator -t 0.95,1,1000.0,0.082277,1.5388289445804227E-9,945.0,1000.0,62.6,16.190476190476197,22.245322245322242,0.0,1000.0,72488.0
semisupervised.SelfTrainingClassifier -l trees.HoeffdingTree -s DistanceMeasure,SemiSupervisedStream -s generators.RandomTreeGenerator -t 0.95,1,2000.0,0.100055,1.872214399692085E-9,1890.0,2000.0,61.1,7.599304025606152,15.342763873775844,0.0,2000.0,72488.0
semisupervised.SelfTrainingClassifier -l trees.HoeffdingTree -s DistanceMeasure,SemiSupervisedStream -s generators.RandomTreeGenerator -t 0.95,1,3000.0,0.117408,2.1976299583911898E-9,2835.0,3000.0,60.4,4.754625573970985,15.082201572551826,-0.16863406408095385,3000.0,72488.0
semisupervised.SelfTrainingClassifier -l trees.HoeffdingTree -s DistanceMeasure,SemiSupervisedStream -s generators.RandomTreeGenerator -t 0.95,1,4000.0,0.135492,2.536753738919894E-9,3789.0,4000.0,61.425,9.422576261435921,17.7505330490405,3.862928348909647,4000.0,72488.0
semisupervised.SelfTrainingClassifier -l trees.HoeffdingTree -s DistanceMeasure,SemiSupervisedStream -s generators.RandomTreeGenerator -t 0.95,1,5000.0,0.146319,2.741021613279979E-9,4742.0,5000.0,62.62,14.038359220864653,19.922879177377887,6.8295114656031854,5000.0,72928.0
semisupervised.SelfTrainingClassifier -l trees.HoeffdingTree -s DistanceMeasure,SemiSupervisedStream -s generators.RandomTreeGenerator -t 0.95,1,6000.0,0.183356,3.601900080425872E-9,5698.0,6000.0,63.66666666666667,18.825365807158853,22.059349302824458,9.954564229657171,6000.0,89848.0
semisupervised.SelfTrainingClassifier -l trees.HoeffdingTree -s DistanceMeasure,SemiSupervisedStream -s generators.RandomTreeGenerator -t 0.95,1,7000.0,0.208609,4.1974455490708355E-9,6637.0,7000.0,62.07142857142857,18.444275740408354,19.47224749772519,6.9400630914826404,7000.0,91160.0
semisupervised.SelfTrainingClassifier -l trees.HoeffdingTree -s DistanceMeasure,SemiSupervisedStream -s generators.RandomTreeGenerator -t 0.95,1,8000.0,0.231589,4.739862096806368E-9,7591.0,8000.0,61.612500000000004,19.082104919233622,18.67055084745763,5.768640687327419,8000.0,91240.0
semisupervised.SelfTrainingClassifier -l trees.HoeffdingTree -s DistanceMeasure,SemiSupervisedStream -s generators.RandomTreeGenerator -t 0.95,1,9000.0,0.249585,5.16486050768031E-9,8530.0,9000.0,61.7,20.412240121835996,18.875029418686754,6.635969664138687,9000.0,91288.0
semisupervised.SelfTrainingClassifier -l trees.HoeffdingTree -s DistanceMeasure,SemiSupervisedStream -s generators.RandomTreeGenerator -t 0.95,1,10000.0,0.262567,5.471446936329206E-9,9479.0,10000.0,61.75000000000001,21.135919860734077,19.3718381112985,6.593406593406599,10000.0,91288.0
semisupervised.SelfTrainingClassifier -l trees.HoeffdingTree -s DistanceMeasure,SemiSupervisedStream -s generators.RandomTreeGenerator -t 0.95,1,11000.0,0.272393,5.703500414060222E-9,10446.0,11000.0,62.018181818181816,22.31976657865679,19.99234009957871,7.8314581954555385,11000.0,91288.0
semisupervised.SelfTrainingClassifier -l trees.HoeffdingTree -s DistanceMeasure,SemiSupervisedStream -s generators.RandomTreeGenerator -t 0.95,1,12000.0,0.282547,5.943300028642019E-9,11410.0,12000.0,62.46666666666667,23.696704905561546,21.120840630472863,9.376257545271642,12000.0,91288.0
semisupervised.SelfTrainingClassifier -l trees.HoeffdingTree -s DistanceMeasure,SemiSupervisedStream -s generators.RandomTreeGenerator -t 0.95,1,13000.0,0.293659,6.205747028191885E-9,12345.0,13000.0,62.723076923076924,24.43658186782628,21.674478745757234,9.488233096750104,13000.0,91296.0
semisupervised.SelfTrainingClassifier -l trees.HoeffdingTree -s DistanceMeasure,SemiSupervisedStream -s generators.RandomTreeGenerator -t 0.95,1,14000.0,0.303505,6.438313586016497E-9,13287.0,14000.0,63.271428571428565,25.817393642743948,23.242274966412896,11.268334771354604,14000.0,91304.0
semisupervised.SelfTrainingClassifier -l trees.HoeffdingTree -s DistanceMeasure,SemiSupervisedStream -s generators.RandomTreeGenerator -t 0.95,1,15000.0,0.311992,6.6387800065179674E-9,14240.0,15000.0,63.519999999999996,26.49405665760738,23.894297635604993,12.209209048612218,15000.0,91304.0
semisupervised.SelfTrainingClassifier -l trees.HoeffdingTree -s DistanceMeasure,SemiSupervisedStream -s generators.RandomTreeGenerator -t 0.95,1,16000.0,0.323582,6.914771325472329E-9,15198.0,16000.0,63.84375,27.301454822299647,24.497520229705046,12.942061700526706,16000.0,92048.0
semisupervised.SelfTrainingClassifier -l trees.HoeffdingTree -s DistanceMeasure,SemiSupervisedStream -s generators.RandomTreeGenerator -t 0.95,1,17000.0,0.331746,7.1091797057953154E-9,16152.0,17000.0,63.935294117647054,27.712219465332716,24.726826273787598,13.31825250954334,17000.0,92048.0
semisupervised.SelfTrainingClassifier -l trees.HoeffdingTree -s DistanceMeasure,SemiSupervisedStream -s generators.RandomTreeGenerator -t 0.95,1,18000.0,0.340422,7.315780282434491E-9,17091.0,18000.0,63.983333333333334,27.99621666377362,24.86962568084367,13.421474358974375,18000.0,92048.0
semisupervised.SelfTrainingClassifier -l trees.HoeffdingTree -s DistanceMeasure,SemiSupervisedStream -s generators.RandomTreeGenerator -t 0.95,1,19000.0,0.347577,7.486176271405486E-9,18040.0,19000.0,64.23684210526316,28.67456351020612,25.395256916996047,14.312736443883994,19000.0,92056.0
semisupervised.SelfTrainingClassifier -l trees.HoeffdingTree -s DistanceMeasure,SemiSupervisedStream -s generators.RandomTreeGenerator -t 0.95,1,20000.0,0.353631,7.630351997084088E-9,18992.0,20000.0,64.455,29.238305955687977,25.785572606743905,14.780628146727398,20000.0,92056.0
semisupervised.SelfTrainingClassifier -l trees.HoeffdingTree -s DistanceMeasure,SemiSupervisedStream -s generators.RandomTreeGenerator -t 0.95,1,21000.0,0.359541,7.771098369525538E-9,19937.0,21000.0,64.78095238095239,29.955872957606637,26.510333863275044,15.59004793426158,21000.0,92056.0
semisupervised.SelfTrainingClassifier -l trees.HoeffdingTree -s DistanceMeasure,SemiSupervisedStream -s generators.RandomTreeGenerator -t 0.95,1,22000.0,0.366655,7.940517945422067E-9,20876.0,22000.0,64.85454545454546,30.188082017528643,26.52983656404408,15.497267759562835,22000.0,92056.0
semisupervised.SelfTrainingClassifier -l trees.HoeffdingTree -s DistanceMeasure,SemiSupervisedStream -s generators.RandomTreeGenerator -t 0.95,1,23000.0,0.379675,8.254280272457335E-9,21821.0,23000.0,65.03478260869565,30.637766473530466,26.990467544257836,15.825832112204315,23000.0,93152.0
semisupervised.SelfTrainingClassifier -l trees.HoeffdingTree -s DistanceMeasure,SemiSupervisedStream -s generators.RandomTreeGenerator -t 0.95,1,24000.0,0.391356,8.53577472269535E-9,22771.0,24000.0,65.01249999999999,30.722240239958293,27.04604691572545,15.62499999999998,24000.0,93152.0
semisupervised.SelfTrainingClassifier -l trees.HoeffdingTree -s DistanceMeasure,SemiSupervisedStream -s generators.RandomTreeGenerator -t 0.95,1,25000.0,0.402101,8.794712987211015E-9,23726.0,25000.0,65.184,31.175912419526743,27.351640096819956,16.154513052692423,25000.0,93152.0
semisupervised.SelfTrainingClassifier -l trees.HoeffdingTree -s DistanceMeasure,SemiSupervisedStream -s generators.RandomTreeGenerator -t 0.95,1,26000.0,0.409652,8.97668067779806E-9,24671.0,26000.0,65.25769230769231,31.42504158301059,27.53309265944645,16.469391529498797,26000.0,93152.0
semisupervised.SelfTrainingClassifier -l trees.HoeffdingTree -s DistanceMeasure,SemiSupervisedStream -s generators.RandomTreeGenerator -t 0.95,1,27000.0,0.416827,9.149587336513731E-9,25627.0,27000.0,65.3,31.605650253677414,27.76407093292213,16.712596675260038,27000.0,93152.0
semisupervised.SelfTrainingClassifier -l trees.HoeffdingTree -s DistanceMeasure,SemiSupervisedStream -s generators.RandomTreeGenerator -t 0.95,1,28000.0,0.425604,9.361099774638812E-9,26593.0,28000.0,65.32857142857142,31.756487694132446,27.987538016467607,16.65521978021978,28000.0,93152.0
semisupervised.SelfTrainingClassifier -l trees.HoeffdingTree -s DistanceMeasure,SemiSupervisedStream -s generators.RandomTreeGenerator -t 0.95,1,29000.0,0.433066,9.540922699703111E-9,27542.0,29000.0,65.39655172413794,31.96800261468789,28.13663706674304,16.839313831109642,29000.0,93152.0
semisupervised.SelfTrainingClassifier -l trees.HoeffdingTree -s DistanceMeasure,SemiSupervisedStream -s generators.RandomTreeGenerator -t 0.95,1,30000.0,0.440739,9.725830405950546E-9,28497.0,30000.0,65.49666666666667,32.23213532109293,28.500379912965407,17.11242793081359,30000.0,93152.0
semisupervised.SelfTrainingClassifier -l trees.HoeffdingTree -s DistanceMeasure,SemiSupervisedStream -s generators.RandomTreeGenerator -t 0.95,1,31000.0,0.446831,9.872638401057985E-9,29449.0,31000.0,65.48387096774194,32.28245198737038,28.39456601753328,17.13135068153655,31000.0,93152.0
semisupervised.SelfTrainingClassifier -l trees.HoeffdingTree -s DistanceMeasure,SemiSupervisedStream -s generators.RandomTreeGenerator -t 0.95,1,32000.0,0.452756,1.0015421948499149E-8,30400.0,32000.0,65.54062499999999,32.47092192891909,28.558471007450585,17.3698014237542,32000.0,93152.0
semisupervised.SelfTrainingClassifier -l trees.HoeffdingTree -s DistanceMeasure,SemiSupervisedStream -s generators.RandomTreeGenerator -t 0.95,1,33000.0,0.458746,1.0159771897726588E-8,31350.0,33000.0,65.5969696969697,32.63033489061701,28.723003515821198,17.63639001741149,33000.0,93152.0
semisupervised.SelfTrainingClassifier -l trees.HoeffdingTree -s DistanceMeasure,SemiSupervisedStream -s generators.RandomTreeGenerator -t 0.95,1,34000.0,0.464734,1.0304073649975987E-8,32305.0,34000.0,65.65588235294118,32.800475533054936,28.84216940889701,17.68645143098829,34000.0,93152.0
semisupervised.SelfTrainingClassifier -l trees.HoeffdingTree -s DistanceMeasure,SemiSupervisedStream -s generators.RandomTreeGenerator -t 0.95,1,35000.0,0.470914,1.0453002312117152E-8,33258.0,35000.0,65.70285714285714,32.94682483393613,29.00822047430362,17.814596741065316,35000.0,93152.0
semisupervised.SelfTrainingClassifier -l trees.HoeffdingTree -s DistanceMeasure,SemiSupervisedStream -s generators.RandomTreeGenerator -t 0.95,1,36000.0,0.48505,1.083180830710464E-8,34204.0,36000.0,65.7388888888889,33.0557566948789,29.025204281275187,17.992021276595754,36000.0,103584.0
semisupervised.SelfTrainingClassifier -l trees.HoeffdingTree -s DistanceMeasure,SemiSupervisedStream -s generators.RandomTreeGenerator -t 0.95,1,37000.0,0.491632,1.1011389042768212E-8,35158.0,37000.0,65.76216216216217,33.155080213903744,29.110240626748734,18.086000646621407,37000.0,105464.0
semisupervised.SelfTrainingClassifier -l trees.HoeffdingTree -s DistanceMeasure,SemiSupervisedStream -s generators.RandomTreeGenerator -t 0.95,1,38000.0,0.499177,1.1224380032055906E-8,36104.0,38000.0,65.71315789473684,33.13372735375716,29.028216581326934,17.90170132325142,38000.0,109120.0
semisupervised.SelfTrainingClassifier -l trees.HoeffdingTree -s DistanceMeasure,SemiSupervisedStream -s generators.RandomTreeGenerator -t 0.95,1,39000.0,0.505312,1.1398595995787115E-8,37053.0,39000.0,65.6974358974359,33.16967434002007,29.055523147902633,17.840692747036773,39000.0,109768.0
semisupervised.SelfTrainingClassifier -l trees.HoeffdingTree -s DistanceMeasure,SemiSupervisedStream -s generators.RandomTreeGenerator -t 0.95,1,40000.0,0.511451,1.1573027190234924E-8,37998.0,40000.0,65.675,33.17685539747705,29.047594439563827,17.882775119617218,40000.0,109832.0
semisupervised.SelfTrainingClassifier -l trees.HoeffdingTree -s DistanceMeasure,SemiSupervisedStream -s generators.RandomTreeGenerator -t 0.95,1,41000.0,0.517923,1.1756920119126636E-8,38937.0,41000.0,65.73658536585366,33.32424516999929,29.19354838709678,17.97746248613302,41000.0,109832.0
semisupervised.SelfTrainingClassifier -l trees.HoeffdingTree -s DistanceMeasure,SemiSupervisedStream -s generators.RandomTreeGenerator -t 0.95,1,42000.0,0.524003,1.1929674910174474E-8,39888.0,42000.0,65.8047619047619,33.489117136337704,29.331299512867187,18.123254090416715,42000.0,109832.0
semisupervised.SelfTrainingClassifier -l trees.HoeffdingTree -s DistanceMeasure,SemiSupervisedStream -s generators.RandomTreeGenerator -t 0.95,1,43000.0,0.529927,1.2098082999388375E-8,40845.0,43000.0,65.8953488372093,33.691408176425234,29.488412347341093,18.341778495461885,43000.0,109888.0
semisupervised.SelfTrainingClassifier -l trees.HoeffdingTree -s DistanceMeasure,SemiSupervisedStream -s generators.RandomTreeGenerator -t 0.95,1,44000.0,0.536181,1.2275872362984549E-8,41806.0,44000.0,65.95,33.82174966456306,29.585937867180522,18.447553208861798,44000.0,109888.0
semisupervised.SelfTrainingClassifier -l trees.HoeffdingTree -s DistanceMeasure,SemiSupervisedStream -s generators.RandomTreeGenerator -t 0.95,1,45000.0,0.542911,1.2467193504174548E-8,42753.0,45000.0,65.98,33.89740471906351,29.64290638356544,18.49978705281092,45000.0,109888.0
semisupervised.SelfTrainingClassifier -l trees.HoeffdingTree -s DistanceMeasure,SemiSupervisedStream -s generators.RandomTreeGenerator -t 0.95,1,46000.0,0.548985,1.2639865809016755E-8,43695.0,46000.0,66.0195652173913,33.99867508645935,29.669291338582678,18.580060422960734,46000.0,109888.0
semisupervised.SelfTrainingClassifier -l trees.HoeffdingTree -s DistanceMeasure,SemiSupervisedStream -s generators.RandomTreeGenerator -t 0.95,1,47000.0,0.55562,1.2829420045018193E-8,44648.0,47000.0,66.07446808510639,34.12371062139022,29.674061659242284,18.652109586245597,47000.0,110432.0
semisupervised.SelfTrainingClassifier -l trees.HoeffdingTree -s DistanceMeasure,SemiSupervisedStream -s generators.RandomTreeGenerator -t 0.95,1,48000.0,0.568349,1.3239490923782187E-8,45600.0,48000.0,66.13125,34.2436985482575,29.775377969762413,18.8934344442227,48000.0,124528.0
semisupervised.SelfTrainingClassifier -l trees.HoeffdingTree -s DistanceMeasure,SemiSupervisedStream -s generators.RandomTreeGenerator -t 0.95,1,49000.0,0.574607,1.3444657102227207E-8,46553.0,49000.0,66.00612244897958,34.055373878518466,29.601453869236288,18.57554871193233,49000.0,126728.0
semisupervised.SelfTrainingClassifier -l trees.HoeffdingTree -s DistanceMeasure,SemiSupervisedStream -s generators.RandomTreeGenerator -t 0.95,1,50000.0,0.581478,1.3670176220022966E-8,47510.0,50000.0,66.032,34.128857436254336,29.696166901233557,18.72128637059724,50000.0,126872.0
semisupervised.SelfTrainingClassifier -l trees.HoeffdingTree -s DistanceMeasure,SemiSupervisedStream -s generators.RandomTreeGenerator -t 0.95,1,51000.0,0.58768,1.387375033770998E-8,48470.0,51000.0,66.07254901960783,34.22432258438164,29.805273833671386,18.951707339922226,51000.0,126880.0
semisupervised.SelfTrainingClassifier -l trees.HoeffdingTree -s DistanceMeasure,SemiSupervisedStream -s generators.RandomTreeGenerator -t 0.95,1,52000.0,0.593626,1.4069807548075912E-8,49418.0,52000.0,66.02884615384616,34.17559261529518,29.69154228855721,18.87113070634702,52000.0,127456.0
semisupervised.SelfTrainingClassifier -l trees.HoeffdingTree -s DistanceMeasure,SemiSupervisedStream -s generators.RandomTreeGenerator -t 0.95,1,53000.0,0.599716,1.4270675883938866E-8,50358.0,53000.0,66.06981132075471,34.27604582353643,29.836129535700344,19.05747850744924,53000.0,127496.0
semisupervised.SelfTrainingClassifier -l trees.HoeffdingTree -s DistanceMeasure,SemiSupervisedStream -s generators.RandomTreeGenerator -t 0.95,1,54000.0,0.605499,1.4461454250332379E-8,51310.0,54000.0,66.07407407407408,34.31403420458031,29.770758261136244,19.088419750905395,54000.0,127520.0
semisupervised.SelfTrainingClassifier -l trees.HoeffdingTree -s DistanceMeasure,SemiSupervisedStream -s generators.RandomTreeGenerator -t 0.95,1,55000.0,0.611216,1.4650090804530511E-8,52264.0,55000.0,66.11090909090909,34.40038146983336,29.799254265376067,19.248765271640238,55000.0,127544.0
semisupervised.SelfTrainingClassifier -l trees.HoeffdingTree -s DistanceMeasure,SemiSupervisedStream -s generators.RandomTreeGenerator -t 0.95,1,56000.0,0.617036,1.4842125918302268E-8,53217.0,56000.0,66.15892857142858,34.507337497846216,29.938260194461918,19.360878260499565,56000.0,127544.0
semisupervised.SelfTrainingClassifier -l trees.HoeffdingTree -s DistanceMeasure,SemiSupervisedStream -s generators.RandomTreeGenerator -t 0.95,1,57000.0,0.623162,1.5044321115646095E-8,54164.0,57000.0,66.16666666666666,34.54024726509367,30.00762167459078,19.43771409474475,57000.0,127584.0
semisupervised.SelfTrainingClassifier -l trees.HoeffdingTree -s DistanceMeasure,SemiSupervisedStream -s generators.RandomTreeGenerator -t 0.95,1,58000.0,0.629416,1.5250754033525782E-8,55110.0,58000.0,66.21034482758621,34.63488940703042,30.149338845920802,19.5682508413363,58000.0,127592.0
semisupervised.SelfTrainingClassifier -l trees.HoeffdingTree -s DistanceMeasure,SemiSupervisedStream -s generators.RandomTreeGenerator -t 0.95,1,59000.0,0.635283,1.544447351247072E-8,56064.0,59000.0,66.25084745762712,34.726050862503854,30.21169213514649,19.63190184049079,59000.0,127632.0
semisupervised.SelfTrainingClassifier -l trees.HoeffdingTree -s DistanceMeasure,SemiSupervisedStream -s generators.RandomTreeGenerator -t 0.95,1,60000.0,0.641332,1.564421487558219E-8,57019.0,60000.0,66.33,34.89173110772244,30.373944511459595,19.83969526228078,60000.0,127640.0
semisupervised.SelfTrainingClassifier -l trees.HoeffdingTree -s DistanceMeasure,SemiSupervisedStream -s generators.RandomTreeGenerator -t 0.95,1,61000.0,0.647164,1.5836802847269506E-8,57976.0,61000.0,66.35409836065574,34.94774045847955,30.391724605731717,19.900089763103455,61000.0,127648.0
semisupervised.SelfTrainingClassifier -l trees.HoeffdingTree -s DistanceMeasure,SemiSupervisedStream -s generators.RandomTreeGenerator -t 0.95,1,62000.0,0.652872,1.6025307826283904E-8,58937.0,62000.0,66.35161290322581,34.95441623368287,30.422892209178233,19.937061058448798,62000.0,127656.0
semisupervised.SelfTrainingClassifier -l trees.HoeffdingTree -s DistanceMeasure,SemiSupervisedStream -s generators.RandomTreeGenerator -t 0.95,1,63000.0,0.659185,1.6233792747888298E-8,59880.0,63000.0,66.40158730158731,35.061403450540475,30.543068088597213,20.040042308854655,63000.0,127656.0
semisupervised.SelfTrainingClassifier -l trees.HoeffdingTree -s DistanceMeasure,SemiSupervisedStream -s generators.RandomTreeGenerator -t 0.95,1,64000.0,0.664883,1.6421967479917737E-8,60838.0,64000.0,66.4578125,35.17822610585935,30.72926750564699,20.214821972794173,64000.0,127656.0
semisupervised.SelfTrainingClassifier -l trees.HoeffdingTree -s DistanceMeasure,SemiSupervisedStream -s generators.RandomTreeGenerator -t 0.95,1,65000.0,0.670678,1.6613345607701272E-8,61785.0,65000.0,66.44307692307693,35.1732240879908,30.702757656627284,20.128895236002798,65000.0,127656.0
semisupervised.SelfTrainingClassifier -l trees.HoeffdingTree -s DistanceMeasure,SemiSupervisedStream -s generators.RandomTreeGenerator -t 0.95,1,66000.0,0.676558,1.680755517342024E-8,62722.0,66000.0,66.47424242424242,35.23686138926708,30.794733056016018,20.25731584258326,66000.0,127672.0
semisupervised.SelfTrainingClassifier -l trees.HoeffdingTree -s DistanceMeasure,SemiSupervisedStream -s generators.RandomTreeGenerator -t 0.95,1,67000.0,0.682223,1.6994663539032136E-8,63681.0,67000.0,66.5,35.290739645045434,30.853357979051143,20.385215664018173,67000.0,127672.0
semisupervised.SelfTrainingClassifier -l trees.HoeffdingTree -s DistanceMeasure,SemiSupervisedStream -s generators.RandomTreeGenerator -t 0.95,1,68000.0,0.688408,1.7198946900251835E-8,64621.0,68000.0,66.53382352941176,35.359618295445756,30.955703883495143,20.52455123280016,68000.0,127672.0
semisupervised.SelfTrainingClassifier -l trees.HoeffdingTree -s DistanceMeasure,SemiSupervisedStream -s generators.RandomTreeGenerator -t 0.95,1,69000.0,0.694471,1.7399200743271243E-8,65563.0,69000.0,66.56811594202898,35.43210642130705,31.05591918467378,20.630333058078726,69000.0,127672.0
semisupervised.SelfTrainingClassifier -l trees.HoeffdingTree -s DistanceMeasure,SemiSupervisedStream -s generators.RandomTreeGenerator -t 0.95,1,70000.0,0.700231,1.7589470690323243E-8,66516.0,70000.0,66.58285714285714,35.466771912033856,31.116935127653946,20.715835140997825,70000.0,127688.0
semisupervised.SelfTrainingClassifier -l trees.HoeffdingTree -s DistanceMeasure,SemiSupervisedStream -s generators.RandomTreeGenerator -t 0.95,1,71000.0,0.705691,1.776983074429962E-8,67474.0,71000.0,66.60281690140845,35.50668788397258,31.193778654750144,20.8386192161314,71000.0,127688.0
semisupervised.SelfTrainingClassifier -l trees.HoeffdingTree -s DistanceMeasure,SemiSupervisedStream -s generators.RandomTreeGenerator -t 0.95,1,72000.0,0.711637,1.7966244825058512E-8,68416.0,72000.0,66.59166666666667,35.50063775373397,31.195652173913047,20.747257092023343,72000.0,127688.0
semisupervised.SelfTrainingClassifier -l trees.HoeffdingTree -s DistanceMeasure,SemiSupervisedStream -s generators.RandomTreeGenerator -t 0.95,1,73000.0,0.717037,1.8144622900419763E-8,69377.0,73000.0,66.61643835616438,35.554569342743996,31.237831889619372,20.773732119635895,73000.0,127688.0
semisupervised.SelfTrainingClassifier -l trees.HoeffdingTree -s DistanceMeasure,SemiSupervisedStream -s generators.RandomTreeGenerator -t 0.95,1,74000.0,0.722941,1.8339649596148066E-8,70335.0,74000.0,66.65405405405406,35.63073780141085,31.346854742230757,20.85952533675434,74000.0,127688.0
semisupervised.SelfTrainingClassifier -l trees.HoeffdingTree -s DistanceMeasure,SemiSupervisedStream -s generators.RandomTreeGenerator -t 0.95,1,75000.0,0.729122,1.8543826426482864E-8,71278.0,75000.0,66.664,35.660046663795384,31.341480159275033,20.882250561691084,75000.0,127688.0
semisupervised.SelfTrainingClassifier -l trees.HoeffdingTree -s DistanceMeasure,SemiSupervisedStream -s generators.RandomTreeGenerator -t 0.95,1,76000.0,0.734745,1.8729570855696997E-8,72240.0,76000.0,66.68552631578947,35.70813752250182,31.466543958423564,21.004024835418562,76000.0,127688.0
semisupervised.SelfTrainingClassifier -l trees.HoeffdingTree -s DistanceMeasure,SemiSupervisedStream -s generators.RandomTreeGenerator -t 0.95,1,77000.0,0.740334,1.891419216369589E-8,73195.0,77000.0,66.69090909090909,35.73005718005785,31.48108570207308,20.971220804831443,77000.0,127688.0
semisupervised.SelfTrainingClassifier -l trees.HoeffdingTree -s DistanceMeasure,SemiSupervisedStream -s generators.RandomTreeGenerator -t 0.95,1,78000.0,0.746291,1.9110969607200887E-8,74146.0,78000.0,66.71923076923076,35.78931477664122,31.465005148242987,21.056472949548386,78000.0,127688.0
semisupervised.SelfTrainingClassifier -l trees.HoeffdingTree -s DistanceMeasure,SemiSupervisedStream -s generators.RandomTreeGenerator -t 0.95,1,79000.0,0.752161,1.930487318171395E-8,75088.0,79000.0,66.76075949367089,35.87385472678161,31.56015429524603,21.12045659357164,79000.0,127688.0
semisupervised.SelfTrainingClassifier -l trees.HoeffdingTree -s DistanceMeasure,SemiSupervisedStream -s generators.RandomTreeGenerator -t 0.95,1,80000.0,0.758042,1.9499140118973123E-8,76035.0,80000.0,66.755,35.865534613051864,31.540065381348292,21.11757029303594,80000.0,127688.0
semisupervised.SelfTrainingClassifier -l trees.HoeffdingTree -s DistanceMeasure,SemiSupervisedStream -s generators.RandomTreeGenerator -t 0.95,1,81000.0,0.763858,1.9691259912732575E-8,76979.0,81000.0,66.78024691358024,35.917677844966235,31.570113422511557,21.197211972119717,81000.0,127688.0
semisupervised.SelfTrainingClassifier -l trees.HoeffdingTree -s DistanceMeasure,SemiSupervisedStream -s generators.RandomTreeGenerator -t 0.95,1,82000.0,0.769613,1.9881364694899985E-8,77938.0,82000.0,66.83414634146342,36.01685400518235,31.75065247942181,21.36475350585515,82000.0,127688.0
semisupervised.SelfTrainingClassifier -l trees.HoeffdingTree -s DistanceMeasure,SemiSupervisedStream -s generators.RandomTreeGenerator -t 0.95,1,83000.0,0.775943,2.0090463438795676E-8,78884.0,83000.0,66.86385542168675,36.074018159609686,31.828772556018237,21.43571285742852,83000.0,127688.0
semisupervised.SelfTrainingClassifier -l trees.HoeffdingTree -s DistanceMeasure,SemiSupervisedStream -s generators.RandomTreeGenerator -t 0.95,1,84000.0,0.781664,2.0279445099747846E-8,79838.0,84000.0,66.9,36.14750218762312,31.90801557563736,21.51748666271488,84000.0,127688.0
semisupervised.SelfTrainingClassifier -l trees.HoeffdingTree -s DistanceMeasure,SemiSupervisedStream -s generators.RandomTreeGenerator -t 0.95,1,85000.0,0.787435,2.0470078409545955E-8,80788.0,85000.0,66.92,36.189179639535965,31.932508654288412,21.5676429567643,85000.0,127688.0
semisupervised.SelfTrainingClassifier -l trees.HoeffdingTree -s DistanceMeasure,SemiSupervisedStream -s generators.RandomTreeGenerator -t 0.95,1,86000.0,0.796574,2.078840316169792E-8,81741.0,86000.0,66.92906976744186,36.21834767123587,31.876212603894704,21.516088084331376,86000.0,134640.0
semisupervised.SelfTrainingClassifier -l trees.HoeffdingTree -s DistanceMeasure,SemiSupervisedStream -s generators.RandomTreeGenerator -t 0.95,1,87000.0,0.805416,2.1115377801987863E-8,82698.0,87000.0,66.9793103448276,36.31621338431149,31.961253345333123,21.61955691367458,87000.0,142944.0
semisupervised.SelfTrainingClassifier -l trees.HoeffdingTree -s DistanceMeasure,SemiSupervisedStream -s generators.RandomTreeGenerator -t 0.95,1,88000.0,0.812109,2.136396348062489E-8,83641.0,88000.0,67.00795454545454,36.369548609766284,32.005433382514795,21.676378547534238,88000.0,143568.0
semisupervised.SelfTrainingClassifier -l trees.HoeffdingTree -s DistanceMeasure,SemiSupervisedStream -s generators.RandomTreeGenerator -t 0.95,1,89000.0,0.818544,2.1603992223325706E-8,84595.0,89000.0,67.0561797752809,36.45465867364388,32.11705871457677,21.81333333333334,89000.0,144184.0
semisupervised.SelfTrainingClassifier -l trees.HoeffdingTree -s DistanceMeasure,SemiSupervisedStream -s generators.RandomTreeGenerator -t 0.95,1,90000.0,0.82507,2.1847496349364522E-8,85546.0,90000.0,67.11666666666667,36.56103230207105,32.25363397047041,21.954113924050638,90000.0,144232.0
semisupervised.SelfTrainingClassifier -l trees.HoeffdingTree -s DistanceMeasure,SemiSupervisedStream -s generators.RandomTreeGenerator -t 0.95,1,91000.0,0.831596,2.2091013981650276E-8,86496.0,91000.0,67.14835164835165,36.61705339316823,32.322912186177064,22.024570280914983,91000.0,144240.0
semisupervised.SelfTrainingClassifier -l trees.HoeffdingTree -s DistanceMeasure,SemiSupervisedStream -s generators.RandomTreeGenerator -t 0.95,1,92000.0,0.838014,2.2331431385957536E-8,87451.0,92000.0,67.17065217391306,36.66145644159364,32.4121109047374,22.070851717109182,92000.0,144800.0
semisupervised.SelfTrainingClassifier -l trees.HoeffdingTree -s DistanceMeasure,SemiSupervisedStream -s generators.RandomTreeGenerator -t 0.95,1,93000.0,0.844609,2.2578506484213807E-8,88403.0,93000.0,67.20537634408602,36.72678719747624,32.4675612240379,22.190473760746997,93000.0,144816.0
semisupervised.SelfTrainingClassifier -l trees.HoeffdingTree -s DistanceMeasure,SemiSupervisedStream -s generators.RandomTreeGenerator -t 0.95,1,94000.0,0.856719,2.3076682250118923E-8,89350.0,94000.0,67.2531914893617,36.81663131270535,32.60940954966394,22.30299358877277,94000.0,159016.0
semisupervised.SelfTrainingClassifier -l trees.HoeffdingTree -s DistanceMeasure,SemiSupervisedStream -s generators.RandomTreeGenerator -t 0.95,1,95000.0,0.864045,2.3374599042452048E-8,90309.0,95000.0,67.2778947368421,36.87375659360866,32.61510448278852,22.32189709887802,95000.0,157192.0
semisupervised.SelfTrainingClassifier -l trees.HoeffdingTree -s DistanceMeasure,SemiSupervisedStream -s generators.RandomTreeGenerator -t 0.95,1,96000.0,0.872618,2.3741376753896478E-8,91261.0,96000.0,67.27499999999999,36.879387310538704,32.60538453287568,22.293403250142212,96000.0,165376.0
semisupervised.SelfTrainingClassifier -l trees.HoeffdingTree -s DistanceMeasure,SemiSupervisedStream -s generators.RandomTreeGenerator -t 0.95,1,97000.0,0.880834,2.410180801111791E-8,92216.0,97000.0,67.27422680412371,36.87926253181831,32.574341546304176,22.319833598433885,97000.0,169576.0
semisupervised.SelfTrainingClassifier -l trees.HoeffdingTree -s DistanceMeasure,SemiSupervisedStream -s generators.RandomTreeGenerator -t 0.95,1,98000.0,0.888884,2.4462287486013443E-8,93175.0,98000.0,67.26836734693877,36.872985063264345,32.57734992433159,22.348640732043858,98000.0,173096.0
semisupervised.SelfTrainingClassifier -l trees.HoeffdingTree -s DistanceMeasure,SemiSupervisedStream -s generators.RandomTreeGenerator -t 0.95,1,99000.0,0.896067,2.4784061577585012E-8,94120.0,99000.0,67.27878787878788,36.89817678407493,32.62619329880827,22.366812854985984,99000.0,173160.0
semisupervised.SelfTrainingClassifier -l trees.HoeffdingTree -s DistanceMeasure,SemiSupervisedStream -s generators.RandomTreeGenerator -t 0.95,1,100000.0,0.904243,2.5157814754380122E-8,95065.0,100000.0,67.32000000000001,36.974660240566514,32.679630850362564,22.526196007775827,100000.0,176704.0
semisupervised.SelfTrainingClassifier -l trees.HoeffdingTree -s DistanceMeasure,SemiSupervisedStream -s generators.RandomTreeGenerator -t 0.95,1,101000.0,0.91137,2.5484779777212278E-8,96013.0,101000.0,67.34653465346535,37.02973520110797,32.73780388317834,22.591245159018914,101000.0,177336.0
semisupervised.SelfTrainingClassifier -l trees.HoeffdingTree -s DistanceMeasure,SemiSupervisedStream -s generators.RandomTreeGenerator -t 0.95,1,102000.0,0.918522,2.581407586940461E-8,96963.0,102000.0,67.35098039215687,37.04395501777647,32.76398142539876,22.61827307370575,102000.0,177976.0
semisupervised.SelfTrainingClassifier -l trees.HoeffdingTree -s DistanceMeasure,SemiSupervisedStream -s generators.RandomTreeGenerator -t 0.95,1,103000.0,0.927195,2.621340263220999E-8,97914.0,103000.0,67.37961165048544,37.095538704639814,32.881200183783136,22.744935733829998,103000.0,177976.0
semisupervised.SelfTrainingClassifier -l trees.HoeffdingTree -s DistanceMeasure,SemiSupervisedStream -s generators.RandomTreeGenerator -t 0.95,1,104000.0,0.934799,2.6563525680038664E-8,98857.0,104000.0,67.40769230769232,37.15521744571552,32.915075108357925,22.75648329611231,104000.0,177984.0
semisupervised.SelfTrainingClassifier -l trees.HoeffdingTree -s DistanceMeasure,SemiSupervisedStream -s generators.RandomTreeGenerator -t 0.95,1,105000.0,0.94302,2.6942160324090058E-8,99812.0,105000.0,67.43619047619048,37.214416081703625,32.95160404737626,22.827607998916616,105000.0,178032.0
semisupervised.SelfTrainingClassifier -l trees.HoeffdingTree -s DistanceMeasure,SemiSupervisedStream -s generators.RandomTreeGenerator -t 0.95,1,106000.0,0.950188,2.72722969411148E-8,100767.0,106000.0,67.47075471698113,37.283087493682835,33.03229816077219,22.883725091136796,106000.0,178032.0
semisupervised.SelfTrainingClassifier -l trees.HoeffdingTree -s DistanceMeasure,SemiSupervisedStream -s generators.RandomTreeGenerator -t 0.95,1,107000.0,0.957918,2.7628381587564948E-8,101716.0,107000.0,67.46261682242991,37.272452810762054,33.04292637895223,22.876700190509954,107000.0,178064.0
semisupervised.SelfTrainingClassifier -l trees.HoeffdingTree -s DistanceMeasure,SemiSupervisedStream -s generators.RandomTreeGenerator -t 0.95,1,108000.0,0.965513,2.797829457662172E-8,102668.0,108000.0,67.50370370370369,37.352336604225684,33.09312744256981,22.95906047634726,108000.0,178088.0
semisupervised.SelfTrainingClassifier -l trees.HoeffdingTree -s DistanceMeasure,SemiSupervisedStream -s generators.RandomTreeGenerator -t 0.95,1,109000.0,0.972739,2.8311311869571608E-8,103615.0,109000.0,67.53761467889909,37.41785677499513,33.18352625715203,23.049822760585425,109000.0,178144.0
semisupervised.SelfTrainingClassifier -l trees.HoeffdingTree -s DistanceMeasure,SemiSupervisedStream -s generators.RandomTreeGenerator -t 0.95,1,110000.0,0.980068,2.864907601848245E-8,104561.0,110000.0,67.5709090909091,37.48446003498097,33.22601175545656,23.147190623922782,110000.0,178144.0
semisupervised.SelfTrainingClassifier -l trees.HoeffdingTree -s DistanceMeasure,SemiSupervisedStream -s generators.RandomTreeGenerator -t 0.95,1,111000.0,0.987569,2.8994766955988278E-8,105515.0,111000.0,67.61801801801802,37.576438503625965,33.29126609999629,23.237586759209826,111000.0,178144.0
semisupervised.SelfTrainingClassifier -l trees.HoeffdingTree -s DistanceMeasure,SemiSupervisedStream -s generators.RandomTreeGenerator -t 0.95,1,112000.0,0.995101,2.934188655888041E-8,106468.0,112000.0,67.63928571428572,37.612461933106026,33.339464052528,23.310975222699483,112000.0,178144.0
semisupervised.SelfTrainingClassifier -l trees.HoeffdingTree -s DistanceMeasure,SemiSupervisedStream -s generators.RandomTreeGenerator -t 0.95,1,113000.0,1.002425,2.9679420277890234E-8,107429.0,113000.0,67.65840707964603,37.65049116658993,33.37708504238447,23.359547027367114,113000.0,178144.0
semisupervised.SelfTrainingClassifier -l trees.HoeffdingTree -s DistanceMeasure,SemiSupervisedStream -s generators.RandomTreeGenerator -t 0.95,1,114000.0,1.009951,3.0026278940753804E-8,108390.0,114000.0,67.67017543859649,37.67433139678949,33.412827461607954,23.366740133904447,114000.0,178152.0
semisupervised.SelfTrainingClassifier -l trees.HoeffdingTree -s DistanceMeasure,SemiSupervisedStream -s generators.RandomTreeGenerator -t 0.95,1,115000.0,1.01822,3.0407381024625565E-8,109337.0,115000.0,67.67739130434782,37.69013817533654,33.373364402222606,23.352441438469153,115000.0,178152.0
semisupervised.SelfTrainingClassifier -l trees.HoeffdingTree -s DistanceMeasure,SemiSupervisedStream -s generators.RandomTreeGenerator -t 0.95,1,116000.0,1.025931,3.076276597670383E-8,110281.0,116000.0,67.71034482758621,37.756453114940044,33.45532716257752,23.41226025436552,116000.0,178152.0
semisupervised.SelfTrainingClassifier -l trees.HoeffdingTree -s DistanceMeasure,SemiSupervisedStream -s generators.RandomTreeGenerator -t 0.95,1,117000.0,1.035255,3.119251025012798E-8,111220.0,117000.0,67.75555555555556,37.841278309945345,33.56695076424597,23.532511756121295,117000.0,178160.0
semisupervised.SelfTrainingClassifier -l trees.HoeffdingTree -s DistanceMeasure,SemiSupervisedStream -s generators.RandomTreeGenerator -t 0.95,1,118000.0,1.044004,3.1595752704888584E-8,112174.0,118000.0,67.78389830508475,37.89173480862213,33.643456859082896,23.609436540471016,118000.0,178160.0
semisupervised.SelfTrainingClassifier -l trees.HoeffdingTree -s DistanceMeasure,SemiSupervisedStream -s generators.RandomTreeGenerator -t 0.95,1,119000.0,1.052838,3.200293110269639E-8,113136.0,119000.0,67.79327731092437,37.911013012342984,33.680567572244335,23.6305669024609,119000.0,178168.0
semisupervised.SelfTrainingClassifier -l trees.HoeffdingTree -s DistanceMeasure,SemiSupervisedStream -s generators.RandomTreeGenerator -t 0.95,1,120000.0,1.061887,3.2420019321143626E-8,114085.0,120000.0,67.81833333333334,37.95577554258765,33.70983246360891,23.726570678043103,120000.0,178168.0
semisupervised.SelfTrainingClassifier -l trees.HoeffdingTree -s DistanceMeasure,SemiSupervisedStream -s generators.RandomTreeGenerator -t 0.95,1,121000.0,1.071236,3.2850935196297037E-8,115030.0,121000.0,67.83801652892562,37.99797196982846,33.76225490196078,23.75839978057716,121000.0,178168.0
semisupervised.SelfTrainingClassifier -l trees.HoeffdingTree -s DistanceMeasure,SemiSupervisedStream -s generators.RandomTreeGenerator -t 0.95,1,122000.0,1.080316,3.326945227260391E-8,115976.0,122000.0,67.85983606557377,38.039918206187956,33.81216029168496,23.820718060304642,122000.0,178168.0
semisupervised.SelfTrainingClassifier -l trees.HoeffdingTree -s DistanceMeasure,SemiSupervisedStream -s generators.RandomTreeGenerator -t 0.95,1,123000.0,1.089558,3.369543628353212E-8,116916.0,123000.0,67.89349593495935,38.105007097814145,33.853137248333375,23.88597640891218,123000.0,178168.0
semisupervised.SelfTrainingClassifier -l trees.HoeffdingTree -s DistanceMeasure,SemiSupervisedStream -s generators.RandomTreeGenerator -t 0.95,1,124000.0,1.098024,3.408565275578036E-8,117873.0,124000.0,67.9024193548387,38.125072204616735,33.86231077286095,23.904481492811243,124000.0,178168.0
semisupervised.SelfTrainingClassifier -l trees.HoeffdingTree -s DistanceMeasure,SemiSupervisedStream -s generators.RandomTreeGenerator -t 0.95,1,125000.0,1.107179,3.450764569350416E-8,118819.0,125000.0,67.9032,38.13128602233047,33.851581949779884,23.89650790037747,125000.0,178176.0
semisupervised.SelfTrainingClassifier -l trees.HoeffdingTree -s DistanceMeasure,SemiSupervisedStream -s generators.RandomTreeGenerator -t 0.95,1,126000.0,1.117183,3.496877265680168E-8,119768.0,126000.0,67.91507936507936,38.155065482781865,33.890960230245945,23.929324100556986,126000.0,178176.0
semisupervised.SelfTrainingClassifier -l trees.HoeffdingTree -s DistanceMeasure,SemiSupervisedStream -s generators.RandomTreeGenerator -t 0.95,1,127000.0,1.129551,3.553886644749179E-8,120722.0,127000.0,67.9236220472441,38.17082948026318,33.92964302512284,23.961249860006717,127000.0,178176.0
semisupervised.SelfTrainingClassifier -l trees.HoeffdingTree -s DistanceMeasure,SemiSupervisedStream -s generators.RandomTreeGenerator -t 0.95,1,128000.0,1.139919,3.601679317860141E-8,121678.0,128000.0,67.953125,38.225160922311034,33.99414282496058,24.031409734054375,128000.0,178184.0
semisupervised.SelfTrainingClassifier -l trees.HoeffdingTree -s DistanceMeasure,SemiSupervisedStream -s generators.RandomTreeGenerator -t 0.95,1,129000.0,1.149054,3.6437883137000946E-8,122633.0,129000.0,67.96666666666667,38.25207837340346,34.012008559292255,24.045584045584043,129000.0,178184.0
semisupervised.SelfTrainingClassifier -l trees.HoeffdingTree -s DistanceMeasure,SemiSupervisedStream -s generators.RandomTreeGenerator -t 0.95,1,130000.0,1.157829,3.684237841723695E-8,123591.0,130000.0,67.98923076923077,38.29009361380548,34.062207855999745,24.117432530999274,130000.0,178184.0
semisupervised.SelfTrainingClassifier -l trees.HoeffdingTree -s DistanceMeasure,SemiSupervisedStream -s generators.RandomTreeGenerator -t 0.95,1,131000.0,1.166368,3.72359949640102E-8,124544.0,131000.0,68.03206106870229,38.37145970768519,34.16961408472844,24.235626153345137,131000.0,178184.0
semisupervised.SelfTrainingClassifier -l trees.HoeffdingTree -s DistanceMeasure,SemiSupervisedStream -s generators.RandomTreeGenerator -t 0.95,1,132000.0,1.175429,3.765367379412056E-8,125493.0,132000.0,68.05227272727272,38.40919924207735,34.23010340148785,24.272733802614553,132000.0,178184.0
semisupervised.SelfTrainingClassifier -l trees.HoeffdingTree -s DistanceMeasure,SemiSupervisedStream -s generators.RandomTreeGenerator -t 0.95,1,133000.0,1.184883,3.808946848122611E-8,126449.0,133000.0,68.06992481203008,38.43990746294363,34.24736010900196,24.349793358985337,133000.0,178184.0
semisupervised.SelfTrainingClassifier -l trees.HoeffdingTree -s DistanceMeasure,SemiSupervisedStream -s generators.RandomTreeGenerator -t 0.95,1,134000.0,1.194871,3.8549878607607556E-8,127398.0,134000.0,68.06716417910448,38.43514318841596,34.26732414704211,24.365885992045957,134000.0,178184.0
semisupervised.SelfTrainingClassifier -l trees.HoeffdingTree -s DistanceMeasure,SemiSupervisedStream -s generators.RandomTreeGenerator -t 0.95,1,135000.0,1.20576,3.905182152572606E-8,128340.0,135000.0,68.08518518518518,38.468314564327216,34.32865395460849,24.41493280937511,135000.0,178184.0
semisupervised.SelfTrainingClassifier -l trees.HoeffdingTree -s DistanceMeasure,SemiSupervisedStream -s generators.RandomTreeGenerator -t 0.95,1,136000.0,1.214829,3.946986912646228E-8,129290.0,136000.0,68.09044117647059,38.477651459570275,34.357368667846494,24.432332660026464,136000.0,178184.0
semisupervised.SelfTrainingClassifier -l trees.HoeffdingTree -s DistanceMeasure,SemiSupervisedStream -s generators.RandomTreeGenerator -t 0.95,1,137000.0,1.223473,3.986832578769989E-8,130245.0,137000.0,68.11459854014599,38.52415114555066,34.41877223798587,24.500941945073368,137000.0,178184.0
semisupervised.SelfTrainingClassifier -l trees.HoeffdingTree -s DistanceMeasure,SemiSupervisedStream -s generators.RandomTreeGenerator -t 0.95,1,138000.0,1.232237,4.027231400832534E-8,131188.0,138000.0,68.13188405797102,38.55896783099282,34.46487646410157,24.518133292140817,138000.0,178184.0
semisupervised.SelfTrainingClassifier -l trees.HoeffdingTree -s DistanceMeasure,SemiSupervisedStream -s generators.RandomTreeGenerator -t 0.95,1,139000.0,1.24063,4.0660416405234077E-8,132137.0,139000.0,68.1568345323741,38.607686330906944,34.55174555294327,24.580834242093776,139000.0,178744.0
semisupervised.SelfTrainingClassifier -l trees.HoeffdingTree -s DistanceMeasure,SemiSupervisedStream -s generators.RandomTreeGenerator -t 0.95,1,140000.0,1.249591,4.1074783804102084E-8,133086.0,140000.0,68.17285714285714,38.63757932139644,34.58896065766295,24.613406422359834,140000.0,178744.0
semisupervised.SelfTrainingClassifier -l trees.HoeffdingTree -s DistanceMeasure,SemiSupervisedStream -s generators.RandomTreeGenerator -t 0.95,1,141000.0,1.257982,4.146279371860955E-8,134032.0,141000.0,68.18510638297872,38.66025208773745,34.62502550351219,24.657373194491093,141000.0,178744.0
semisupervised.SelfTrainingClassifier -l trees.HoeffdingTree -s DistanceMeasure,SemiSupervisedStream -s generators.RandomTreeGenerator -t 0.95,1,142000.0,1.26586,4.182708189719254E-8,134982.0,142000.0,68.2056338028169,38.696237867196984,34.65618803641469,24.735771680058672,142000.0,178744.0
semisupervised.SelfTrainingClassifier -l trees.HoeffdingTree -s DistanceMeasure,SemiSupervisedStream -s generators.RandomTreeGenerator -t 0.95,1,143000.0,1.272894,4.215234250244168E-8,135947.0,143000.0,68.23636363636363,38.75590955227056,34.712240556545744,24.801748257536886,143000.0,178744.0
semisupervised.SelfTrainingClassifier -l trees.HoeffdingTree -s DistanceMeasure,SemiSupervisedStream -s generators.RandomTreeGenerator -t 0.95,1,144000.0,1.280416,4.250016881359949E-8,136889.0,144000.0,68.24027777777778,38.76691867986876,34.72259887812051,24.81793822228799,144000.0,178744.0
semisupervised.SelfTrainingClassifier -l trees.HoeffdingTree -s DistanceMeasure,SemiSupervisedStream -s generators.RandomTreeGenerator -t 0.95,1,145000.0,1.287514,4.282838885568911E-8,137845.0,145000.0,68.25241379310344,38.78926865305613,34.758145665329735,24.860850403982703,145000.0,178744.0
semisupervised.SelfTrainingClassifier -l trees.HoeffdingTree -s DistanceMeasure,SemiSupervisedStream -s generators.RandomTreeGenerator -t 0.95,1,146000.0,1.295284,4.3187682984603784E-8,138800.0,146000.0,68.26301369863013,38.8100046360232,34.766510396868966,24.885308087603548,146000.0,178744.0
semisupervised.SelfTrainingClassifier -l trees.HoeffdingTree -s DistanceMeasure,SemiSupervisedStream -s generators.RandomTreeGenerator -t 0.95,1,147000.0,1.302622,4.352700091484521E-8,139753.0,147000.0,68.2673469387755,38.82113882576432,34.807764873590195,24.905824398725006,147000.0,178744.0
semisupervised.SelfTrainingClassifier -l trees.HoeffdingTree -s DistanceMeasure,SemiSupervisedStream -s generators.RandomTreeGenerator -t 0.95,1,148000.0,1.309788,4.385842468175624E-8,140705.0,148000.0,68.2722972972973,38.832052623776455,34.81363226209482,24.919254261136523,148000.0,178776.0
semisupervised.SelfTrainingClassifier -l trees.HoeffdingTree -s DistanceMeasure,SemiSupervisedStream -s generators.RandomTreeGenerator -t 0.95,1,149000.0,1.316901,4.4187397226277336E-8,141655.0,149000.0,68.28322147651006,38.853086730125696,34.804861561383426,24.95156423693822,149000.0,178776.0
semisupervised.SelfTrainingClassifier -l trees.HoeffdingTree -s DistanceMeasure,SemiSupervisedStream -s generators.RandomTreeGenerator -t 0.95,1,150000.0,1.324276,4.4528487134310944E-8,142606.0,150000.0,68.27733333333333,38.84429327291132,34.787852209187584,24.909656141015315,150000.0,178776.0
semisupervised.SelfTrainingClassifier -l trees.HoeffdingTree -s DistanceMeasure,SemiSupervisedStream -s generators.RandomTreeGenerator -t 0.95,1,151000.0,1.331517,4.486337961215113E-8,143549.0,151000.0,68.26754966887417,38.82788322364658,34.77710474375553,24.881245394829676,151000.0,178776.0
semisupervised.SelfTrainingClassifier -l trees.HoeffdingTree -s DistanceMeasure,SemiSupervisedStream -s generators.RandomTreeGenerator -t 0.95,1,152000.0,1.34068,4.5287163588735805E-8,144491.0,152000.0,68.26578947368421,38.829856218605386,34.759792252759155,24.86253251709582,152000.0,178776.0
semisupervised.SelfTrainingClassifier -l trees.HoeffdingTree -s DistanceMeasure,SemiSupervisedStream -s generators.RandomTreeGenerator -t 0.95,1,153000.0,1.348018,4.562654226604436E-8,145444.0,153000.0,68.26143790849673,38.82344733991608,34.764502001665825,24.862288791235997,153000.0,178776.0
semisupervised.SelfTrainingClassifier -l trees.HoeffdingTree -s DistanceMeasure,SemiSupervisedStream -s generators.RandomTreeGenerator -t 0.95,1,154000.0,1.355605,4.597743706363772E-8,146386.0,154000.0,68.27857142857144,38.85678327291466,34.794911838118516,24.926618616588048,154000.0,178776.0
semisupervised.SelfTrainingClassifier -l trees.HoeffdingTree -s DistanceMeasure,SemiSupervisedStream -s generators.RandomTreeGenerator -t 0.95,1,155000.0,1.362942,4.6316799860861577E-8,147340.0,155000.0,68.32322580645162,38.9410727048125,34.86554967432113,25.024814085238294,155000.0,178792.0
semisupervised.SelfTrainingClassifier -l trees.HoeffdingTree -s DistanceMeasure,SemiSupervisedStream -s generators.RandomTreeGenerator -t 0.95,1,156000.0,1.370773,4.667901194550926E-8,148277.0,156000.0,68.34615384615384,38.98595434551751,34.91327041704012,25.06373679737769,156000.0,178792.0
semisupervised.SelfTrainingClassifier -l trees.HoeffdingTree -s DistanceMeasure,SemiSupervisedStream -s generators.RandomTreeGenerator -t 0.95,1,157000.0,1.37819,4.702207503219447E-8,149218.0,157000.0,68.35222929936306,38.998403621692,34.92547869135867,25.06183638996138,157000.0,178792.0
semisupervised.SelfTrainingClassifier -l trees.HoeffdingTree -s DistanceMeasure,SemiSupervisedStream -s generators.RandomTreeGenerator -t 0.95,1,158000.0,1.386059,4.738604475433629E-8,150160.0,158000.0,68.35063291139241,38.99888640155338,34.926150042292925,25.061067901512086,158000.0,178792.0
semisupervised.SelfTrainingClassifier -l trees.HoeffdingTree -s DistanceMeasure,SemiSupervisedStream -s generators.RandomTreeGenerator -t 0.95,1,159000.0,1.39326,4.7719117059475854E-8,151111.0,159000.0,68.37044025157233,39.03749697542078,34.98590893812861,25.11651454012121,159000.0,178792.0
semisupervised.SelfTrainingClassifier -l trees.HoeffdingTree -s DistanceMeasure,SemiSupervisedStream -s generators.RandomTreeGenerator -t 0.95,1,160000.0,1.400814,4.806851689186362E-8,152063.0,160000.0,68.37625,39.05316474284321,35.02247335302429,25.104354776636388,160000.0,178792.0
semisupervised.SelfTrainingClassifier -l trees.HoeffdingTree -s DistanceMeasure,SemiSupervisedStream -s generators.RandomTreeGenerator -t 0.95,1,161000.0,1.410911,4.8544671581023276E-8,153013.0,161000.0,68.38819875776397,39.07706568249758,35.05805793033048,25.129087779690195,161000.0,182288.0
semisupervised.SelfTrainingClassifier -l trees.HoeffdingTree -s DistanceMeasure,SemiSupervisedStream -s generators.RandomTreeGenerator -t 0.95,1,162000.0,1.419049,4.893718490997951E-8,153960.0,162000.0,68.37654320987654,39.061796304059015,35.04830489134568,25.078241539676505,162000.0,186440.0
semisupervised.SelfTrainingClassifier -l trees.HoeffdingTree -s DistanceMeasure,SemiSupervisedStream -s generators.RandomTreeGenerator -t 0.95,1,163000.0,1.42803,4.937139883016547E-8,154904.0,163000.0,68.38282208588957,39.07555829755107,35.062938648992606,25.0886679458108,163000.0,186888.0
semisupervised.SelfTrainingClassifier -l trees.HoeffdingTree -s DistanceMeasure,SemiSupervisedStream -s generators.RandomTreeGenerator -t 0.95,1,164000.0,1.435463,4.9730831488139105E-8,155860.0,164000.0,68.38414634146342,39.07795993307433,35.060055358641335,25.114458614364725,164000.0,186920.0
semisupervised.SelfTrainingClassifier -l trees.HoeffdingTree -s DistanceMeasure,SemiSupervisedStream -s generators.RandomTreeGenerator -t 0.95,1,165000.0,1.444058,5.014645421049662E-8,156807.0,165000.0,68.39333333333333,39.097696485125155,35.06368990549239,25.145686809243557,165000.0,186920.0
semisupervised.SelfTrainingClassifier -l trees.HoeffdingTree -s DistanceMeasure,SemiSupervisedStream -s generators.RandomTreeGenerator -t 0.95,1,166000.0,1.45291,5.0582620338019405E-8,157761.0,166000.0,68.40963855421687,39.13146243908623,35.11828169850539,25.176571306270958,166000.0,190464.0
semisupervised.SelfTrainingClassifier -l trees.HoeffdingTree -s DistanceMeasure,SemiSupervisedStream -s generators.RandomTreeGenerator -t 0.95,1,167000.0,1.460803,5.097261162888673E-8,158711.0,167000.0,68.42814371257485,39.16635170558237,35.15398238795691,25.23185569641794,167000.0,190992.0
semisupervised.SelfTrainingClassifier -l trees.HoeffdingTree -s DistanceMeasure,SemiSupervisedStream -s generators.RandomTreeGenerator -t 0.95,1,168000.0,1.473441,5.1643217034224016E-8,159646.0,168000.0,68.4422619047619,39.19550551294504,35.17753215630655,25.24709896648478,168000.0,205112.0
semisupervised.SelfTrainingClassifier -l trees.HoeffdingTree -s DistanceMeasure,SemiSupervisedStream -s generators.RandomTreeGenerator -t 0.95,1,169000.0,1.48129,5.205970554716058E-8,160609.0,169000.0,68.44437869822485,39.199143780264286,35.16625129171479,25.270798593108466,169000.0,205112.0
semisupervised.SelfTrainingClassifier -l trees.HoeffdingTree -s DistanceMeasure,SemiSupervisedStream -s generators.RandomTreeGenerator -t 0.95,1,170000.0,1.489877,5.25246844192346E-8,161555.0,170000.0,68.45647058823529,39.22357119357943,35.19288407618679,25.322043811884637,170000.0,209312.0
semisupervised.SelfTrainingClassifier -l trees.HoeffdingTree -s DistanceMeasure,SemiSupervisedStream -s generators.RandomTreeGenerator -t 0.95,1,171000.0,1.497761,5.2951596428950634E-8,162498.0,171000.0,68.4578947368421,39.2303725209322,35.191348753379394,25.298117806739327,171000.0,209312.0
semisupervised.SelfTrainingClassifier -l trees.HoeffdingTree -s DistanceMeasure,SemiSupervisedStream -s generators.RandomTreeGenerator -t 0.95,1,172000.0,1.506501,5.342764572964775E-8,163440.0,172000.0,68.47383720930232,39.26174779076989,35.208861061989204,25.324317624700477,172000.0,210544.0
semisupervised.SelfTrainingClassifier -l trees.HoeffdingTree -s DistanceMeasure,SemiSupervisedStream -s generators.RandomTreeGenerator -t 0.95,1,173000.0,1.515305,5.39072174164984E-8,164400.0,173000.0,68.4878612716763,39.29012368222718,35.2472354527206,25.343047300813442,173000.0,210560.0
semisupervised.SelfTrainingClassifier -l trees.HoeffdingTree -s DistanceMeasure,SemiSupervisedStream -s generators.RandomTreeGenerator -t 0.95,1,174000.0,1.524033,5.4382685356669964E-8,165364.0,174000.0,68.49712643678161,39.30850747768394,35.28029659015773,25.3679524010511,174000.0,210576.0
semisupervised.SelfTrainingClassifier -l trees.HoeffdingTree -s DistanceMeasure,SemiSupervisedStream -s generators.RandomTreeGenerator -t 0.95,1,175000.0,1.531771,5.4805390963123913E-8,166327.0,175000.0,68.508,39.32750047101526,35.305097081680096,25.40874884954795,175000.0,211160.0
semisupervised.SelfTrainingClassifier -l trees.HoeffdingTree -s DistanceMeasure,SemiSupervisedStream -s generators.RandomTreeGenerator -t 0.95,1,176000.0,1.540928,5.530549891913932E-8,167267.0,176000.0,68.52727272727273,39.3666347282169,35.339574627039894,25.46724256246719,176000.0,211112.0
semisupervised.SelfTrainingClassifier -l trees.HoeffdingTree -s DistanceMeasure,SemiSupervisedStream -s generators.RandomTreeGenerator -t 0.95,1,177000.0,1.550411,5.584097664182386E-8,168226.0,177000.0,68.54293785310735,39.395917843864495,35.36895378936493,25.517029189073497,177000.0,218272.0
semisupervised.SelfTrainingClassifier -l trees.HoeffdingTree -s DistanceMeasure,SemiSupervisedStream -s generators.RandomTreeGenerator -t 0.95,1,178000.0,1.559711,5.637714960301917E-8,169166.0,178000.0,68.55280898876404,39.41697160394302,35.38795392109335,25.53808497618858,178000.0,222856.0
semisupervised.SelfTrainingClassifier -l trees.HoeffdingTree -s DistanceMeasure,SemiSupervisedStream -s generators.RandomTreeGenerator -t 0.95,1,179000.0,1.567922,5.6851694000264016E-8,170123.0,179000.0,68.5709497206704,39.45285171204308,35.43137187388815,25.5748114830004,179000.0,223400.0
semisupervised.SelfTrainingClassifier -l trees.HoeffdingTree -s DistanceMeasure,SemiSupervisedStream -s generators.RandomTreeGenerator -t 0.95,1,180000.0,1.577016,5.738568325423533E-8,171072.0,180000.0,68.58111111111111,39.47555682359298,35.45537548504908,25.599568494862723,180000.0,226976.0
semisupervised.SelfTrainingClassifier -l trees.HoeffdingTree -s DistanceMeasure,SemiSupervisedStream -s generators.RandomTreeGenerator -t 0.95,1,181000.0,1.585453,5.788322449558312E-8,172025.0,181000.0,68.6011049723757,39.51500363177212,35.52149396988916,25.6602440842915,181000.0,227952.0
semisupervised.SelfTrainingClassifier -l trees.HoeffdingTree -s DistanceMeasure,SemiSupervisedStream -s generators.RandomTreeGenerator -t 0.95,1,182000.0,1.59471,5.842916055685945E-8,172959.0,182000.0,68.61373626373627,39.539181503929555,35.55109270813355,25.68979198917668,182000.0,227968.0
semisupervised.SelfTrainingClassifier -l trees.HoeffdingTree -s DistanceMeasure,SemiSupervisedStream -s generators.RandomTreeGenerator -t 0.95,1,183000.0,1.603797,5.8965183624790786E-8,173916.0,183000.0,68.63169398907104,39.5757077668125,35.60170071461427,25.713694127390852,183000.0,228016.0
semisupervised.SelfTrainingClassifier -l trees.HoeffdingTree -s DistanceMeasure,SemiSupervisedStream -s generators.RandomTreeGenerator -t 0.95,1,184000.0,1.612403,5.9472869133783726E-8,174875.0,184000.0,68.64673913043478,39.606484598132,35.62748970642387,25.74429470595051,184000.0,228032.0
semisupervised.SelfTrainingClassifier -l trees.HoeffdingTree -s DistanceMeasure,SemiSupervisedStream -s generators.RandomTreeGenerator -t 0.95,1,185000.0,1.620467,5.994981596453323E-8,175837.0,185000.0,68.65135135135135,39.61955037295345,35.64263044587967,25.737883347205326,185000.0,228624.0
semisupervised.SelfTrainingClassifier -l trees.HoeffdingTree -s DistanceMeasure,SemiSupervisedStream -s generators.RandomTreeGenerator -t 0.95,1,186000.0,1.628649,6.043382659554483E-8,176792.0,186000.0,68.65537634408602,39.63165864035055,35.63803362661867,25.721747993374944,186000.0,228664.0
semisupervised.SelfTrainingClassifier -l trees.HoeffdingTree -s DistanceMeasure,SemiSupervisedStream -s generators.RandomTreeGenerator -t 0.95,1,187000.0,1.636973,6.092627176807988E-8,177741.0,187000.0,68.67486631016043,39.66857085287511,35.65685413005273,25.75853590530025,187000.0,228680.0
semisupervised.SelfTrainingClassifier -l trees.HoeffdingTree -s DistanceMeasure,SemiSupervisedStream -s generators.RandomTreeGenerator -t 0.95,1,188000.0,1.645571,6.143494448728034E-8,178680.0,188000.0,68.68244680851063,39.68323403524683,35.678155896651546,25.778433300557175,188000.0,228688.0
semisupervised.SelfTrainingClassifier -l trees.HoeffdingTree -s DistanceMeasure,SemiSupervisedStream -s generators.RandomTreeGenerator -t 0.95,1,189000.0,1.653743,6.191846503979631E-8,179636.0,189000.0,68.69841269841271,39.713249533249126,35.69844789356985,25.821902349725423,189000.0,228712.0
semisupervised.SelfTrainingClassifier -l trees.HoeffdingTree -s DistanceMeasure,SemiSupervisedStream -s generators.RandomTreeGenerator -t 0.95,1,190000.0,1.662207,6.242064649032223E-8,180587.0,190000.0,68.71052631578948,39.73909372291715,35.71791572505217,25.83860384466651,190000.0,229344.0
semisupervised.SelfTrainingClassifier -l trees.HoeffdingTree -s DistanceMeasure,SemiSupervisedStream -s generators.RandomTreeGenerator -t 0.95,1,191000.0,1.670438,6.290900371140904E-8,181535.0,191000.0,68.71832460732983,39.75649035180613,35.73894619099346,25.84704743465632,191000.0,229344.0
semisupervised.SelfTrainingClassifier -l trees.HoeffdingTree -s DistanceMeasure,SemiSupervisedStream -s generators.RandomTreeGenerator -t 0.95,1,192000.0,1.679367,6.343886668690377E-8,182486.0,192000.0,68.73333333333333,39.787373460425954,35.76304920067627,25.859875757987428,192000.0,229384.0
semisupervised.SelfTrainingClassifier -l trees.HoeffdingTree -s DistanceMeasure,SemiSupervisedStream -s generators.RandomTreeGenerator -t 0.95,1,193000.0,1.687764,6.393715982221895E-8,183425.0,193000.0,68.74352331606217,39.808395361754975,35.795097757484804,25.891573813589503,193000.0,229384.0
semisupervised.SelfTrainingClassifier -l trees.HoeffdingTree -s DistanceMeasure,SemiSupervisedStream -s generators.RandomTreeGenerator -t 0.95,1,194000.0,1.695987,6.442512748349045E-8,184376.0,194000.0,68.76185567010309,39.84746852104525,35.80636618823155,25.911708253358917,194000.0,229384.0
semisupervised.SelfTrainingClassifier -l trees.HoeffdingTree -s DistanceMeasure,SemiSupervisedStream -s generators.RandomTreeGenerator -t 0.95,1,195000.0,1.704271,6.491671499485771E-8,185323.0,195000.0,68.76923076923077,39.86096748995567,35.82515780267027,25.938537498935904,195000.0,229384.0
semisupervised.SelfTrainingClassifier -l trees.HoeffdingTree -s DistanceMeasure,SemiSupervisedStream -s generators.RandomTreeGenerator -t 0.95,1,196000.0,1.7133,6.545256821024749E-8,186273.0,196000.0,68.77806122448979,39.87919844660996,35.83748361730014,25.94094154665376,196000.0,229408.0
semisupervised.SelfTrainingClassifier -l trees.HoeffdingTree -s DistanceMeasure,SemiSupervisedStream -s generators.RandomTreeGenerator -t 0.95,1,197000.0,1.721285,6.592646209937003E-8,187219.0,197000.0,68.7989847715736,39.918963085109645,35.900805072373075,26.00163729172686,197000.0,229408.0
semisupervised.SelfTrainingClassifier -l trees.HoeffdingTree -s DistanceMeasure,SemiSupervisedStream -s generators.RandomTreeGenerator -t 0.95,1,198000.0,1.729511,6.641467588436272E-8,188169.0,198000.0,68.8080808080808,39.937039896792065,35.935603663786395,26.03592814371257,198000.0,229416.0
semisupervised.SelfTrainingClassifier -l trees.HoeffdingTree -s DistanceMeasure,SemiSupervisedStream -s generators.RandomTreeGenerator -t 0.95,1,199000.0,1.7374,6.688288869129287E-8,189123.0,199000.0,68.81859296482412,39.96119044436989,35.965201956615964,26.046123592157812,199000.0,229416.0
semisupervised.SelfTrainingClassifier -l trees.HoeffdingTree -s DistanceMeasure,SemiSupervisedStream -s generators.RandomTreeGenerator -t 0.95,1,200000.0,1.746159,6.740273607066937E-8,190067.0,200000.0,68.845,40.010461568963954,36.00041084634347,26.11871279850127,200000.0,229416.0
semisupervised.SelfTrainingClassifier -l trees.HoeffdingTree -s DistanceMeasure,SemiSupervisedStream -s generators.RandomTreeGenerator -t 0.95,1,201000.0,1.754885,6.79206248972979E-8,191018.0,201000.0,68.87462686567164,40.066771876523255,36.057481015116366,26.16833459214501,201000.0,229416.0
semisupervised.SelfTrainingClassifier -l trees.HoeffdingTree -s DistanceMeasure,SemiSupervisedStream -s generators.RandomTreeGenerator -t 0.95,1,202000.0,1.76306,6.840581182804374E-8,191962.0,202000.0,68.88316831683167,40.08109931093818,36.06087115740645,26.203698268271193,202000.0,229416.0
semisupervised.SelfTrainingClassifier -l trees.HoeffdingTree -s DistanceMeasure,SemiSupervisedStream -s generators.RandomTreeGenerator -t 0.95,1,203000.0,1.771357,6.889823946894872E-8,192910.0,203000.0,68.90394088669952,40.11962339778992,36.105066045852524,26.26790010979513,203000.0,229416.0
semisupervised.SelfTrainingClassifier -l trees.HoeffdingTree -s DistanceMeasure,SemiSupervisedStream -s generators.RandomTreeGenerator -t 0.95,1,204000.0,1.780226,6.942468877881766E-8,193862.0,204000.0,68.90490196078431,40.125742619856716,36.11754516707285,26.2481106848041,204000.0,229448.0
semisupervised.SelfTrainingClassifier -l trees.HoeffdingTree -s DistanceMeasure,SemiSupervisedStream -s generators.RandomTreeGenerator -t 0.95,1,205000.0,1.788274,6.990240487373538E-8,194819.0,205000.0,68.9190243902439,40.15505282800251,36.147355340428504,26.281932617549046,205000.0,229448.0
semisupervised.SelfTrainingClassifier -l trees.HoeffdingTree -s DistanceMeasure,SemiSupervisedStream -s generators.RandomTreeGenerator -t 0.95,1,206000.0,1.796217,7.03739376573099E-8,195771.0,206000.0,68.92621359223301,40.16996296204811,36.14954165960121,26.30185247015208,206000.0,229472.0
semisupervised.SelfTrainingClassifier -l trees.HoeffdingTree -s DistanceMeasure,SemiSupervisedStream -s generators.RandomTreeGenerator -t 0.95,1,207000.0,1.804261,7.085148291041454E-8,196726.0,207000.0,68.92463768115942,40.17114053221212,36.15538837167754,26.277305338437202,207000.0,229480.0
semisupervised.SelfTrainingClassifier -l trees.HoeffdingTree -s DistanceMeasure,SemiSupervisedStream -s generators.RandomTreeGenerator -t 0.95,1,208000.0,1.812503,7.134079981595278E-8,197670.0,208000.0,68.94038461538462,40.20391225465303,36.1923198482933,26.302460615324964,208000.0,229488.0
semisupervised.SelfTrainingClassifier -l trees.HoeffdingTree -s DistanceMeasure,SemiSupervisedStream -s generators.RandomTreeGenerator -t 0.95,1,209000.0,1.820612,7.182222068309784E-8,198627.0,209000.0,68.95263157894736,40.22681431283641,36.23016068006486,26.335327573875823,209000.0,229488.0
semisupervised.SelfTrainingClassifier -l trees.HoeffdingTree -s DistanceMeasure,SemiSupervisedStream -s generators.RandomTreeGenerator -t 0.95,1,210000.0,1.828668,7.230051168137127E-8,199582.0,210000.0,68.96952380952382,40.257480848529596,36.26805676450166,26.39331300124253,210000.0,229496.0
semisupervised.SelfTrainingClassifier -l trees.HoeffdingTree -s DistanceMeasure,SemiSupervisedStream -s generators.RandomTreeGenerator -t 0.95,1,211000.0,1.84009,7.297864472286569E-8,200530.0,211000.0,68.9739336492891,40.26582663306574,36.277802112230496,26.407437384774486,211000.0,229496.0
semisupervised.SelfTrainingClassifier -l trees.HoeffdingTree -s DistanceMeasure,SemiSupervisedStream -s generators.RandomTreeGenerator -t 0.95,1,212000.0,1.848314,7.346691001206636E-8,201475.0,212000.0,68.98254716981133,40.28286202623691,36.3066640836885,26.431496274417675,212000.0,229496.0
semisupervised.SelfTrainingClassifier -l trees.HoeffdingTree -s DistanceMeasure,SemiSupervisedStream -s generators.RandomTreeGenerator -t 0.95,1,213000.0,1.856624,7.396028118828932E-8,202430.0,213000.0,68.98779342723005,40.29473276375345,36.32542895700791,26.440979955456566,213000.0,229496.0
semisupervised.SelfTrainingClassifier -l trees.HoeffdingTree -s DistanceMeasure,SemiSupervisedStream -s generators.RandomTreeGenerator -t 0.95,1,214000.0,1.864886,7.445081966618697E-8,203370.0,214000.0,69.00280373831775,40.32029923496866,36.35439054344488,26.49809414059037,214000.0,229504.0
semisupervised.SelfTrainingClassifier -l trees.HoeffdingTree -s DistanceMeasure,SemiSupervisedStream -s generators.RandomTreeGenerator -t 0.95,1,215000.0,1.872997,7.493239284389549E-8,204340.0,215000.0,69.0293023255814,40.36736519347033,36.41667621557619,26.580589675171467,215000.0,229504.0
semisupervised.SelfTrainingClassifier -l trees.HoeffdingTree -s DistanceMeasure,SemiSupervisedStream -s generators.RandomTreeGenerator -t 0.95,1,216000.0,1.881699,7.544907338503335E-8,205280.0,216000.0,69.02685185185186,40.36675611177037,36.40494296577948,26.560407473270548,216000.0,229512.0
semisupervised.SelfTrainingClassifier -l trees.HoeffdingTree -s DistanceMeasure,SemiSupervisedStream -s generators.RandomTreeGenerator -t 0.95,1,217000.0,1.889741,7.592656647993459E-8,206239.0,217000.0,69.03502304147466,40.38262740079332,36.41508005602028,26.57998251748251,217000.0,229512.0
semisupervised.SelfTrainingClassifier -l trees.HoeffdingTree -s DistanceMeasure,SemiSupervisedStream -s generators.RandomTreeGenerator -t 0.95,1,218000.0,1.897987,7.641617205821806E-8,207180.0,218000.0,69.03899082568807,40.388940682044954,36.438203940181566,26.601563774372806,218000.0,229512.0
semisupervised.SelfTrainingClassifier -l trees.HoeffdingTree -s DistanceMeasure,SemiSupervisedStream -s generators.RandomTreeGenerator -t 0.95,1,219000.0,1.906257,7.690846919185586E-8,208123.0,219000.0,69.05388127853881,40.41645670020541,36.47288202320915,26.635417907054777,219000.0,230104.0
semisupervised.SelfTrainingClassifier -l trees.HoeffdingTree -s DistanceMeasure,SemiSupervisedStream -s generators.RandomTreeGenerator -t 0.95,1,220000.0,1.915114,7.743570930221015E-8,209068.0,220000.0,69.05772727272728,40.42424105101396,36.484254723582936,26.636778066365626,220000.0,230104.0
semisupervised.SelfTrainingClassifier -l trees.HoeffdingTree -s DistanceMeasure,SemiSupervisedStream -s generators.RandomTreeGenerator -t 0.95,1,221000.0,1.924595,7.800009492784739E-8,210017.0,221000.0,69.0579185520362,40.427929153609895,36.498119515252824,26.63190421011975,221000.0,230104.0
semisupervised.SelfTrainingClassifier -l trees.HoeffdingTree -s DistanceMeasure,SemiSupervisedStream -s generators.RandomTreeGenerator -t 0.95,1,222000.0,1.933398,7.852412052245604E-8,210964.0,222000.0,69.08018018018018,40.46812969243232,36.54189277889229,26.698987655375696,222000.0,230104.0
semisupervised.SelfTrainingClassifier -l trees.HoeffdingTree -s DistanceMeasure,SemiSupervisedStream -s generators.RandomTreeGenerator -t 0.95,1,223000.0,1.942071,7.904040746804741E-8,211920.0,223000.0,69.08565022421524,40.47966678922199,36.561732200863155,26.709758353443952,223000.0,230104.0
semisupervised.SelfTrainingClassifier -l trees.HoeffdingTree -s DistanceMeasure,SemiSupervisedStream -s generators.RandomTreeGenerator -t 0.95,1,224000.0,1.950751,7.955711111012432E-8,212878.0,224000.0,69.109375,40.523545583599805,36.62591015249347,26.777002931247935,224000.0,230104.0
semisupervised.SelfTrainingClassifier -l trees.HoeffdingTree -s DistanceMeasure,SemiSupervisedStream -s generators.RandomTreeGenerator -t 0.95,1,225000.0,1.958865,8.004012186494139E-8,213829.0,225000.0,69.116,40.53802439379003,36.645605973578405,26.79820495533456,225000.0,230104.0
semisupervised.SelfTrainingClassifier -l trees.HoeffdingTree -s DistanceMeasure,SemiSupervisedStream -s generators.RandomTreeGenerator -t 0.95,1,226000.0,1.967274,8.054069340022074E-8,214784.0,226000.0,69.13362831858407,40.5700616822592,36.682641687543125,26.85923984272609,226000.0,230104.0
semisupervised.SelfTrainingClassifier -l trees.HoeffdingTree -s DistanceMeasure,SemiSupervisedStream -s generators.RandomTreeGenerator -t 0.95,1,227000.0,1.975698,8.104215785654055E-8,215720.0,227000.0,69.15022026431718,40.599584470201364,36.71411142740952,26.916092673763316,227000.0,230104.0
semisupervised.SelfTrainingClassifier -l trees.HoeffdingTree -s DistanceMeasure,SemiSupervisedStream -s generators.RandomTreeGenerator -t 0.95,1,228000.0,1.984023,8.153772903399336E-8,216666.0,228000.0,69.16184210526316,40.61947902446634,36.745085691152006,26.95340501792115,228000.0,230104.0
semisupervised.SelfTrainingClassifier -l trees.HoeffdingTree -s DistanceMeasure,SemiSupervisedStream -s generators.RandomTreeGenerator -t 0.95,1,229000.0,1.992291,8.202990711149243E-8,217615.0,229000.0,69.16855895196507,40.63063762455103,36.76649709823028,26.98429113622966,229000.0,230104.0
semisupervised.SelfTrainingClassifier -l trees.HoeffdingTree -s DistanceMeasure,SemiSupervisedStream -s generators.RandomTreeGenerator -t 0.95,1,230000.0,2.000572,8.252285905389322E-8,218559.0,230000.0,69.18043478260869,40.65262404753571,36.78488937244164,27.012973640856654,230000.0,230104.0
semisupervised.SelfTrainingClassifier -l trees.HoeffdingTree -s DistanceMeasure,SemiSupervisedStream -s generators.RandomTreeGenerator -t 0.95,1,231000.0,2.009865,8.307605340249009E-8,219508.0,231000.0,69.19307359307359,40.6781487301818,36.80490187372348,27.052431961457646,231000.0,230104.0
semisupervised.SelfTrainingClassifier -l trees.HoeffdingTree -s DistanceMeasure,SemiSupervisedStream -s generators.RandomTreeGenerator -t 0.95,1,232000.0,2.018931,8.361573487934139E-8,220466.0,232000.0,69.20172413793104,40.69683789531118,36.81790448231039,27.054812001674257,232000.0,230104.0
semisupervised.SelfTrainingClassifier -l trees.HoeffdingTree -s DistanceMeasure,SemiSupervisedStream -s generators.RandomTreeGenerator -t 0.95,1,233000.0,2.028032,8.415749983862043E-8,221410.0,233000.0,69.19957081545064,40.69525631196381,36.81379152469248,27.041397259159854,233000.0,230104.0
semisupervised.SelfTrainingClassifier -l trees.HoeffdingTree -s DistanceMeasure,SemiSupervisedStream -s generators.RandomTreeGenerator -t 0.95,1,234000.0,2.037481,8.471131738896172E-8,222354.0,234000.0,69.2076923076923,40.7127974526655,36.82853911503493,27.047960392430813,234000.0,226560.0
semisupervised.SelfTrainingClassifier -l trees.HoeffdingTree -s DistanceMeasure,SemiSupervisedStream -s generators.RandomTreeGenerator -t 0.95,1,235000.0,2.048828,8.53973735931019E-8,223303.0,235000.0,69.21191489361702,40.72249698325899,36.82041251157024,27.04686617730097,235000.0,233712.0
semisupervised.SelfTrainingClassifier -l trees.HoeffdingTree -s DistanceMeasure,SemiSupervisedStream -s generators.RandomTreeGenerator -t 0.95,1,236000.0,2.062037,8.622230763857564E-8,224247.0,236000.0,69.22033898305085,40.742037276503815,36.83423334115949,27.056555269922868,236000.0,241408.0
semisupervised.SelfTrainingClassifier -l trees.HoeffdingTree -s DistanceMeasure,SemiSupervisedStream -s generators.RandomTreeGenerator -t 0.95,1,237000.0,2.071788,8.683136193081737E-8,225201.0,237000.0,69.24008438818565,40.78023109049692,36.88170460350306,27.115763374423878,237000.0,241440.0
semisupervised.SelfTrainingClassifier -l trees.HoeffdingTree -s DistanceMeasure,SemiSupervisedStream -s generators.RandomTreeGenerator -t 0.95,1,238000.0,2.080368,8.736727474257351E-8,226163.0,238000.0,69.240756302521,40.78644583318069,36.88344383422281,27.099909381503878,238000.0,241440.0
semisupervised.SelfTrainingClassifier -l trees.HoeffdingTree -s DistanceMeasure,SemiSupervisedStream -s generators.RandomTreeGenerator -t 0.95,1,239000.0,2.090165,8.798834667023687E-8,227108.0,239000.0,69.24769874476986,40.80256428730075,36.898046791156894,27.10339697495659,239000.0,245048.0
semisupervised.SelfTrainingClassifier -l trees.HoeffdingTree -s DistanceMeasure,SemiSupervisedStream -s generators.RandomTreeGenerator -t 0.95,1,240000.0,2.099736,8.859776563942434E-8,228055.0,240000.0,69.25625,40.82140496254975,36.923497781615175,27.12376663012237,240000.0,246128.0
semisupervised.SelfTrainingClassifier -l trees.HoeffdingTree -s DistanceMeasure,SemiSupervisedStream -s generators.RandomTreeGenerator -t 0.95,1,241000.0,2.109052,8.919104427099229E-8,228999.0,241000.0,69.26224066390041,40.835073729944625,36.94416070820564,27.13448221592696,241000.0,246168.0
semisupervised.SelfTrainingClassifier -l trees.HoeffdingTree -s DistanceMeasure,SemiSupervisedStream -s generators.RandomTreeGenerator -t 0.95,1,242000.0,2.118848,8.98149316923486E-8,229943.0,242000.0,69.25702479338844,40.82839058594085,36.91609785051088,27.123658020531316,242000.0,246184.0
semisupervised.SelfTrainingClassifier -l trees.HoeffdingTree -s DistanceMeasure,SemiSupervisedStream -s generators.RandomTreeGenerator -t 0.95,1,243000.0,2.128587,9.043518889902368E-8,230888.0,243000.0,69.26255144032922,40.84156462807082,36.92726013747446,27.136864696127212,243000.0,246184.0
semisupervised.SelfTrainingClassifier -l trees.HoeffdingTree -s DistanceMeasure,SemiSupervisedStream -s generators.RandomTreeGenerator -t 0.95,1,244000.0,2.137598,9.100909990775918E-8,231845.0,244000.0,69.26516393442623,40.85016389502473,36.927670311185885,27.129711503891635,244000.0,246192.0
semisupervised.SelfTrainingClassifier -l trees.HoeffdingTree -s DistanceMeasure,SemiSupervisedStream -s generators.RandomTreeGenerator -t 0.95,1,245000.0,2.14676,9.159266603696679E-8,232796.0,245000.0,69.27020408163266,40.862793757018586,36.94261114275186,27.138294783702715,245000.0,246208.0
semisupervised.SelfTrainingClassifier -l trees.HoeffdingTree -s DistanceMeasure,SemiSupervisedStream -s generators.RandomTreeGenerator -t 0.95,1,246000.0,2.15587,9.2172920068519E-8,233753.0,246000.0,69.28373983739837,40.88895738036343,36.97178986704035,27.187403638606234,246000.0,246208.0
semisupervised.SelfTrainingClassifier -l trees.HoeffdingTree -s DistanceMeasure,SemiSupervisedStream -s generators.RandomTreeGenerator -t 0.95,1,247000.0,2.165514,9.278718679522477E-8,234713.0,247000.0,69.29919028340082,40.91892794093972,37.003314696817405,27.226226235832673,247000.0,246208.0
semisupervised.SelfTrainingClassifier -l trees.HoeffdingTree -s DistanceMeasure,SemiSupervisedStream -s generators.RandomTreeGenerator -t 0.95,1,248000.0,2.175095,9.339744078823264E-8,235657.0,248000.0,69.28548387096775,40.898772909631234,36.97188342959274,27.17364284758208,248000.0,246208.0
semisupervised.SelfTrainingClassifier -l trees.HoeffdingTree -s DistanceMeasure,SemiSupervisedStream -s generators.RandomTreeGenerator -t 0.95,1,249000.0,2.18451,9.39971215464175E-8,236608.0,249000.0,69.2855421686747,40.902594826910125,36.97080081424768,27.163550823325494,249000.0,246208.0
semisupervised.SelfTrainingClassifier -l trees.HoeffdingTree -s DistanceMeasure,SemiSupervisedStream -s generators.RandomTreeGenerator -t 0.95,1,250000.0,2.193859,9.458304020886622E-8,237561.0,250000.0,69.292,40.91639265141078,36.98337779601887,27.205317605560342,250000.0,242256.0
semisupervised.SelfTrainingClassifier -l trees.HoeffdingTree -s DistanceMeasure,SemiSupervisedStream -s generators.RandomTreeGenerator -t 0.95,1,251000.0,2.204258,9.524455669439504E-8,238517.0,251000.0,69.302390438247,40.93682724819399,37.01432997359622,27.24585953581477,251000.0,245896.0
semisupervised.SelfTrainingClassifier -l trees.HoeffdingTree -s DistanceMeasure,SemiSupervisedStream -s generators.RandomTreeGenerator -t 0.95,1,252000.0,2.213612,9.583969389812816E-8,239458.0,252000.0,69.2904761904762,40.91848648745489,36.99584791988928,27.21698157570513,252000.0,245936.0
semisupervised.SelfTrainingClassifier -l trees.HoeffdingTree -s DistanceMeasure,SemiSupervisedStream -s generators.RandomTreeGenerator -t 0.95,1,253000.0,2.222622,9.64129818023907E-8,240405.0,253000.0,69.29130434782608,40.92201321876634,37.00754842423604,27.219672131147544,253000.0,245952.0
semisupervised.SelfTrainingClassifier -l trees.HoeffdingTree -s DistanceMeasure,SemiSupervisedStream -s generators.RandomTreeGenerator -t 0.95,1,254000.0,2.231736,9.69939433079627E-8,241348.0,254000.0,69.29212598425197,40.92648136397312,37.012541286107684,27.20943688523061,254000.0,246400.0
semisupervised.SelfTrainingClassifier -l trees.HoeffdingTree -s DistanceMeasure,SemiSupervisedStream -s generators.RandomTreeGenerator -t 0.95,1,255000.0,2.241282,9.760246191587715E-8,242298.0,255000.0,69.29725490196078,40.93756017770065,37.02786178495592,27.22980258021341,255000.0,246408.0
semisupervised.SelfTrainingClassifier -l trees.HoeffdingTree -s DistanceMeasure,SemiSupervisedStream -s generators.RandomTreeGenerator -t 0.95,1,256000.0,2.251458,9.825116151736844E-8,243255.0,256000.0,69.305078125,40.95487894652184,37.05471935403765,27.24099297215714,256000.0,246416.0
semisupervised.SelfTrainingClassifier -l trees.HoeffdingTree -s DistanceMeasure,SemiSupervisedStream -s generators.RandomTreeGenerator -t 0.95,1,257000.0,2.261963,9.892083420935606E-8,244214.0,257000.0,69.30856031128405,40.96308653395531,37.055007142230146,27.245978453364827,257000.0,246416.0
semisupervised.SelfTrainingClassifier -l trees.HoeffdingTree -s DistanceMeasure,SemiSupervisedStream -s generators.RandomTreeGenerator -t 0.95,1,258000.0,2.27315,9.963400618690585E-8,245147.0,258000.0,69.31472868217054,40.975249150993925,37.07486507753572,27.272727272727277,258000.0,246424.0
semisupervised.SelfTrainingClassifier -l trees.HoeffdingTree -s DistanceMeasure,SemiSupervisedStream -s generators.RandomTreeGenerator -t 0.95,1,259000.0,2.286097,1.0047146290747658E-7,246094.0,259000.0,69.32857142857142,41.00279330252724,37.09346615880457,27.30159601727799,259000.0,250032.0
semisupervised.SelfTrainingClassifier -l trees.HoeffdingTree -s DistanceMeasure,SemiSupervisedStream -s generators.RandomTreeGenerator -t 0.95,1,260000.0,2.297457,1.012062904921671E-7,247052.0,260000.0,69.33615384615385,41.019741600626034,37.10377254295587,27.30372936992797,260000.0,250040.0
semisupervised.SelfTrainingClassifier -l trees.HoeffdingTree -s DistanceMeasure,SemiSupervisedStream -s generators.RandomTreeGenerator -t 0.95,1,261000.0,2.309351,1.0197713710160721E-7,247993.0,261000.0,69.34099616858238,41.030245673568686,37.122831279859206,27.322597931028227,261000.0,250520.0
semisupervised.SelfTrainingClassifier -l trees.HoeffdingTree -s DistanceMeasure,SemiSupervisedStream -s generators.RandomTreeGenerator -t 0.95,1,262000.0,2.32269,1.0284340054624612E-7,248947.0,262000.0,69.34160305343512,41.03417557458919,37.11147299688396,27.314270201791707,262000.0,251032.0
semisupervised.SelfTrainingClassifier -l trees.HoeffdingTree -s DistanceMeasure,SemiSupervisedStream -s generators.RandomTreeGenerator -t 0.95,1,263000.0,2.336078,1.0371284615662364E-7,249897.0,263000.0,69.34714828897339,41.04506847515927,37.13240741462806,27.33672236944098,263000.0,251032.0
semisupervised.SelfTrainingClassifier -l trees.HoeffdingTree -s DistanceMeasure,SemiSupervisedStream -s generators.RandomTreeGenerator -t 0.95,1,264000.0,2.348358,1.0451033585601384E-7,250852.0,264000.0,69.35113636363637,41.05516175817512,37.14323446700746,27.344318232837985,264000.0,251032.0
semisupervised.SelfTrainingClassifier -l trees.HoeffdingTree -s DistanceMeasure,SemiSupervisedStream -s generators.RandomTreeGenerator -t 0.95,1,265000.0,2.360658,1.0530912439856265E-7,251802.0,265000.0,69.34867924528302,41.05291462349209,37.13693106624049,27.338599300455325,265000.0,251032.0
semisupervised.SelfTrainingClassifier -l trees.HoeffdingTree -s DistanceMeasure,SemiSupervisedStream -s generators.RandomTreeGenerator -t 0.95,1,266000.0,2.373288,1.0613106903516584E-7,252737.0,266000.0,69.353007518797,41.06201451085309,37.137767770392195,27.350259778453108,266000.0,251560.0
semisupervised.SelfTrainingClassifier -l trees.HoeffdingTree -s DistanceMeasure,SemiSupervisedStream -s generators.RandomTreeGenerator -t 0.95,1,267000.0,2.385262,1.0691034679197602E-7,253694.0,267000.0,69.36029962546817,41.07707319406675,37.154885000076824,27.36893505571093,267000.0,251568.0
semisupervised.SelfTrainingClassifier -l trees.HoeffdingTree -s DistanceMeasure,SemiSupervisedStream -s generators.RandomTreeGenerator -t 0.95,1,268000.0,2.398075,1.0774430691161088E-7,254649.0,268000.0,69.36679104477612,41.091328550129056,37.17178519771331,27.384416710155058,268000.0,251592.0
semisupervised.SelfTrainingClassifier -l trees.HoeffdingTree -s DistanceMeasure,SemiSupervisedStream -s generators.RandomTreeGenerator -t 0.95,1,269000.0,2.409402,1.0848154770417345E-7,255598.0,269000.0,69.35799256505575,41.07660153174835,37.154424434651325,27.37005348535981,269000.0,251592.0
semisupervised.SelfTrainingClassifier -l trees.HoeffdingTree -s DistanceMeasure,SemiSupervisedStream -s generators.RandomTreeGenerator -t 0.95,1,270000.0,2.419922,1.0916626326325866E-7,256545.0,270000.0,69.36740740740741,41.09644403674376,37.17632224593813,27.39052568739686,270000.0,251592.0
semisupervised.SelfTrainingClassifier -l trees.HoeffdingTree -s DistanceMeasure,SemiSupervisedStream -s generators.RandomTreeGenerator -t 0.95,1,271000.0,2.429977,1.0982071335323982E-7,257498.0,271000.0,69.37675276752768,41.11485185237124,37.19900715874865,27.418466140162135,271000.0,251592.0
semisupervised.SelfTrainingClassifier -l trees.HoeffdingTree -s DistanceMeasure,SemiSupervisedStream -s generators.RandomTreeGenerator -t 0.95,1,272000.0,2.438843,1.1039779331328139E-7,258445.0,272000.0,69.38492647058824,41.1329498604491,37.21263392823482,27.43283399998257,272000.0,251600.0
semisupervised.SelfTrainingClassifier -l trees.HoeffdingTree -s DistanceMeasure,SemiSupervisedStream -s generators.RandomTreeGenerator -t 0.95,1,273000.0,2.447946,1.1099029939000804E-7,259376.0,273000.0,69.3860805860806,41.13929925604771,37.21896291399685,27.418626463334146,273000.0,251600.0
semisupervised.SelfTrainingClassifier -l trees.HoeffdingTree -s DistanceMeasure,SemiSupervisedStream -s generators.RandomTreeGenerator -t 0.95,1,274000.0,2.456941,1.1157588754056227E-7,260334.0,274000.0,69.39963503649635,41.163551571824534,37.25303837633959,27.466585924996767,274000.0,251648.0
semisupervised.SelfTrainingClassifier -l trees.HoeffdingTree -s DistanceMeasure,SemiSupervisedStream -s generators.RandomTreeGenerator -t 0.95,1,275000.0,2.465719,1.1214745766379765E-7,261281.0,275000.0,69.40727272727273,41.17934519106276,37.272124009275345,27.47601355137368,275000.0,251696.0
semisupervised.SelfTrainingClassifier -l trees.HoeffdingTree -s DistanceMeasure,SemiSupervisedStream -s generators.RandomTreeGenerator -t 0.95,1,276000.0,2.474373,1.1271095365906753E-7,262238.0,276000.0,69.40217391304347,41.17460067881279,37.25807769745688,27.43910297718778,276000.0,251696.0
semisupervised.SelfTrainingClassifier -l trees.HoeffdingTree -s DistanceMeasure,SemiSupervisedStream -s generators.RandomTreeGenerator -t 0.95,1,277000.0,2.483061,1.1327666352813441E-7,263186.0,277000.0,69.40541516245487,41.18092738476942,37.26626693315568,27.455059065228554,277000.0,251696.0
semisupervised.SelfTrainingClassifier -l trees.HoeffdingTree -s DistanceMeasure,SemiSupervisedStream -s generators.RandomTreeGenerator -t 0.95,1,278000.0,2.492572,1.1389596216587556E-7,264131.0,278000.0,69.39928057553956,41.17174141694148,37.261235747894446,27.433869880833576,278000.0,251696.0
semisupervised.SelfTrainingClassifier -l trees.HoeffdingTree -s DistanceMeasure,SemiSupervisedStream -s generators.RandomTreeGenerator -t 0.95,1,279000.0,2.501657,1.1448752226721908E-7,265087.0,279000.0,69.39999999999999,41.17682316219561,37.25775514253588,27.422810119695313,279000.0,251696.0
semisupervised.SelfTrainingClassifier -l trees.HoeffdingTree -s DistanceMeasure,SemiSupervisedStream -s generators.RandomTreeGenerator -t 0.95,1,280000.0,2.51032,1.1505160428790582E-7,266030.0,280000.0,69.40678571428572,41.18992138891422,37.27823215423254,27.439752657659568,280000.0,251696.0
semisupervised.SelfTrainingClassifier -l trees.HoeffdingTree -s DistanceMeasure,SemiSupervisedStream -s generators.RandomTreeGenerator -t 0.95,1,281000.0,2.519118,1.1562447668984532E-7,266977.0,281000.0,69.42277580071175,41.218031682338996,37.33078538919361,27.501771912653144,281000.0,251696.0
semisupervised.SelfTrainingClassifier -l trees.HoeffdingTree -s DistanceMeasure,SemiSupervisedStream -s generators.RandomTreeGenerator -t 0.95,1,282000.0,2.527792,1.1618927496381932E-7,267929.0,282000.0,69.4354609929078,41.24258980915471,37.34817151621323,27.53564702717245,282000.0,251696.0
semisupervised.SelfTrainingClassifier -l trees.HoeffdingTree -s DistanceMeasure,SemiSupervisedStream -s generators.RandomTreeGenerator -t 0.95,1,283000.0,2.536332,1.1674534797047575E-7,268879.0,283000.0,69.43533568904594,41.24423874313028,37.34753005939448,27.522728224894223,283000.0,251696.0
semisupervised.SelfTrainingClassifier -l trees.HoeffdingTree -s DistanceMeasure,SemiSupervisedStream -s generators.RandomTreeGenerator -t 0.95,1,284000.0,2.544764,1.1729438867212997E-7,269832.0,284000.0,69.44295774647887,41.258659379187144,37.364128473475276,27.556097235207687,284000.0,251696.0
semisupervised.SelfTrainingClassifier -l trees.HoeffdingTree -s DistanceMeasure,SemiSupervisedStream -s generators.RandomTreeGenerator -t 0.95,1,285000.0,2.552933,1.178263044088251E-7,270797.0,285000.0,69.44701754385964,41.26705013032592,37.374318551229116,27.577889781592553,285000.0,251696.0
semisupervised.SelfTrainingClassifier -l trees.HoeffdingTree -s DistanceMeasure,SemiSupervisedStream -s generators.RandomTreeGenerator -t 0.95,1,286000.0,2.562353,1.1843969717414842E-7,271750.0,286000.0,69.4437062937063,41.264471232905414,37.36355100665851,27.56291237027951,286000.0,251704.0
semisupervised.SelfTrainingClassifier -l trees.HoeffdingTree -s DistanceMeasure,SemiSupervisedStream -s generators.RandomTreeGenerator -t 0.95,1,287000.0,2.57081,1.1899038322683837E-7,272714.0,287000.0,69.45017421602788,41.27849334715714,37.363909129875694,27.572363203806493,287000.0,251704.0
semisupervised.SelfTrainingClassifier -l trees.HoeffdingTree -s DistanceMeasure,SemiSupervisedStream -s generators.RandomTreeGenerator -t 0.95,1,288000.0,2.579366,1.195475688866443E-7,273663.0,288000.0,69.45763888888888,41.29626553455898,37.37844033431577,27.572294315262496,288000.0,251728.0
semisupervised.SelfTrainingClassifier -l trees.HoeffdingTree -s DistanceMeasure,SemiSupervisedStream -s generators.RandomTreeGenerator -t 0.95,1,289000.0,2.588652,1.201522937623991E-7,274608.0,289000.0,69.46159169550174,41.30407631732275,37.38844194724671,27.58957360747603,289000.0,251728.0
semisupervised.SelfTrainingClassifier -l trees.HoeffdingTree -s DistanceMeasure,SemiSupervisedStream -s generators.RandomTreeGenerator -t 0.95,1,290000.0,2.597221,1.2070170706758895E-7,275562.0,290000.0,69.46241379310345,41.3088233525784,37.384928659303995,27.574503582060267,290000.0,247840.0
semisupervised.SelfTrainingClassifier -l trees.HoeffdingTree -s DistanceMeasure,SemiSupervisedStream -s generators.RandomTreeGenerator -t 0.95,1,291000.0,2.606802,1.2132469120952816E-7,276506.0,291000.0,69.4659793814433,41.31758942935836,37.37825075762915,27.5843520782396,291000.0,251344.0
semisupervised.SelfTrainingClassifier -l trees.HoeffdingTree -s DistanceMeasure,SemiSupervisedStream -s generators.RandomTreeGenerator -t 0.95,1,292000.0,2.6154,1.2188381125115685E-7,277462.0,292000.0,69.4763698630137,41.33756696450615,37.40457479159205,27.615079751811056,292000.0,251368.0
semisupervised.SelfTrainingClassifier -l trees.HoeffdingTree -s DistanceMeasure,SemiSupervisedStream -s generators.RandomTreeGenerator -t 0.95,1,293000.0,2.624702,1.2249720166540807E-7,278420.0,293000.0,69.47610921501706,41.33985550821917,37.41296178366236,27.608787152755305,293000.0,254896.0
semisupervised.SelfTrainingClassifier -l trees.HoeffdingTree -s DistanceMeasure,SemiSupervisedStream -s generators.RandomTreeGenerator -t 0.95,1,294000.0,2.635376,1.2320981222308342E-7,279357.0,294000.0,69.48231292517006,41.35309226132669,37.430175389657926,27.624287108666003,294000.0,258064.0
semisupervised.SelfTrainingClassifier -l trees.HoeffdingTree -s DistanceMeasure,SemiSupervisedStream -s generators.RandomTreeGenerator -t 0.95,1,295000.0,2.644032,1.2378911363995736E-7,280318.0,295000.0,69.49152542372882,41.37092362918122,37.45308981736303,27.645753609672962,295000.0,258696.0
semisupervised.SelfTrainingClassifier -l trees.HoeffdingTree -s DistanceMeasure,SemiSupervisedStream -s generators.RandomTreeGenerator -t 0.95,1,296000.0,2.652784,1.2437743002755771E-7,281264.0,296000.0,69.51013513513513,41.40641867756219,37.49177523358336,27.693564927573377,296000.0,259840.0
semisupervised.SelfTrainingClassifier -l trees.HoeffdingTree -s DistanceMeasure,SemiSupervisedStream -s generators.RandomTreeGenerator -t 0.95,1,297000.0,2.661915,1.2499129868629903E-7,282205.0,297000.0,69.51784511784513,41.421172893494536,37.515011802382574,27.728194402311896,297000.0,259872.0
semisupervised.SelfTrainingClassifier -l trees.HoeffdingTree -s DistanceMeasure,SemiSupervisedStream -s generators.RandomTreeGenerator -t 0.95,1,298000.0,2.673201,1.2575934230867355E-7,283151.0,298000.0,69.51510067114094,41.419432772452346,37.50300978955551,27.71376736636058,298000.0,263056.0
semisupervised.SelfTrainingClassifier -l trees.HoeffdingTree -s DistanceMeasure,SemiSupervisedStream -s generators.RandomTreeGenerator -t 0.95,1,299000.0,2.68324,1.2644576529661811E-7,284089.0,299000.0,69.50200668896322,41.40040011013076,37.469828295572995,27.675420159736046,299000.0,264304.0
semisupervised.SelfTrainingClassifier -l trees.HoeffdingTree -s DistanceMeasure,SemiSupervisedStream -s generators.RandomTreeGenerator -t 0.95,1,300000.0,2.692128,1.2705354311399987E-7,285035.0,300000.0,69.50333333333333,41.404982564122726,37.46753424283018,27.679891231315253,300000.0,264328.0
semisupervised.SelfTrainingClassifier -l trees.HoeffdingTree -s DistanceMeasure,SemiSupervisedStream -s generators.RandomTreeGenerator -t 0.95,1,301000.0,2.701335,1.2768315379404356E-7,285991.0,301000.0,69.50332225913621,41.40819475586998,37.47190169339129,27.670354261220375,301000.0,264336.0
semisupervised.SelfTrainingClassifier -l trees.HoeffdingTree -s DistanceMeasure,SemiSupervisedStream -s generators.RandomTreeGenerator -t 0.95,1,302000.0,2.710015,1.2827676208068925E-7,286940.0,302000.0,69.51523178807946,41.432491458024806,37.51128426854183,27.70675628985142,302000.0,264352.0
semisupervised.SelfTrainingClassifier -l trees.HoeffdingTree -s DistanceMeasure,SemiSupervisedStream -s generators.RandomTreeGenerator -t 0.95,1,303000.0,2.720555,1.2899901184356873E-7,287880.0,303000.0,69.51716171617161,41.438383103199996,37.52080091997564,27.711512874696727,303000.0,264880.0
semisupervised.SelfTrainingClassifier -l trees.HoeffdingTree -s DistanceMeasure,SemiSupervisedStream -s generators.RandomTreeGenerator -t 0.95,1,304000.0,2.731398,1.297421143369542E-7,288828.0,304000.0,69.51776315789473,41.44330349918732,37.52713544124588,27.698453568028963,304000.0,264912.0
semisupervised.SelfTrainingClassifier -l trees.HoeffdingTree -s DistanceMeasure,SemiSupervisedStream -s generators.RandomTreeGenerator -t 0.95,1,305000.0,2.740744,1.3038262304332517E-7,289769.0,305000.0,69.51967213114753,41.4488507823998,37.51890260704756,27.705456015926327,305000.0,264912.0
semisupervised.SelfTrainingClassifier -l trees.HoeffdingTree -s DistanceMeasure,SemiSupervisedStream -s generators.RandomTreeGenerator -t 0.95,1,306000.0,2.75156,1.311343960298432E-7,290724.0,306000.0,69.5281045751634,41.4654114314988,37.53291038326779,27.73463535611872,306000.0,268672.0
semisupervised.SelfTrainingClassifier -l trees.HoeffdingTree -s DistanceMeasure,SemiSupervisedStream -s generators.RandomTreeGenerator -t 0.95,1,307000.0,2.760366,1.3174646268288291E-7,291675.0,307000.0,69.53778501628665,41.48432744346607,37.55575438690206,27.765590965967913,307000.0,268672.0
semisupervised.SelfTrainingClassifier -l trees.HoeffdingTree -s DistanceMeasure,SemiSupervisedStream -s generators.RandomTreeGenerator -t 0.95,1,308000.0,2.769137,1.3235618740113242E-7,292622.0,308000.0,69.5461038961039,41.5007039854272,37.57578580983501,27.790480149657025,308000.0,268712.0
semisupervised.SelfTrainingClassifier -l trees.HoeffdingTree -s DistanceMeasure,SemiSupervisedStream -s generators.RandomTreeGenerator -t 0.95,1,309000.0,2.777685,1.329504277453654E-7,293570.0,309000.0,69.55631067961166,41.52036459781792,37.59262822001235,27.81814694034146,309000.0,268720.0
semisupervised.SelfTrainingClassifier -l trees.HoeffdingTree -s DistanceMeasure,SemiSupervisedStream -s generators.RandomTreeGenerator -t 0.95,1,310000.0,2.787239,1.3361462302712928E-7,294514.0,310000.0,69.55612903225806,41.52263779591792,37.6005818374161,27.82171099928109,310000.0,268728.0
semisupervised.SelfTrainingClassifier -l trees.HoeffdingTree -s DistanceMeasure,SemiSupervisedStream -s generators.RandomTreeGenerator -t 0.95,1,311000.0,2.796565,1.3426306422592863E-7,295467.0,311000.0,69.56045016077171,41.531521964856154,37.604139203796464,27.84692423191543,311000.0,268768.0
semisupervised.SelfTrainingClassifier -l trees.HoeffdingTree -s DistanceMeasure,SemiSupervisedStream -s generators.RandomTreeGenerator -t 0.95,1,312000.0,2.805518,1.3488557055799495E-7,296415.0,312000.0,69.56410256410255,41.54080005216814,37.610459577543445,27.854554295221952,312000.0,268768.0
semisupervised.SelfTrainingClassifier -l trees.HoeffdingTree -s DistanceMeasure,SemiSupervisedStream -s generators.RandomTreeGenerator -t 0.95,1,313000.0,2.814121,1.3548374122422602E-7,297373.0,313000.0,69.56932907348244,41.551586828348,37.633901678845504,27.875208238679395,313000.0,268768.0
semisupervised.SelfTrainingClassifier -l trees.HoeffdingTree -s DistanceMeasure,SemiSupervisedStream -s generators.RandomTreeGenerator -t 0.95,1,314000.0,2.82302,1.3610249291070631E-7,298314.0,314000.0,69.57898089171974,41.571464597148385,37.64109125805419,27.891598097682486,314000.0,268768.0
semisupervised.SelfTrainingClassifier -l trees.HoeffdingTree -s DistanceMeasure,SemiSupervisedStream -s generators.RandomTreeGenerator -t 0.95,1,315000.0,2.831914,1.3672089694481754E-7,299263.0,315000.0,69.58761904761904,41.58923182804269,37.654401332830034,27.914851351046288,315000.0,268768.0
semisupervised.SelfTrainingClassifier -l trees.HoeffdingTree -s DistanceMeasure,SemiSupervisedStream -s generators.RandomTreeGenerator -t 0.95,1,316000.0,2.840851,1.3734362250607873E-7,300205.0,316000.0,69.58575949367088,41.58892833608337,37.660374910812735,27.90941890381572,316000.0,269344.0
semisupervised.SelfTrainingClassifier -l trees.HoeffdingTree -s DistanceMeasure,SemiSupervisedStream -s generators.RandomTreeGenerator -t 0.95,1,317000.0,2.849752,1.3796383960586454E-7,301150.0,317000.0,69.59589905362776,41.60949940818055,37.680400372439486,27.936206484029192,317000.0,269344.0
semisupervised.SelfTrainingClassifier -l trees.HoeffdingTree -s DistanceMeasure,SemiSupervisedStream -s generators.RandomTreeGenerator -t 0.95,1,318000.0,2.85875,1.3859081561573677E-7,302099.0,318000.0,69.60157232704402,41.621842865625844,37.691678000296506,27.955073932745062,318000.0,269344.0
semisupervised.SelfTrainingClassifier -l trees.HoeffdingTree -s DistanceMeasure,SemiSupervisedStream -s generators.RandomTreeGenerator -t 0.95,1,319000.0,2.867467,1.3919831993472245E-7,303057.0,319000.0,69.6115987460815,41.64173983892605,37.70907899217982,27.981545730778652,319000.0,269392.0
semisupervised.SelfTrainingClassifier -l trees.HoeffdingTree -s DistanceMeasure,SemiSupervisedStream -s generators.RandomTreeGenerator -t 0.95,1,320000.0,2.876573,1.3983293440399899E-7,303995.0,320000.0,69.6165625,41.65208981365203,37.71253219214064,27.99653412919996,320000.0,269392.0
semisupervised.SelfTrainingClassifier -l trees.HoeffdingTree -s DistanceMeasure,SemiSupervisedStream -s generators.RandomTreeGenerator -t 0.95,1,321000.0,2.886604,1.405309758728577E-7,304938.0,321000.0,69.6227414330218,41.66328275338244,37.7292581996526,28.03191332329585,321000.0,268992.0
semisupervised.SelfTrainingClassifier -l trees.HoeffdingTree -s DistanceMeasure,SemiSupervisedStream -s generators.RandomTreeGenerator -t 0.95,1,322000.0,2.895248,1.4113373258668515E-7,305896.0,322000.0,69.62173913043478,41.66393022815307,37.721325565848524,28.030018761726065,322000.0,269544.0
semisupervised.SelfTrainingClassifier -l trees.HoeffdingTree -s DistanceMeasure,SemiSupervisedStream -s generators.RandomTreeGenerator -t 0.95,1,323000.0,2.904576,1.4179405045799082E-7,306845.0,323000.0,69.62724458204335,41.675268233553645,37.73744169073081,28.045122156944725,323000.0,273632.0
semisupervised.SelfTrainingClassifier -l trees.HoeffdingTree -s DistanceMeasure,SemiSupervisedStream -s generators.RandomTreeGenerator -t 0.95,1,324000.0,2.913368,1.424164619276093E-7,307804.0,324000.0,69.63117283950618,41.6827406427034,37.746747988054864,28.05384536640294,324000.0,273648.0
semisupervised.SelfTrainingClassifier -l trees.HoeffdingTree -s DistanceMeasure,SemiSupervisedStream -s generators.RandomTreeGenerator -t 0.95,1,325000.0,2.923417,1.4312813048147492E-7,308763.0,325000.0,69.63723076923077,41.693975486548304,37.760019174245976,28.072860860247985,325000.0,273752.0
semisupervised.SelfTrainingClassifier -l trees.HoeffdingTree -s DistanceMeasure,SemiSupervisedStream -s generators.RandomTreeGenerator -t 0.95,1,326000.0,2.934218,1.4389225081644122E-7,309713.0,326000.0,69.64110429447852,41.70355091072205,37.77506727359605,28.07465062027166,326000.0,273464.0
semisupervised.SelfTrainingClassifier -l trees.HoeffdingTree -s DistanceMeasure,SemiSupervisedStream -s generators.RandomTreeGenerator -t 0.95,1,327000.0,2.943212,1.445285343358086E-7,310661.0,327000.0,69.64587155963304,41.715323851963845,37.782151655143466,28.07547662007349,327000.0,273464.0
semisupervised.SelfTrainingClassifier -l trees.HoeffdingTree -s DistanceMeasure,SemiSupervisedStream -s generators.RandomTreeGenerator -t 0.95,1,328000.0,2.951909,1.4514380649146104E-7,311620.0,328000.0,69.64725609756097,41.71843353436119,37.787373380742,28.085496756670842,328000.0,273464.0
semisupervised.SelfTrainingClassifier -l trees.HoeffdingTree -s DistanceMeasure,SemiSupervisedStream -s generators.RandomTreeGenerator -t 0.95,1,329000.0,2.961354,1.4581336447555154E-7,312569.0,329000.0,69.65136778115502,41.727812011063506,37.79739470093884,28.09572162090147,329000.0,274024.0
semisupervised.SelfTrainingClassifier -l trees.HoeffdingTree -s DistanceMeasure,SemiSupervisedStream -s generators.RandomTreeGenerator -t 0.95,1,330000.0,2.971917,1.4656219956982463E-7,313516.0,330000.0,69.65060606060605,41.728722166227996,37.80398440022852,28.090783115661594,330000.0,274032.0
semisupervised.SelfTrainingClassifier -l trees.HoeffdingTree -s DistanceMeasure,SemiSupervisedStream -s generators.RandomTreeGenerator -t 0.95,1,331000.0,2.981019,1.4720753640143402E-7,314456.0,331000.0,69.65558912386707,41.739624298960436,37.81305529585853,28.104107314140098,331000.0,274064.0
semisupervised.SelfTrainingClassifier -l trees.HoeffdingTree -s DistanceMeasure,SemiSupervisedStream -s generators.RandomTreeGenerator -t 0.95,1,332000.0,2.990305,1.478651886371274E-7,315409.0,332000.0,69.65753012048192,41.74613344820464,37.81781818855206,28.106109806664325,332000.0,273760.0
semisupervised.SelfTrainingClassifier -l trees.HoeffdingTree -s DistanceMeasure,SemiSupervisedStream -s generators.RandomTreeGenerator -t 0.95,1,333000.0,3.000786,1.4862838369483742E-7,316351.0,333000.0,69.64444444444445,41.724981095381864,37.7875703154811,28.076104822011754,333000.0,281472.0
semisupervised.SelfTrainingClassifier -l trees.HoeffdingTree -s DistanceMeasure,SemiSupervisedStream -s generators.RandomTreeGenerator -t 0.95,1,334000.0,3.010227,1.493183696145812E-7,317304.0,334000.0,69.63323353293414,41.70751936077834,37.76423737029743,28.04900541982351,334000.0,282504.0
semisupervised.SelfTrainingClassifier -l trees.HoeffdingTree -s DistanceMeasure,SemiSupervisedStream -s generators.RandomTreeGenerator -t 0.95,1,335000.0,3.02011,1.500407200182477E-7,318246.0,335000.0,69.6268656716418,41.699187015082565,37.743214469272374,28.022693189213665,335000.0,282528.0
semisupervised.SelfTrainingClassifier -l trees.HoeffdingTree -s DistanceMeasure,SemiSupervisedStream -s generators.RandomTreeGenerator -t 0.95,1,336000.0,3.029989,1.5076294162621094E-7,319204.0,336000.0,69.62410714285714,41.69763055548567,37.73077251595425,28.003978499174657,336000.0,282592.0
semisupervised.SelfTrainingClassifier -l trees.HoeffdingTree -s DistanceMeasure,SemiSupervisedStream -s generators.RandomTreeGenerator -t 0.95,1,337000.0,3.040762,1.515520590854187E-7,320157.0,337000.0,69.62106824925816,41.69425320042444,37.72688564476885,27.996821020649286,337000.0,283144.0
semisupervised.SelfTrainingClassifier -l trees.HoeffdingTree -s DistanceMeasure,SemiSupervisedStream -s generators.RandomTreeGenerator -t 0.95,1,338000.0,3.05006,1.5223315269375832E-7,321103.0,338000.0,69.62366863905326,41.70056135897716,37.734167005270095,28.003534188363833,338000.0,283152.0
semisupervised.SelfTrainingClassifier -l trees.HoeffdingTree -s DistanceMeasure,SemiSupervisedStream -s generators.RandomTreeGenerator -t 0.95,1,339000.0,3.060381,1.5298918271437278E-7,322048.0,339000.0,69.62153392330383,41.69976891269893,37.71365324365845,27.987441174208268,339000.0,283152.0
semisupervised.SelfTrainingClassifier -l trees.HoeffdingTree -s DistanceMeasure,SemiSupervisedStream -s generators.RandomTreeGenerator -t 0.95,1,340000.0,3.069588,1.536637819185852E-7,322991.0,340000.0,69.61764705882352,41.69410225186128,37.704660993951386,27.981817674781777,340000.0,283224.0
semisupervised.SelfTrainingClassifier -l trees.HoeffdingTree -s DistanceMeasure,SemiSupervisedStream -s generators.RandomTreeGenerator -t 0.95,1,341000.0,3.079522,1.543917719523111E-7,323946.0,341000.0,69.61173020527859,41.68843239872135,37.68476757471886,27.940307225857588,341000.0,283272.0
semisupervised.SelfTrainingClassifier -l trees.HoeffdingTree -s DistanceMeasure,SemiSupervisedStream -s generators.RandomTreeGenerator -t 0.95,1,342000.0,3.088852,1.5507555718223245E-7,324883.0,342000.0,69.60614035087718,41.681228365996716,37.668575540431135,27.91670133976864,342000.0,283296.0
semisupervised.SelfTrainingClassifier -l trees.HoeffdingTree -s DistanceMeasure,SemiSupervisedStream -s generators.RandomTreeGenerator -t 0.95,1,343000.0,3.09827,1.55765830816494E-7,325818.0,343000.0,69.6067055393586,41.684262458855336,37.682545565405576,27.925193584070808,343000.0,283312.0
semisupervised.SelfTrainingClassifier -l trees.HoeffdingTree -s DistanceMeasure,SemiSupervisedStream -s generators.RandomTreeGenerator -t 0.95,1,344000.0,3.107365,1.5643244962932327E-7,326765.0,344000.0,69.6125,41.69495226348939,37.69118891789754,27.95448436520025,344000.0,283320.0
semisupervised.SelfTrainingClassifier -l trees.HoeffdingTree -s DistanceMeasure,SemiSupervisedStream -s generators.RandomTreeGenerator -t 0.95,1,345000.0,3.116793,1.5712347570599773E-7,327709.0,345000.0,69.61942028985507,41.70873890281661,37.70734403508877,27.972484503635286,345000.0,283320.0
semisupervised.SelfTrainingClassifier -l trees.HoeffdingTree -s DistanceMeasure,SemiSupervisedStream -s generators.RandomTreeGenerator -t 0.95,1,346000.0,3.125831,1.5778591669888953E-7,328656.0,346000.0,69.62138728323698,41.71588644667203,37.71554533710994,27.970834732434707,346000.0,283320.0
semisupervised.SelfTrainingClassifier -l trees.HoeffdingTree -s DistanceMeasure,SemiSupervisedStream -s generators.RandomTreeGenerator -t 0.95,1,347000.0,3.134696,1.5843567764179567E-7,329616.0,347000.0,69.61815561959655,41.71243322807599,37.71011940986358,27.96230875931862,347000.0,283320.0
semisupervised.SelfTrainingClassifier -l trees.HoeffdingTree -s DistanceMeasure,SemiSupervisedStream -s generators.RandomTreeGenerator -t 0.95,1,348000.0,3.143877,1.591086378341747E-7,330560.0,348000.0,69.61954022988506,41.716286227838495,37.71305018941068,27.973076084586868,348000.0,283336.0
semisupervised.SelfTrainingClassifier -l trees.HoeffdingTree -s DistanceMeasure,SemiSupervisedStream -s generators.RandomTreeGenerator -t 0.95,1,349000.0,3.155081,1.5993904156610362E-7,331505.0,349000.0,69.61833810888251,41.71713869087122,37.70518770930026,27.970816605188602,349000.0,286496.0
semisupervised.SelfTrainingClassifier -l trees.HoeffdingTree -s DistanceMeasure,SemiSupervisedStream -s generators.RandomTreeGenerator -t 0.95,1,350000.0,3.164074,1.60607006351153E-7,332465.0,350000.0,69.62257142857143,41.7265658222872,37.72346008762683,27.98387916144547,350000.0,287112.0
semisupervised.SelfTrainingClassifier -l trees.HoeffdingTree -s DistanceMeasure,SemiSupervisedStream -s generators.RandomTreeGenerator -t 0.95,1,351000.0,3.173084,1.6127627112385294E-7,333421.0,351000.0,69.61937321937322,41.724007676886316,37.716982454500844,27.963737325289966,351000.0,287128.0
semisupervised.SelfTrainingClassifier -l trees.HoeffdingTree -s DistanceMeasure,SemiSupervisedStream -s generators.RandomTreeGenerator -t 0.95,1,352000.0,3.182137,1.6194872994596755E-7,334377.0,352000.0,69.61960227272728,41.72660124887049,37.7171678344079,27.966347157762865,352000.0,287128.0
semisupervised.SelfTrainingClassifier -l trees.HoeffdingTree -s DistanceMeasure,SemiSupervisedStream -s generators.RandomTreeGenerator -t 0.95,1,353000.0,3.191361,1.626339288656082E-7,335331.0,353000.0,69.61558073654392,41.720819798684154,37.70466095542327,27.962254013029774,353000.0,287144.0
semisupervised.SelfTrainingClassifier -l trees.HoeffdingTree -s DistanceMeasure,SemiSupervisedStream -s generators.RandomTreeGenerator -t 0.95,1,354000.0,3.200245,1.6329387110347544E-7,336286.0,354000.0,69.62485875706214,41.73922623721187,37.73423204317513,27.99062447681232,354000.0,287144.0
semisupervised.SelfTrainingClassifier -l trees.HoeffdingTree -s DistanceMeasure,SemiSupervisedStream -s generators.RandomTreeGenerator -t 0.95,1,355000.0,3.208957,1.6394107249254976E-7,337244.0,355000.0,69.62985915492958,41.74997597699796,37.752091500626435,28.007371942546914,355000.0,287160.0
semisupervised.SelfTrainingClassifier -l trees.HoeffdingTree -s DistanceMeasure,SemiSupervisedStream -s generators.RandomTreeGenerator -t 0.95,1,356000.0,3.217886,1.6460441296506254E-7,338188.0,356000.0,69.63651685393259,41.76389663128875,37.76828481945467,28.0241841511243,356000.0,287168.0
semisupervised.SelfTrainingClassifier -l trees.HoeffdingTree -s DistanceMeasure,SemiSupervisedStream -s generators.RandomTreeGenerator -t 0.95,1,357000.0,3.226512,1.6524524339578213E-7,339148.0,357000.0,69.64033613445379,41.772415503749926,37.77864528018095,28.032350382799592,357000.0,287168.0
semisupervised.SelfTrainingClassifier -l trees.HoeffdingTree -s DistanceMeasure,SemiSupervisedStream -s generators.RandomTreeGenerator -t 0.95,1,358000.0,3.235358,1.6590241775123604E-7,340102.0,358000.0,69.64469273743018,41.783385799544355,37.785461977523724,28.03464762989551,358000.0,287168.0
semisupervised.SelfTrainingClassifier -l trees.HoeffdingTree -s DistanceMeasure,SemiSupervisedStream -s generators.RandomTreeGenerator -t 0.95,1,359000.0,3.24446,1.6657862932938663E-7,341051.0,359000.0,69.64373259052925,41.781568515942055,37.777485954414665,28.053369599662,359000.0,287176.0
semisupervised.SelfTrainingClassifier -l trees.HoeffdingTree -s DistanceMeasure,SemiSupervisedStream -s generators.RandomTreeGenerator -t 0.95,1,360000.0,3.253231,1.6723025004482927E-7,342005.0,360000.0,69.65,41.794714803039696,37.79781728749296,28.06352216164969,360000.0,287176.0
semisupervised.SelfTrainingClassifier -l trees.HoeffdingTree -s DistanceMeasure,SemiSupervisedStream -s generators.RandomTreeGenerator -t 0.95,1,361000.0,3.262906,1.6794903130374016E-7,342962.0,361000.0,69.64709141274238,41.79088902981492,37.791529465198124,28.061870966471236,361000.0,287176.0
semisupervised.SelfTrainingClassifier -l trees.HoeffdingTree -s DistanceMeasure,SemiSupervisedStream -s generators.RandomTreeGenerator -t 0.95,1,362000.0,3.271922,1.6861885371514487E-7,343909.0,362000.0,69.653591160221,41.80331150440458,37.80663862358676,28.084370949369582,362000.0,287176.0
semisupervised.SelfTrainingClassifier -l trees.HoeffdingTree -s DistanceMeasure,SemiSupervisedStream -s generators.RandomTreeGenerator -t 0.95,1,363000.0,3.281258,1.6930309800017206E-7,344846.0,363000.0,69.6595041322314,41.81517415520733,37.82334278004224,28.10309036073794,363000.0,283304.0
semisupervised.SelfTrainingClassifier -l trees.HoeffdingTree -s DistanceMeasure,SemiSupervisedStream -s generators.RandomTreeGenerator -t 0.95,1,364000.0,3.291925,1.701044964541991E-7,345801.0,364000.0,69.66456043956045,41.82659582276894,37.82916406263196,28.112264163227053,364000.0,290408.0
semisupervised.SelfTrainingClassifier -l trees.HoeffdingTree -s DistanceMeasure,SemiSupervisedStream -s generators.RandomTreeGenerator -t 0.95,1,365000.0,3.302005,1.708618151893218E-7,346745.0,365000.0,69.66684931506849,41.832969791666336,37.82480022013691,28.11022804010181,365000.0,290416.0
semisupervised.SelfTrainingClassifier -l trees.HoeffdingTree -s DistanceMeasure,SemiSupervisedStream -s generators.RandomTreeGenerator -t 0.95,1,366000.0,3.311934,1.7160920705853233E-7,347703.0,366000.0,69.66857923497268,41.83826775901435,37.84022890034885,28.11901061901062,366000.0,290968.0
semisupervised.SelfTrainingClassifier -l trees.HoeffdingTree -s DistanceMeasure,SemiSupervisedStream -s generators.RandomTreeGenerator -t 0.95,1,367000.0,3.321353,1.723182483638326E-7,348655.0,367000.0,69.66212534059946,41.827495844385524,37.82840550576542,28.113015069536818,367000.0,290984.0
semisupervised.SelfTrainingClassifier -l trees.HoeffdingTree -s DistanceMeasure,SemiSupervisedStream -s generators.RandomTreeGenerator -t 0.95,1,368000.0,3.330294,1.7299130689559707E-7,349607.0,368000.0,69.66711956521739,41.83905769696779,37.836573535226414,28.120673556779035,368000.0,290984.0
semisupervised.SelfTrainingClassifier -l trees.HoeffdingTree -s DistanceMeasure,SemiSupervisedStream -s generators.RandomTreeGenerator -t 0.95,1,369000.0,3.339852,1.7371213715730438E-7,350556.0,369000.0,69.6669376693767,41.84044763108792,37.84450157986217,28.122090148406443,369000.0,291520.0
semisupervised.SelfTrainingClassifier -l trees.HoeffdingTree -s DistanceMeasure,SemiSupervisedStream -s generators.RandomTreeGenerator -t 0.95,1,370000.0,3.349892,1.7446954670672612E-7,351498.0,370000.0,69.67027027027028,41.84764920656629,37.86027143909233,28.13688699906506,370000.0,291608.0
semisupervised.SelfTrainingClassifier -l trees.HoeffdingTree -s DistanceMeasure,SemiSupervisedStream -s generators.RandomTreeGenerator -t 0.95,1,371000.0,3.359317,1.751805806553198E-7,352429.0,371000.0,69.66711590296497,41.84421717374051,37.8548077135473,28.13352151172816,371000.0,291616.0
semisupervised.SelfTrainingClassifier -l trees.HoeffdingTree -s DistanceMeasure,SemiSupervisedStream -s generators.RandomTreeGenerator -t 0.95,1,372000.0,3.368681,1.7588703206636837E-7,353372.0,372000.0,69.67150537634409,41.852730209821324,37.86890030674003,28.1571574121243,372000.0,291624.0
semisupervised.SelfTrainingClassifier -l trees.HoeffdingTree -s DistanceMeasure,SemiSupervisedStream -s generators.RandomTreeGenerator -t 0.95,1,373000.0,3.380834,1.768479611062341E-7,354320.0,373000.0,69.6691689008043,41.852165240333825,37.85655825501365,28.133754279870164,373000.0,305640.0
semisupervised.SelfTrainingClassifier -l trees.HoeffdingTree -s DistanceMeasure,SemiSupervisedStream -s generators.RandomTreeGenerator -t 0.95,1,374000.0,3.390911,1.7764784976426095E-7,355253.0,374000.0,69.66550802139038,41.847894320401835,37.84324253248889,28.12232718149507,374000.0,306832.0
semisupervised.SelfTrainingClassifier -l trees.HoeffdingTree -s DistanceMeasure,SemiSupervisedStream -s generators.RandomTreeGenerator -t 0.95,1,375000.0,3.400547,1.7841412886563272E-7,356199.0,375000.0,69.66933333333334,41.855861958437266,37.84869265867054,28.1363728265265,375000.0,307392.0
semisupervised.SelfTrainingClassifier -l trees.HoeffdingTree -s DistanceMeasure,SemiSupervisedStream -s generators.RandomTreeGenerator -t 0.95,1,376000.0,3.410119,1.7917531852506927E-7,357149.0,376000.0,69.6718085106383,41.86305899044109,37.842920293686404,28.13768243805299,376000.0,307392.0
semisupervised.SelfTrainingClassifier -l trees.HoeffdingTree -s DistanceMeasure,SemiSupervisedStream -s generators.RandomTreeGenerator -t 0.95,1,377000.0,3.421209,1.8005733814504409E-7,358099.0,377000.0,69.67559681697612,41.87241370298498,37.839219204523836,28.13896623902344,377000.0,307432.0
semisupervised.SelfTrainingClassifier -l trees.HoeffdingTree -s DistanceMeasure,SemiSupervisedStream -s generators.RandomTreeGenerator -t 0.95,1,378000.0,3.431451,1.8087354604568742E-7,359048.0,378000.0,69.67619047619048,41.87420250178845,37.8438613329863,28.14488374571375,378000.0,308048.0
semisupervised.SelfTrainingClassifier -l trees.HoeffdingTree -s DistanceMeasure,SemiSupervisedStream -s generators.RandomTreeGenerator -t 0.95,1,379000.0,3.440773,1.8161645638032088E-7,359998.0,379000.0,69.67546174142481,41.87552106062202,37.845102185399305,28.139556694907302,379000.0,308056.0
semisupervised.SelfTrainingClassifier -l trees.HoeffdingTree -s DistanceMeasure,SemiSupervisedStream -s generators.RandomTreeGenerator -t 0.95,1,380000.0,3.449756,1.8233236893597573E-7,360960.0,380000.0,69.67605263157894,41.878767393875016,37.85674223957546,28.14185670900915,380000.0,308064.0
semisupervised.SelfTrainingClassifier -l trees.HoeffdingTree -s DistanceMeasure,SemiSupervisedStream -s generators.RandomTreeGenerator -t 0.95,1,381000.0,3.45911,1.8307928142034342E-7,361907.0,381000.0,69.67244094488188,41.87374273241811,37.85035418650057,28.131064337960886,381000.0,308656.0
semisupervised.SelfTrainingClassifier -l trees.HoeffdingTree -s DistanceMeasure,SemiSupervisedStream -s generators.RandomTreeGenerator -t 0.95,1,382000.0,3.468572,1.838348176537288E-7,362857.0,382000.0,69.6630890052356,41.860516592614175,37.8305302969341,28.095527648168368,382000.0,308656.0
semisupervised.SelfTrainingClassifier -l trees.HoeffdingTree -s DistanceMeasure,SemiSupervisedStream -s generators.RandomTreeGenerator -t 0.95,1,383000.0,3.477828,1.8457390488435819E-7,363811.0,383000.0,69.66422976501305,41.865021577542834,37.823229728572656,28.08937302717088,383000.0,308656.0
semisupervised.SelfTrainingClassifier -l trees.HoeffdingTree -s DistanceMeasure,SemiSupervisedStream -s generators.RandomTreeGenerator -t 0.95,1,384000.0,3.487486,1.8534509162522017E-7,364769.0,384000.0,69.66354166666666,41.86598119872238,37.819530812138034,28.077595095357736,384000.0,308656.0
semisupervised.SelfTrainingClassifier -l trees.HoeffdingTree -s DistanceMeasure,SemiSupervisedStream -s generators.RandomTreeGenerator -t 0.95,1,385000.0,3.497034,1.8610753443919944E-7,365716.0,385000.0,69.66597402597404,41.87203334368502,37.82588094997259,28.080795639991397,385000.0,308672.0
semisupervised.SelfTrainingClassifier -l trees.HoeffdingTree -s DistanceMeasure,SemiSupervisedStream -s generators.RandomTreeGenerator -t 0.95,1,386000.0,3.506648,1.868752475952108E-7,366663.0,386000.0,69.67383419689119,41.88700222340632,37.83608681567866,28.10571117976184,386000.0,308672.0
semisupervised.SelfTrainingClassifier -l trees.HoeffdingTree -s DistanceMeasure,SemiSupervisedStream -s generators.RandomTreeGenerator -t 0.95,1,387000.0,3.516261,1.8764288089755502E-7,367612.0,387000.0,69.67545219638242,41.89187141850201,37.8440646367493,28.108306787552067,387000.0,308672.0
semisupervised.SelfTrainingClassifier -l trees.HoeffdingTree -s DistanceMeasure,SemiSupervisedStream -s generators.RandomTreeGenerator -t 0.95,1,388000.0,3.52593,1.8841502602729526E-7,368551.0,388000.0,69.67912371134021,41.90107722125753,37.84998837774444,28.11402034768263,388000.0,308688.0
semisupervised.SelfTrainingClassifier -l trees.HoeffdingTree -s DistanceMeasure,SemiSupervisedStream -s generators.RandomTreeGenerator -t 0.95,1,389000.0,3.535547,1.8918301855110454E-7,369494.0,389000.0,69.68200514138817,41.90794282623773,37.859540231096304,28.117438394821676,389000.0,308688.0
semisupervised.SelfTrainingClassifier -l trees.HoeffdingTree -s DistanceMeasure,SemiSupervisedStream -s generators.RandomTreeGenerator -t 0.95,1,390000.0,3.546076,1.9002392855783296E-7,370432.0,390000.0,69.68205128205128,41.9100365792997,37.85901606605107,28.111966342003182,390000.0,308720.0
semisupervised.SelfTrainingClassifier -l trees.HoeffdingTree -s DistanceMeasure,SemiSupervisedStream -s generators.RandomTreeGenerator -t 0.95,1,391000.0,3.555528,1.9077882279124517E-7,371392.0,391000.0,69.68184143222507,41.911472029368355,37.860902019164236,28.1172497013577,391000.0,308720.0
semisupervised.SelfTrainingClassifier -l trees.HoeffdingTree -s DistanceMeasure,SemiSupervisedStream -s generators.RandomTreeGenerator -t 0.95,1,392000.0,3.565232,1.9155384327802386E-7,372345.0,392000.0,69.68239795918367,41.91466747421242,37.86077299535701,28.11345063905204,392000.0,308720.0
semisupervised.SelfTrainingClassifier -l trees.HoeffdingTree -s DistanceMeasure,SemiSupervisedStream -s generators.RandomTreeGenerator -t 0.95,1,393000.0,3.576086,1.9242073222580875E-7,373308.0,393000.0,69.68066157760813,41.9134322970728,37.85919165580182,28.102938514451203,393000.0,308728.0
semisupervised.SelfTrainingClassifier -l trees.HoeffdingTree -s DistanceMeasure,SemiSupervisedStream -s generators.RandomTreeGenerator -t 0.95,1,394000.0,3.58657,1.9325806995646813E-7,374256.0,394000.0,69.67309644670051,41.90300735572772,37.840481095365924,28.072139752711863,394000.0,308728.0
semisupervised.SelfTrainingClassifier -l trees.HoeffdingTree -s DistanceMeasure,SemiSupervisedStream -s generators.RandomTreeGenerator -t 0.95,1,395000.0,3.597906,1.9416237614634956E-7,375209.0,395000.0,69.6706329113924,41.90130236057286,37.83869327438955,28.060841525001344,395000.0,308360.0
semisupervised.SelfTrainingClassifier -l trees.HoeffdingTree -s DistanceMeasure,SemiSupervisedStream -s generators.RandomTreeGenerator -t 0.95,1,396000.0,3.607745,1.9495642550910505E-7,376163.0,396000.0,69.67171717171718,41.90455287305365,37.84223001997743,28.067464452989316,396000.0,311960.0
semisupervised.SelfTrainingClassifier -l trees.HoeffdingTree -s DistanceMeasure,SemiSupervisedStream -s generators.RandomTreeGenerator -t 0.95,1,397000.0,3.61736,1.957324568120141E-7,377110.0,397000.0,69.67531486146096,41.91122633860514,37.85732720796985,28.08947824269033,397000.0,311984.0
semisupervised.SelfTrainingClassifier -l trees.HoeffdingTree -s DistanceMeasure,SemiSupervisedStream -s generators.RandomTreeGenerator -t 0.95,1,398000.0,3.626796,1.9649404093830114E-7,378058.0,398000.0,69.6788944723618,41.92027699345218,37.86658703352829,28.096809943158124,398000.0,311984.0
semisupervised.SelfTrainingClassifier -l trees.HoeffdingTree -s DistanceMeasure,SemiSupervisedStream -s generators.RandomTreeGenerator -t 0.95,1,399000.0,3.636235,1.9725586719603995E-7,379004.0,399000.0,69.67919799498748,41.9221940886682,37.86784720153663,28.099797338658412,399000.0,311984.0
semisupervised.SelfTrainingClassifier -l trees.HoeffdingTree -s DistanceMeasure,SemiSupervisedStream -s generators.RandomTreeGenerator -t 0.95,1,400000.0,3.646012,1.9804497359734434E-7,379938.0,400000.0,69.68025,41.92612062292177,37.87350227699999,28.105400438674494,400000.0,311984.0
semisupervised.SelfTrainingClassifier -l trees.HoeffdingTree -s DistanceMeasure,SemiSupervisedStream -s generators.RandomTreeGenerator -t 0.95,1,401000.0,3.65553,1.9881435789374834E-7,380885.0,401000.0,69.68179551122195,41.93002642687279,37.880785227423694,28.112157711433955,401000.0,312464.0
semisupervised.SelfTrainingClassifier -l trees.HoeffdingTree -s DistanceMeasure,SemiSupervisedStream -s generators.RandomTreeGenerator -t 0.95,1,402000.0,3.665963,1.9966714169416155E-7,381838.0,402000.0,69.68084577114428,41.93022505695081,37.88325111102051,28.10619823986034,402000.0,315960.0
semisupervised.SelfTrainingClassifier -l trees.HoeffdingTree -s DistanceMeasure,SemiSupervisedStream -s generators.RandomTreeGenerator -t 0.95,1,403000.0,3.677557,2.006465939556558E-7,382792.0,403000.0,69.67642679900744,41.92415063774669,37.871323622867884,28.091606646895436,403000.0,326552.0
semisupervised.SelfTrainingClassifier -l trees.HoeffdingTree -s DistanceMeasure,SemiSupervisedStream -s generators.RandomTreeGenerator -t 0.95,1,404000.0,3.687805,2.0151672749469668E-7,383737.0,404000.0,69.67623762376238,41.92529306897318,37.866500311915146,28.090863733748122,404000.0,328208.0
semisupervised.SelfTrainingClassifier -l trees.HoeffdingTree -s DistanceMeasure,SemiSupervisedStream -s generators.RandomTreeGenerator -t 0.95,1,405000.0,3.697932,2.023766500854657E-7,384690.0,405000.0,69.68123456790123,41.9359412095372,37.87043923961606,28.09863154874484,405000.0,328232.0
semisupervised.SelfTrainingClassifier -l trees.HoeffdingTree -s DistanceMeasure,SemiSupervisedStream -s generators.RandomTreeGenerator -t 0.95,1,406000.0,3.708047,2.032370818965136E-7,385632.0,406000.0,69.67807881773399,41.93183442132394,37.86711080828728,28.09170560747664,406000.0,328816.0
semisupervised.SelfTrainingClassifier -l trees.HoeffdingTree -s DistanceMeasure,SemiSupervisedStream -s generators.RandomTreeGenerator -t 0.95,1,407000.0,3.717974,2.0408154204487792E-7,386574.0,407000.0,69.68230958230959,41.940353790634454,37.87765129965917,28.106064137223836,407000.0,328824.0
semisupervised.SelfTrainingClassifier -l trees.HoeffdingTree -s DistanceMeasure,SemiSupervisedStream -s generators.RandomTreeGenerator -t 0.95,1,408000.0,3.727542,2.0489546313881866E-7,387537.0,408000.0,69.67843137254903,41.935805059373735,37.86626219199823,28.087379600188346,408000.0,328824.0
semisupervised.SelfTrainingClassifier -l trees.HoeffdingTree -s DistanceMeasure,SemiSupervisedStream -s generators.RandomTreeGenerator -t 0.95,1,409000.0,3.737503,2.0574283618066038E-7,388484.0,409000.0,69.68190709046455,41.943043803561814,37.8768066932191,28.102441598200244,409000.0,328832.0
semisupervised.SelfTrainingClassifier -l trees.HoeffdingTree -s DistanceMeasure,SemiSupervisedStream -s generators.RandomTreeGenerator -t 0.95,1,410000.0,3.747353,2.065807665553357E-7,389444.0,410000.0,69.68292682926828,41.947082013622506,37.88261162889482,28.10166413123325,410000.0,328832.0
semisupervised.SelfTrainingClassifier -l trees.HoeffdingTree -s DistanceMeasure,SemiSupervisedStream -s generators.RandomTreeGenerator -t 0.95,1,411000.0,3.7573,2.0742694863014743E-7,390400.0,411000.0,69.68296836982968,41.94874733679176,37.88887061157551,28.09733747273419,411000.0,328832.0
semisupervised.SelfTrainingClassifier -l trees.HoeffdingTree -s DistanceMeasure,SemiSupervisedStream -s generators.RandomTreeGenerator -t 0.95,1,412000.0,3.767158,2.0826557995958452E-7,391342.0,412000.0,69.68300970873787,41.95034414058721,37.89077456279493,28.100895673597204,412000.0,328840.0
semisupervised.SelfTrainingClassifier -l trees.HoeffdingTree -s DistanceMeasure,SemiSupervisedStream -s generators.RandomTreeGenerator -t 0.95,1,413000.0,3.77703,2.0910548400961682E-7,392290.0,413000.0,69.68958837772396,41.96329595100938,37.894971845310444,28.11911433690109,413000.0,328872.0
semisupervised.SelfTrainingClassifier -l trees.HoeffdingTree -s DistanceMeasure,SemiSupervisedStream -s generators.RandomTreeGenerator -t 0.95,1,414000.0,3.786708,2.099289227111471E-7,393244.0,414000.0,69.69082125603865,41.96841468841146,37.895330766261154,28.11393608854566,414000.0,328888.0
semisupervised.SelfTrainingClassifier -l trees.HoeffdingTree -s DistanceMeasure,SemiSupervisedStream -s generators.RandomTreeGenerator -t 0.95,1,415000.0,3.796651,2.1077490855629237E-7,394196.0,415000.0,69.69253012048193,41.973278954248094,37.892995580574286,28.1177311044435,415000.0,328888.0
semisupervised.SelfTrainingClassifier -l trees.HoeffdingTree -s DistanceMeasure,SemiSupervisedStream -s generators.RandomTreeGenerator -t 0.95,1,416000.0,3.806426,2.1160660036322136E-7,395150.0,416000.0,69.69591346153847,41.980325651523906,37.89840293993045,28.127137970353466,416000.0,328888.0
semisupervised.SelfTrainingClassifier -l trees.HoeffdingTree -s DistanceMeasure,SemiSupervisedStream -s generators.RandomTreeGenerator -t 0.95,1,417000.0,3.816558,2.1246866700135992E-7,396093.0,417000.0,69.69640287769784,41.98336560603107,37.901854600135614,28.129265629265614,417000.0,328888.0
semisupervised.SelfTrainingClassifier -l trees.HoeffdingTree -s DistanceMeasure,SemiSupervisedStream -s generators.RandomTreeGenerator -t 0.95,1,418000.0,3.826309,2.1329833698355482E-7,397042.0,418000.0,69.6976076555024,41.9861366848001,37.89975829423386,28.135123941152774,418000.0,328896.0
semisupervised.SelfTrainingClassifier -l trees.HoeffdingTree -s DistanceMeasure,SemiSupervisedStream -s generators.RandomTreeGenerator -t 0.95,1,419000.0,3.83584,2.1410930785247013E-7,398005.0,419000.0,69.69498806682579,41.983941139485836,37.892579567520514,28.124575465290047,419000.0,328904.0
semisupervised.SelfTrainingClassifier -l trees.HoeffdingTree -s DistanceMeasure,SemiSupervisedStream -s generators.RandomTreeGenerator -t 0.95,1,420000.0,3.84567,2.149457199436922E-7,398956.0,420000.0,69.69404761904762,41.984307056110374,37.88915347529912,28.119246885553256,420000.0,328904.0
semisupervised.SelfTrainingClassifier -l trees.HoeffdingTree -s DistanceMeasure,SemiSupervisedStream -s generators.RandomTreeGenerator -t 0.95,1,421000.0,3.855251,2.157610046842859E-7,399912.0,421000.0,69.69904988123515,41.993727933895606,37.89882094071601,28.13734050643607,421000.0,328928.0
semisupervised.SelfTrainingClassifier -l trees.HoeffdingTree -s DistanceMeasure,SemiSupervisedStream -s generators.RandomTreeGenerator -t 0.95,1,422000.0,3.86627,2.1670766243504144E-7,400857.0,422000.0,69.70142180094787,41.99860056348175,37.907623871522304,28.14876005192442,422000.0,332088.0
semisupervised.SelfTrainingClassifier -l trees.HoeffdingTree -s DistanceMeasure,SemiSupervisedStream -s generators.RandomTreeGenerator -t 0.95,1,423000.0,3.875966,2.1754065939949608E-7,401813.0,423000.0,69.70118203309693,41.999799941262275,37.904437058498644,28.14549858156825,423000.0,332088.0
semisupervised.SelfTrainingClassifier -l trees.HoeffdingTree -s DistanceMeasure,SemiSupervisedStream -s generators.RandomTreeGenerator -t 0.95,1,424000.0,3.885736,2.1838153031137245E-7,402762.0,424000.0,69.70424528301888,42.006542314374144,37.91313426198924,28.150484948149153,424000.0,332688.0
semisupervised.SelfTrainingClassifier -l trees.HoeffdingTree -s DistanceMeasure,SemiSupervisedStream -s generators.RandomTreeGenerator -t 0.95,1,425000.0,3.89616,2.192787750893168E-7,403698.0,425000.0,69.70211764705883,42.004707263955154,37.909684885599255,28.141567239974552,425000.0,332720.0
semisupervised.SelfTrainingClassifier -l trees.HoeffdingTree -s DistanceMeasure,SemiSupervisedStream -s generators.RandomTreeGenerator -t 0.95,1,426000.0,3.905914,2.2011834968295354E-7,404640.0,426000.0,69.70915492957747,42.0189369015424,37.925311602534194,28.156804667839562,426000.0,332720.0
semisupervised.SelfTrainingClassifier -l trees.HoeffdingTree -s DistanceMeasure,SemiSupervisedStream -s generators.RandomTreeGenerator -t 0.95,1,427000.0,3.915754,2.20965387812919E-7,405588.0,427000.0,69.7103044496487,42.02370445953734,37.92082249378424,28.147707828714914,427000.0,332744.0
semisupervised.SelfTrainingClassifier -l trees.HoeffdingTree -s DistanceMeasure,SemiSupervisedStream -s generators.RandomTreeGenerator -t 0.95,1,428000.0,3.928693,2.2207921808378557E-7,406544.0,428000.0,69.7109813084112,42.02675593923105,37.91004315361441,28.145109885541665,428000.0,332752.0
semisupervised.SelfTrainingClassifier -l trees.HoeffdingTree -s DistanceMeasure,SemiSupervisedStream -s generators.RandomTreeGenerator -t 0.95,1,429000.0,3.938714,2.22941899113357E-7,407494.0,429000.0,69.71188811188811,42.02793444973683,37.906613335627135,28.15261266242742,429000.0,332768.0
semisupervised.SelfTrainingClassifier -l trees.HoeffdingTree -s DistanceMeasure,SemiSupervisedStream -s generators.RandomTreeGenerator -t 0.95,1,430000.0,3.947481,2.2369664478840093E-7,408457.0,430000.0,69.71744186046512,42.03953503216691,37.92516601436804,28.16358280096653,430000.0,332776.0
semisupervised.SelfTrainingClassifier -l trees.HoeffdingTree -s DistanceMeasure,SemiSupervisedStream -s generators.RandomTreeGenerator -t 0.95,1,431000.0,3.956522,2.2447501637869404E-7,409409.0,431000.0,69.71577726218098,42.03888703967233,37.915305108044734,28.15269444597347,431000.0,332792.0
semisupervised.SelfTrainingClassifier -l trees.HoeffdingTree -s DistanceMeasure,SemiSupervisedStream -s generators.RandomTreeGenerator -t 0.95,1,432000.0,3.965779,2.2527198417112223E-7,410357.0,432000.0,69.72337962962963,42.054635513712114,37.92623950566897,28.16619068541301,432000.0,332792.0
semisupervised.SelfTrainingClassifier -l trees.HoeffdingTree -s DistanceMeasure,SemiSupervisedStream -s generators.RandomTreeGenerator -t 0.95,1,433000.0,3.974647,2.260354615810016E-7,411313.0,433000.0,69.72725173210162,42.06250996496903,37.92807894836533,28.17282665278501,433000.0,332792.0
semisupervised.SelfTrainingClassifier -l trees.HoeffdingTree -s DistanceMeasure,SemiSupervisedStream -s generators.RandomTreeGenerator -t 0.95,1,434000.0,3.984146,2.268532640073034E-7,412258.0,434000.0,69.72764976958526,42.06455196184907,37.92722221697266,28.174373216413922,434000.0,332792.0
semisupervised.SelfTrainingClassifier -l trees.HoeffdingTree -s DistanceMeasure,SemiSupervisedStream -s generators.RandomTreeGenerator -t 0.95,1,435000.0,3.993879,2.2769125260619648E-7,413215.0,435000.0,69.72735632183908,42.06645681214853,37.92436998557544,28.162521616269636,435000.0,332808.0
semisupervised.SelfTrainingClassifier -l trees.HoeffdingTree -s DistanceMeasure,SemiSupervisedStream -s generators.RandomTreeGenerator -t 0.95,1,436000.0,4.003328,2.28504789467487E-7,414162.0,436000.0,69.72821100917432,42.06929813068109,37.9297209341698,28.164000631357794,436000.0,332808.0
semisupervised.SelfTrainingClassifier -l trees.HoeffdingTree -s DistanceMeasure,SemiSupervisedStream -s generators.RandomTreeGenerator -t 0.95,1,437000.0,4.01276,2.2931688218894926E-7,415110.0,437000.0,69.72608695652174,42.066795612393314,37.93448021880585,28.163094649848237,437000.0,332816.0
semisupervised.SelfTrainingClassifier -l trees.HoeffdingTree -s DistanceMeasure,SemiSupervisedStream -s generators.RandomTreeGenerator -t 0.95,1,438000.0,4.022277,2.301363524773882E-7,416053.0,438000.0,69.73196347031964,42.07850746609487,37.945431822543426,28.180375203826802,438000.0,332840.0
semisupervised.SelfTrainingClassifier -l trees.HoeffdingTree -s DistanceMeasure,SemiSupervisedStream -s generators.RandomTreeGenerator -t 0.95,1,439000.0,4.032398,2.3100783075723376E-7,417005.0,439000.0,69.7373576309795,42.08955077101607,37.95626914742585,28.195330234569248,439000.0,332840.0
semisupervised.SelfTrainingClassifier -l trees.HoeffdingTree -s DistanceMeasure,SemiSupervisedStream -s generators.RandomTreeGenerator -t 0.95,1,440000.0,4.041822,2.318192931926912E-7,417956.0,440000.0,69.73863636363636,42.09459027773143,37.960982746490366,28.18773123928075,440000.0,332840.0
semisupervised.SelfTrainingClassifier -l trees.HoeffdingTree -s DistanceMeasure,SemiSupervisedStream -s generators.RandomTreeGenerator -t 0.95,1,441000.0,4.053831,2.328533643525507E-7,418909.0,441000.0,69.74013605442177,42.09776285889738,37.96844639885462,28.19500121068632,441000.0,332848.0
semisupervised.SelfTrainingClassifier -l trees.HoeffdingTree -s DistanceMeasure,SemiSupervisedStream -s generators.RandomTreeGenerator -t 0.95,1,442000.0,4.063323,2.336707016370362E-7,419862.0,442000.0,69.74411764705883,42.10601654734657,37.9711959924859,28.20467393580182,442000.0,332848.0
semisupervised.SelfTrainingClassifier -l trees.HoeffdingTree -s DistanceMeasure,SemiSupervisedStream -s generators.RandomTreeGenerator -t 0.95,1,443000.0,4.073242,2.3452480704420136E-7,420822.0,443000.0,69.74424379232505,42.10762335792093,37.97812184761181,28.204427731979187,443000.0,332848.0
semisupervised.SelfTrainingClassifier -l trees.HoeffdingTree -s DistanceMeasure,SemiSupervisedStream -s generators.RandomTreeGenerator -t 0.95,1,444000.0,4.082799,2.3534774134970368E-7,421758.0,444000.0,69.7481981981982,42.11581027920212,37.98026531469759,28.21134995884597,444000.0,332848.0
semisupervised.SelfTrainingClassifier -l trees.HoeffdingTree -s DistanceMeasure,SemiSupervisedStream -s generators.RandomTreeGenerator -t 0.95,1,445000.0,4.092131,2.3615130135168627E-7,422705.0,445000.0,69.7485393258427,42.118006609181144,37.981599812036144,28.20894328453724,445000.0,332848.0
semisupervised.SelfTrainingClassifier -l trees.HoeffdingTree -s DistanceMeasure,SemiSupervisedStream -s generators.RandomTreeGenerator -t 0.95,1,446000.0,4.101417,2.3695090038494926E-7,423653.0,446000.0,69.7517937219731,42.125009147022176,37.98776367622928,28.21461068157995,446000.0,332848.0
semisupervised.SelfTrainingClassifier -l trees.HoeffdingTree -s DistanceMeasure,SemiSupervisedStream -s generators.RandomTreeGenerator -t 0.95,1,447000.0,4.110705,2.3775067163424355E-7,424599.0,447000.0,69.75212527964206,42.12822021940487,37.98253339204463,28.207252125247585,447000.0,332848.0
semisupervised.SelfTrainingClassifier -l trees.HoeffdingTree -s DistanceMeasure,SemiSupervisedStream -s generators.RandomTreeGenerator -t 0.95,1,448000.0,4.120218,2.3856981718705756E-7,425538.0,448000.0,69.75133928571428,42.128609183010774,37.973901381826174,28.201079786585854,448000.0,332848.0
semisupervised.SelfTrainingClassifier -l trees.HoeffdingTree -s DistanceMeasure,SemiSupervisedStream -s generators.RandomTreeGenerator -t 0.95,1,449000.0,4.1294,2.393604799898134E-7,426490.0,449000.0,69.75456570155902,42.13586491884736,37.97692666039443,28.20748682325453,449000.0,332856.0
semisupervised.SelfTrainingClassifier -l trees.HoeffdingTree -s DistanceMeasure,SemiSupervisedStream -s generators.RandomTreeGenerator -t 0.95,1,450000.0,4.138575,2.40150559010605E-7,427449.0,450000.0,69.756,42.13942244246433,37.98251090220596,28.219111612746694,450000.0,332864.0
semisupervised.SelfTrainingClassifier -l trees.HoeffdingTree -s DistanceMeasure,SemiSupervisedStream -s generators.RandomTreeGenerator -t 0.95,1,451000.0,4.148554,2.410112972329888E-7,428394.0,451000.0,69.76097560975609,42.14991821278328,37.98998767784148,28.230793114517706,451000.0,333416.0
semisupervised.SelfTrainingClassifier -l trees.HoeffdingTree -s DistanceMeasure,SemiSupervisedStream -s generators.RandomTreeGenerator -t 0.95,1,452000.0,4.157713,2.4180130639010005E-7,429354.0,452000.0,69.7603982300885,42.149631347198635,37.983557019573674,28.231556839065362,452000.0,333416.0
semisupervised.SelfTrainingClassifier -l trees.HoeffdingTree -s DistanceMeasure,SemiSupervisedStream -s generators.RandomTreeGenerator -t 0.95,1,453000.0,4.166936,2.4259683586450085E-7,430303.0,453000.0,69.76203090507727,42.155012692419476,37.98701592676766,28.229660057844658,453000.0,333416.0
semisupervised.SelfTrainingClassifier -l trees.HoeffdingTree -s DistanceMeasure,SemiSupervisedStream -s generators.RandomTreeGenerator -t 0.95,1,454000.0,4.175854,2.4336605757681856E-7,431270.0,454000.0,69.76343612334801,42.15909047010978,37.98496539511015,28.233252125179064,454000.0,333416.0
semisupervised.SelfTrainingClassifier -l trees.HoeffdingTree -s DistanceMeasure,SemiSupervisedStream -s generators.RandomTreeGenerator -t 0.95,1,455000.0,4.185841,2.4422748583886357E-7,432221.0,455000.0,69.76923076923077,42.17084263102418,37.99082146946652,28.250255597053865,455000.0,333416.0
semisupervised.SelfTrainingClassifier -l trees.HoeffdingTree -s DistanceMeasure,SemiSupervisedStream -s generators.RandomTreeGenerator -t 0.95,1,456000.0,4.194776,2.449981738854613E-7,433166.0,456000.0,69.76995614035087,42.173469469767774,37.994674295378694,28.250731290923664,456000.0,333416.0
semisupervised.SelfTrainingClassifier -l trees.HoeffdingTree -s DistanceMeasure,SemiSupervisedStream -s generators.RandomTreeGenerator -t 0.95,1,457000.0,4.203469,2.4574798823230794E-7,434123.0,457000.0,69.76761487964988,42.17044575456188,37.98415512714051,28.24579717370642,457000.0,333416.0
semisupervised.SelfTrainingClassifier -l trees.HoeffdingTree -s DistanceMeasure,SemiSupervisedStream -s generators.RandomTreeGenerator -t 0.95,1,458000.0,4.212627,2.4653793008791074E-7,435070.0,458000.0,69.76615720524018,42.17008983517681,37.97880536047011,28.240354468426922,458000.0,333424.0
semisupervised.SelfTrainingClassifier -l trees.HoeffdingTree -s DistanceMeasure,SemiSupervisedStream -s generators.RandomTreeGenerator -t 0.95,1,459000.0,4.223245,2.4746259723272587E-7,436033.0,459000.0,69.76775599128541,42.174759607556545,37.98084443590306,28.23660829721875,459000.0,336624.0
semisupervised.SelfTrainingClassifier -l trees.HoeffdingTree -s DistanceMeasure,SemiSupervisedStream -s generators.RandomTreeGenerator -t 0.95,1,460000.0,4.234514,2.4845333222713733E-7,436987.0,460000.0,69.76891304347826,42.17784870294221,37.980046649986846,28.242955257305336,460000.0,339840.0
semisupervised.SelfTrainingClassifier -l trees.HoeffdingTree -s DistanceMeasure,SemiSupervisedStream -s generators.RandomTreeGenerator -t 0.95,1,461000.0,4.243961,2.4928390227051245E-7,437934.0,461000.0,69.76507592190889,42.17402120209224,37.964046804135634,28.22301984149462,461000.0,339848.0
semisupervised.SelfTrainingClassifier -l trees.HoeffdingTree -s DistanceMeasure,SemiSupervisedStream -s generators.RandomTreeGenerator -t 0.95,1,462000.0,4.253393,2.501131535300778E-7,438872.0,462000.0,69.76580086580087,42.17562712820739,37.96901159511681,28.230555013204807,462000.0,339848.0
semisupervised.SelfTrainingClassifier -l trees.HoeffdingTree -s DistanceMeasure,SemiSupervisedStream -s generators.RandomTreeGenerator -t 0.95,1,463000.0,4.262402,2.509066134670542E-7,439824.0,463000.0,69.76501079913608,42.17582752938859,37.963980572198395,28.221956734639463,463000.0,340448.0
semisupervised.SelfTrainingClassifier -l trees.HoeffdingTree -s DistanceMeasure,SemiSupervisedStream -s generators.RandomTreeGenerator -t 0.95,1,464000.0,4.271398,2.5170032480317683E-7,440772.0,464000.0,69.77176724137931,42.18891283245984,37.98020800169798,28.238279671119628,464000.0,341048.0
semisupervised.SelfTrainingClassifier -l trees.HoeffdingTree -s DistanceMeasure,SemiSupervisedStream -s generators.RandomTreeGenerator -t 0.95,1,465000.0,4.280569,2.525094762775633E-7,441713.0,465000.0,69.77741935483871,42.199401933970066,37.99005440513959,28.25454359812129,465000.0,341048.0
semisupervised.SelfTrainingClassifier -l trees.HoeffdingTree -s DistanceMeasure,SemiSupervisedStream -s generators.RandomTreeGenerator -t 0.95,1,466000.0,4.289812,2.533249802659783E-7,442649.0,466000.0,69.77982832618027,42.20430772879556,37.99216238827001,28.266749525007768,466000.0,341048.0
semisupervised.SelfTrainingClassifier -l trees.HoeffdingTree -s DistanceMeasure,SemiSupervisedStream -s generators.RandomTreeGenerator -t 0.95,1,467000.0,4.29922,2.541550420990421E-7,443617.0,467000.0,69.78265524625267,42.2115216557569,37.9943229752531,28.269345139760798,467000.0,341048.0
semisupervised.SelfTrainingClassifier -l trees.HoeffdingTree -s DistanceMeasure,SemiSupervisedStream -s generators.RandomTreeGenerator -t 0.95,1,468000.0,4.308169,2.5494460665517385E-7,444565.0,468000.0,69.78504273504274,42.21736697983534,37.997500712516164,28.27091544544713,468000.0,341048.0
semisupervised.SelfTrainingClassifier -l trees.HoeffdingTree -s DistanceMeasure,SemiSupervisedStream -s generators.RandomTreeGenerator -t 0.95,1,469000.0,4.317713,2.5577799641423756E-7,445512.0,469000.0,69.78635394456289,42.22118855002147,37.99684956681543,28.272489825669673,469000.0,337536.0
semisupervised.SelfTrainingClassifier -l trees.HoeffdingTree -s DistanceMeasure,SemiSupervisedStream -s generators.RandomTreeGenerator -t 0.95,1,470000.0,4.327601,2.56659740044011E-7,446458.0,470000.0,69.7891489361702,42.227012857656234,38.0046717750562,28.279042515039617,470000.0,344696.0
semisupervised.SelfTrainingClassifier -l trees.HoeffdingTree -s DistanceMeasure,SemiSupervisedStream -s generators.RandomTreeGenerator -t 0.95,1,471000.0,4.337079,2.5751471094787123E-7,447411.0,471000.0,69.78789808917197,42.2277637087106,37.99850986235833,28.264420313965083,471000.0,348688.0
semisupervised.SelfTrainingClassifier -l trees.HoeffdingTree -s DistanceMeasure,SemiSupervisedStream -s generators.RandomTreeGenerator -t 0.95,1,472000.0,4.346438,2.5836041943480576E-7,448358.0,472000.0,69.79152542372881,42.23448848560059,38.008843209119725,28.276583650658726,472000.0,349296.0
semisupervised.SelfTrainingClassifier -l trees.HoeffdingTree -s DistanceMeasure,SemiSupervisedStream -s generators.RandomTreeGenerator -t 0.95,1,473000.0,4.357385,2.593743422317009E-7,449321.0,473000.0,69.79344608879494,42.2395738960346,38.01189634302425,28.277838852662292,473000.0,358024.0
semisupervised.SelfTrainingClassifier -l trees.HoeffdingTree -s DistanceMeasure,SemiSupervisedStream -s generators.RandomTreeGenerator -t 0.95,1,474000.0,4.366828,2.6024896294706406E-7,450264.0,474000.0,69.7970464135021,42.247404397975714,38.013838013838004,28.284174247585447,474000.0,358024.0
semisupervised.SelfTrainingClassifier -l trees.HoeffdingTree -s DistanceMeasure,SemiSupervisedStream -s generators.RandomTreeGenerator -t 0.95,1,475000.0,4.376292,2.611255678782861E-7,451217.0,475000.0,69.79936842105263,42.25265973442174,38.01344706299206,28.286408446479637,475000.0,358040.0
semisupervised.SelfTrainingClassifier -l trees.HoeffdingTree -s DistanceMeasure,SemiSupervisedStream -s generators.RandomTreeGenerator -t 0.95,1,476000.0,4.386192,2.620425983766715E-7,452171.0,476000.0,69.80504201680672,42.26355377359959,38.025035250287814,28.303769180118515,476000.0,358056.0
semisupervised.SelfTrainingClassifier -l trees.HoeffdingTree -s DistanceMeasure,SemiSupervisedStream -s generators.RandomTreeGenerator -t 0.95,1,477000.0,4.395629,2.6291676101999154E-7,453117.0,477000.0,69.8104821802935,42.2753506929366,38.027611375060246,28.308781432490136,477000.0,358064.0
semisupervised.SelfTrainingClassifier -l trees.HoeffdingTree -s DistanceMeasure,SemiSupervisedStream -s generators.RandomTreeGenerator -t 0.95,1,478000.0,4.405087,2.637929080716438E-7,454065.0,478000.0,69.81171548117155,42.27789552162705,38.02957230527414,28.32021936099188,478000.0,358080.0
semisupervised.SelfTrainingClassifier -l trees.HoeffdingTree -s DistanceMeasure,SemiSupervisedStream -s generators.RandomTreeGenerator -t 0.95,1,479000.0,4.414501,2.646649791590042E-7,455021.0,479000.0,69.81148225469728,42.27994975917539,38.02560355209641,28.30859386619865,479000.0,358080.0
semisupervised.SelfTrainingClassifier -l trees.HoeffdingTree -s DistanceMeasure,SemiSupervisedStream -s generators.RandomTreeGenerator -t 0.95,1,480000.0,4.425554,2.656889256669416E-7,455973.0,480000.0,69.81666666666668,42.29028082881224,38.033566577133,28.323710860778416,480000.0,358096.0
semisupervised.SelfTrainingClassifier -l trees.HoeffdingTree -s DistanceMeasure,SemiSupervisedStream -s generators.RandomTreeGenerator -t 0.95,1,481000.0,4.434888,2.665536245455345E-7,456935.0,481000.0,69.82370062370063,42.304092771642175,38.04269414481519,28.33506964159635,481000.0,358096.0
semisupervised.SelfTrainingClassifier -l trees.HoeffdingTree -s DistanceMeasure,SemiSupervisedStream -s generators.RandomTreeGenerator -t 0.95,1,482000.0,4.445081,2.674970570993093E-7,457883.0,482000.0,69.82344398340248,42.30523441370662,38.039250767847946,28.336552294988266,482000.0,357776.0
semisupervised.SelfTrainingClassifier -l trees.HoeffdingTree -s DistanceMeasure,SemiSupervisedStream -s generators.RandomTreeGenerator -t 0.95,1,483000.0,4.455813,2.6850066152297796E-7,458834.0,483000.0,69.82670807453417,42.31222792358864,38.04726257125732,28.343568538176733,483000.0,361480.0
semisupervised.SelfTrainingClassifier -l trees.HoeffdingTree -s DistanceMeasure,SemiSupervisedStream -s generators.RandomTreeGenerator -t 0.95,1,484000.0,4.465498,2.694076183810831E-7,459777.0,484000.0,69.82851239669422,42.317914600362926,38.04859216772656,28.3362205613164,484000.0,361984.0
semisupervised.SelfTrainingClassifier -l trees.HoeffdingTree -s DistanceMeasure,SemiSupervisedStream -s generators.RandomTreeGenerator -t 0.95,1,485000.0,4.474745,2.7027369246507694E-7,460737.0,485000.0,69.83175257731958,42.32371306357576,38.05917390218398,28.35549026808666,485000.0,362040.0
semisupervised.SelfTrainingClassifier -l trees.HoeffdingTree -s DistanceMeasure,SemiSupervisedStream -s generators.RandomTreeGenerator -t 0.95,1,486000.0,4.484436,2.711813515921435E-7,461681.0,486000.0,69.83497942386832,42.33154266189704,38.0629079617229,28.35682311316145,486000.0,362040.0
semisupervised.SelfTrainingClassifier -l trees.HoeffdingTree -s DistanceMeasure,SemiSupervisedStream -s generators.RandomTreeGenerator -t 0.95,1,487000.0,4.494265,2.72101935800165E-7,462627.0,487000.0,69.83839835728953,42.33821316039838,38.07540376808051,28.371564554196667,487000.0,362040.0
semisupervised.SelfTrainingClassifier -l trees.HoeffdingTree -s DistanceMeasure,SemiSupervisedStream -s generators.RandomTreeGenerator -t 0.95,1,488000.0,4.503659,2.729829638596211E-7,463585.0,488000.0,69.84282786885247,42.346207994664525,38.081093248400144,28.388675866632934,488000.0,362528.0
semisupervised.SelfTrainingClassifier -l trees.HoeffdingTree -s DistanceMeasure,SemiSupervisedStream -s generators.RandomTreeGenerator -t 0.95,1,489000.0,4.51298,2.738571648134126E-7,464541.0,489000.0,69.84212678936605,42.346786104796,38.07704258588981,28.38453394974797,489000.0,362536.0
semisupervised.SelfTrainingClassifier -l trees.HoeffdingTree -s DistanceMeasure,SemiSupervisedStream -s generators.RandomTreeGenerator -t 0.95,1,490000.0,4.522711,2.74769818979419E-7,465481.0,490000.0,69.84102040816327,42.3456598512381,38.08410529711702,28.38429852192877,490000.0,362536.0
semisupervised.SelfTrainingClassifier -l trees.HoeffdingTree -s DistanceMeasure,SemiSupervisedStream -s generators.RandomTreeGenerator -t 0.95,1,491000.0,4.532164,2.7565788685447644E-7,466433.0,491000.0,69.83930753564155,42.343253437396875,38.08108175911292,28.37949595925889,491000.0,363144.0
semisupervised.SelfTrainingClassifier -l trees.HoeffdingTree -s DistanceMeasure,SemiSupervisedStream -s generators.RandomTreeGenerator -t 0.95,1,492000.0,4.54172,2.765556311276224E-7,467376.0,492000.0,69.83821138211383,42.343249694188714,38.08061420345489,28.370629235610988,492000.0,363144.0
semisupervised.SelfTrainingClassifier -l trees.HoeffdingTree -s DistanceMeasure,SemiSupervisedStream -s generators.RandomTreeGenerator -t 0.95,1,493000.0,4.551676,2.77490974250767E-7,468329.0,493000.0,69.83813387423935,42.344797162998624,38.080683578459954,28.36420570877996,493000.0,363152.0
semisupervised.SelfTrainingClassifier -l trees.HoeffdingTree -s DistanceMeasure,SemiSupervisedStream -s generators.RandomTreeGenerator -t 0.95,1,494000.0,4.561159,2.783818801202708E-7,469283.0,494000.0,69.83987854251012,42.348347038866194,38.085007355446784,28.374532483390542,494000.0,363152.0
semisupervised.SelfTrainingClassifier -l trees.HoeffdingTree -s DistanceMeasure,SemiSupervisedStream -s generators.RandomTreeGenerator -t 0.95,1,495000.0,4.570647,2.792732557281852E-7,470228.0,495000.0,69.84666666666666,42.36226480032037,38.09583058565901,28.384097190234915,495000.0,363152.0
semisupervised.SelfTrainingClassifier -l trees.HoeffdingTree -s DistanceMeasure,SemiSupervisedStream -s generators.RandomTreeGenerator -t 0.95,1,496000.0,4.580393,2.8018889000846283E-7,471178.0,496000.0,69.85362903225807,42.37576490130775,38.11086782862797,28.40061866431716,496000.0,363160.0
semisupervised.SelfTrainingClassifier -l trees.HoeffdingTree -s DistanceMeasure,SemiSupervisedStream -s generators.RandomTreeGenerator -t 0.95,1,497000.0,4.591415,2.8122440417193706E-7,472123.0,497000.0,69.85472837022132,42.37899208880479,38.118977502240696,28.40013572346821,497000.0,363160.0
semisupervised.SelfTrainingClassifier -l trees.HoeffdingTree -s DistanceMeasure,SemiSupervisedStream -s generators.RandomTreeGenerator -t 0.95,1,498000.0,4.602583,2.8228290345519784E-7,473078.0,498000.0,69.84939759036145,42.37149196576957,38.1057005412402,28.379267908760486,498000.0,366368.0
semisupervised.SelfTrainingClassifier -l trees.HoeffdingTree -s DistanceMeasure,SemiSupervisedStream -s generators.RandomTreeGenerator -t 0.95,1,499000.0,4.612261,2.8320166323333983E-7,474018.0,499000.0,69.85190380761523,42.376234988205994,38.11004833899003,28.39341047450868,499000.0,366960.0
semisupervised.SelfTrainingClassifier -l trees.HoeffdingTree -s DistanceMeasure,SemiSupervisedStream -s generators.RandomTreeGenerator -t 0.95,1,500000.0,4.621938,2.8412034810624194E-7,474977.0,500000.0,69.852,42.37829233333816,38.106148325162394,28.387847692344238,500000.0,366968.0
semisupervised.SelfTrainingClassifier -l trees.HoeffdingTree -s DistanceMeasure,SemiSupervisedStream -s generators.RandomTreeGenerator -t 0.95,1,501000.0,4.631423,2.8502088400224847E-7,475928.0,501000.0,69.85429141716567,42.383379372795396,38.10956119789534,28.39872565566154,501000.0,367000.0
semisupervised.SelfTrainingClassifier -l trees.HoeffdingTree -s DistanceMeasure,SemiSupervisedStream -s generators.RandomTreeGenerator -t 0.95,1,502000.0,4.640676,2.8589939308456254E-7,476882.0,502000.0,69.85876494023906,42.391271306330374,38.123279884514574,28.41645613935489,502000.0,367000.0
semisupervised.SelfTrainingClassifier -l trees.HoeffdingTree -s DistanceMeasure,SemiSupervisedStream -s generators.RandomTreeGenerator -t 0.95,1,503000.0,4.650109,2.867950309813023E-7,477829.0,503000.0,69.86361829025844,42.39967304705695,38.139272946899325,28.436746120545166,503000.0,367016.0
semisupervised.SelfTrainingClassifier -l trees.HoeffdingTree -s DistanceMeasure,SemiSupervisedStream -s generators.RandomTreeGenerator -t 0.95,1,504000.0,4.659463,2.876831680412094E-7,478783.0,504000.0,69.86329365079365,42.4003132193674,38.14058051877704,28.43694786685198,504000.0,367016.0
semisupervised.SelfTrainingClassifier -l trees.HoeffdingTree -s DistanceMeasure,SemiSupervisedStream -s generators.RandomTreeGenerator -t 0.95,1,505000.0,4.669396,2.886262795887888E-7,479723.0,505000.0,69.86574257425742,42.406400105891535,38.13977878318558,28.43969396728065,505000.0,367016.0
semisupervised.SelfTrainingClassifier -l trees.HoeffdingTree -s DistanceMeasure,SemiSupervisedStream -s generators.RandomTreeGenerator -t 0.95,1,506000.0,4.679145,2.895519208328592E-7,480660.0,506000.0,69.86403162055336,42.40415604246607,38.14150281326187,28.44029808721115,506000.0,367016.0
semisupervised.SelfTrainingClassifier -l trees.HoeffdingTree -s DistanceMeasure,SemiSupervisedStream -s generators.RandomTreeGenerator -t 0.95,1,507000.0,4.690651,2.9066529219763154E-7,481608.0,507000.0,69.86449704142011,42.40684395355526,38.145419213797005,28.437672715009676,507000.0,374040.0
semisupervised.SelfTrainingClassifier -l trees.HoeffdingTree -s DistanceMeasure,SemiSupervisedStream -s generators.RandomTreeGenerator -t 0.95,1,508000.0,4.701248,2.9170230653136976E-7,482553.0,508000.0,69.86279527559056,42.40528998960287,38.137127340612096,28.430584253485048,508000.0,378272.0
semisupervised.SelfTrainingClassifier -l trees.HoeffdingTree -s DistanceMeasure,SemiSupervisedStream -s generators.RandomTreeGenerator -t 0.95,1,509000.0,4.712167,2.92770854137424E-7,483497.0,509000.0,69.86345776031435,42.407076012741534,38.13944484996109,28.430791626036367,509000.0,378280.0
semisupervised.SelfTrainingClassifier -l trees.HoeffdingTree -s DistanceMeasure,SemiSupervisedStream -s generators.RandomTreeGenerator -t 0.95,1,510000.0,4.722192,2.937519552310308E-7,484445.0,510000.0,69.86607843137254,42.411924576216656,38.14577799243339,28.44098638505523,510000.0,378296.0
semisupervised.SelfTrainingClassifier -l trees.HoeffdingTree -s DistanceMeasure,SemiSupervisedStream -s generators.RandomTreeGenerator -t 0.95,1,511000.0,4.733259,2.948516835644842E-7,485395.0,511000.0,69.86731898238747,42.41514186033181,38.14703826594146,28.44688978317238,511000.0,384112.0
semisupervised.SelfTrainingClassifier -l trees.HoeffdingTree -s DistanceMeasure,SemiSupervisedStream -s generators.RandomTreeGenerator -t 0.95,1,512000.0,4.743444,2.9586376751462626E-7,486355.0,512000.0,69.865234375,42.412781895675195,38.139989896479,28.437252146325843,512000.0,384112.0
semisupervised.SelfTrainingClassifier -l trees.HoeffdingTree -s DistanceMeasure,SemiSupervisedStream -s generators.RandomTreeGenerator -t 0.95,1,513000.0,4.753701,2.968830273362498E-7,487313.0,513000.0,69.86666666666666,42.416477195172035,38.145369425604706,28.43730903838675,513000.0,384120.0
semisupervised.SelfTrainingClassifier -l trees.HoeffdingTree -s DistanceMeasure,SemiSupervisedStream -s generators.RandomTreeGenerator -t 0.95,1,514000.0,4.764884,2.979945603282088E-7,488259.0,514000.0,69.86789883268483,42.420437280798794,38.14390580943025,28.43756497631974,514000.0,384208.0
semisupervised.SelfTrainingClassifier -l trees.HoeffdingTree -s DistanceMeasure,SemiSupervisedStream -s generators.RandomTreeGenerator -t 0.95,1,515000.0,4.775036,2.9900361719437776E-7,489213.0,515000.0,69.86388349514563,42.415399167563194,38.132424459858086,28.419426252190743,515000.0,384208.0
semisupervised.SelfTrainingClassifier -l trees.HoeffdingTree -s DistanceMeasure,SemiSupervisedStream -s generators.RandomTreeGenerator -t 0.95,1,516000.0,4.785323,3.0002611365997133E-7,490161.0,516000.0,69.86589147286821,42.42061161016839,38.13110514274345,28.417931885352303,516000.0,384216.0
semisupervised.SelfTrainingClassifier -l trees.HoeffdingTree -s DistanceMeasure,SemiSupervisedStream -s generators.RandomTreeGenerator -t 0.95,1,517000.0,4.795421,3.0103139151715576E-7,491112.0,517000.0,69.87040618955513,42.430422406619996,38.14011302127388,28.421101001746152,517000.0,384816.0
semisupervised.SelfTrainingClassifier -l trees.HoeffdingTree -s DistanceMeasure,SemiSupervisedStream -s generators.RandomTreeGenerator -t 0.95,1,518000.0,4.805721,3.020568002305098E-7,492066.0,518000.0,69.87142857142857,42.433605925668004,38.13974505327245,28.422240261973887,518000.0,384824.0
semisupervised.SelfTrainingClassifier -l trees.HoeffdingTree -s DistanceMeasure,SemiSupervisedStream -s generators.RandomTreeGenerator -t 0.95,1,519000.0,4.815941,3.0307424460434257E-7,493017.0,519000.0,69.87899807321773,42.44663046646118,38.164572233231674,28.455314319188663,519000.0,384824.0
semisupervised.SelfTrainingClassifier -l trees.HoeffdingTree -s DistanceMeasure,SemiSupervisedStream -s generators.RandomTreeGenerator -t 0.95,1,520000.0,4.826493,3.0412474098718835E-7,493959.0,520000.0,69.88307692307693,42.454489625429616,38.171452936113766,28.472187333007536,520000.0,384824.0
semisupervised.SelfTrainingClassifier -l trees.HoeffdingTree -s DistanceMeasure,SemiSupervisedStream -s generators.RandomTreeGenerator -t 0.95,1,521000.0,4.83664,3.051349179012081E-7,494911.0,521000.0,69.88541266794626,42.460394551796554,38.17013193776699,28.47282690457846,521000.0,384824.0
semisupervised.SelfTrainingClassifier -l trees.HoeffdingTree -s DistanceMeasure,SemiSupervisedStream -s generators.RandomTreeGenerator -t 0.95,1,522000.0,4.84703,3.0616928649652346E-7,495854.0,522000.0,69.88505747126436,42.46180130939654,38.17011870393241,28.465791449568833,522000.0,384824.0
semisupervised.SelfTrainingClassifier -l trees.HoeffdingTree -s DistanceMeasure,SemiSupervisedStream -s generators.RandomTreeGenerator -t 0.95,1,523000.0,4.857363,3.0719798049992994E-7,496801.0,523000.0,69.88910133843213,42.47025270829213,38.17889178950675,28.47507664357898,523000.0,384824.0
semisupervised.SelfTrainingClassifier -l trees.HoeffdingTree -s DistanceMeasure,SemiSupervisedStream -s generators.RandomTreeGenerator -t 0.95,1,524000.0,4.868276,3.082844159648651E-7,497738.0,524000.0,69.89160305343512,42.47643001922851,38.18304351573949,28.479078834036,524000.0,384824.0
semisupervised.SelfTrainingClassifier -l trees.HoeffdingTree -s DistanceMeasure,SemiSupervisedStream -s generators.RandomTreeGenerator -t 0.95,1,525000.0,4.878719,3.0932406093511323E-7,498678.0,525000.0,69.89580952380953,42.48397760700473,38.200125127082195,28.495226892277074,525000.0,384824.0
semisupervised.SelfTrainingClassifier -l trees.HoeffdingTree -s DistanceMeasure,SemiSupervisedStream -s generators.RandomTreeGenerator -t 0.95,1,526000.0,4.888626,3.103103448305694E-7,499627.0,526000.0,69.89866920152092,42.490191873059786,38.205001112312324,28.499110376532016,526000.0,384824.0
semisupervised.SelfTrainingClassifier -l trees.HoeffdingTree -s DistanceMeasure,SemiSupervisedStream -s generators.RandomTreeGenerator -t 0.95,1,527000.0,4.898806,3.113238070346416E-7,500573.0,527000.0,69.90417457305503,42.500798761342665,38.21747852677095,28.5144453959526,527000.0,384824.0
semisupervised.SelfTrainingClassifier -l trees.HoeffdingTree -s DistanceMeasure,SemiSupervisedStream -s generators.RandomTreeGenerator -t 0.95,1,528000.0,4.909441,3.1238258842999745E-7,501517.0,528000.0,69.9064393939394,42.50543455210564,38.22401928385366,28.52657526359349,528000.0,384832.0
semisupervised.SelfTrainingClassifier -l trees.HoeffdingTree -s DistanceMeasure,SemiSupervisedStream -s generators.RandomTreeGenerator -t 0.95,1,529000.0,4.921409,3.135740783914097E-7,502465.0,529000.0,69.9085066162571,42.50947630245056,38.23182467250265,28.539491286508234,529000.0,384832.0
semisupervised.SelfTrainingClassifier -l trees.HoeffdingTree -s DistanceMeasure,SemiSupervisedStream -s generators.RandomTreeGenerator -t 0.95,1,530000.0,4.932228,3.1465120053953605E-7,503404.0,530000.0,69.91698113207548,42.52557005905522,38.24846240840293,28.56022690103549,530000.0,384840.0
semisupervised.SelfTrainingClassifier -l trees.HoeffdingTree -s DistanceMeasure,SemiSupervisedStream -s generators.RandomTreeGenerator -t 0.95,1,531000.0,4.943893,3.158125973637734E-7,504358.0,531000.0,69.91431261770245,42.52259373796156,38.244855831861166,28.549065911703263,531000.0,384856.0
semisupervised.SelfTrainingClassifier -l trees.HoeffdingTree -s DistanceMeasure,SemiSupervisedStream -s generators.RandomTreeGenerator -t 0.95,1,532000.0,4.953912,3.168101142760781E-7,505311.0,532000.0,69.91785714285714,42.53000473783104,38.2537569689604,28.560013570459255,532000.0,384856.0
semisupervised.SelfTrainingClassifier -l trees.HoeffdingTree -s DistanceMeasure,SemiSupervisedStream -s generators.RandomTreeGenerator -t 0.95,1,533000.0,4.964517,3.178649652107723E-7,506261.0,533000.0,69.91988742964352,42.534223598550604,38.25954351333761,28.567036766409426,533000.0,384488.0
semisupervised.SelfTrainingClassifier -l trees.HoeffdingTree -s DistanceMeasure,SemiSupervisedStream -s generators.RandomTreeGenerator -t 0.95,1,534000.0,4.975827,3.19000356828587E-7,507221.0,534000.0,69.9189138576779,42.53480840071309,38.252750378633536,28.555798200474115,534000.0,388048.0
semisupervised.SelfTrainingClassifier -l trees.HoeffdingTree -s DistanceMeasure,SemiSupervisedStream -s generators.RandomTreeGenerator -t 0.95,1,535000.0,4.986529,3.200747345118888E-7,508180.0,535000.0,69.92,42.53843321939868,38.249728522587304,28.553923744916638,535000.0,388056.0
semisupervised.SelfTrainingClassifier -l trees.HoeffdingTree -s DistanceMeasure,SemiSupervisedStream -s generators.RandomTreeGenerator -t 0.95,1,536000.0,4.997722,3.211984038642712E-7,509134.0,536000.0,69.91884328358209,42.538122126509656,38.25347344556609,28.54927124555191,536000.0,388056.0
semisupervised.SelfTrainingClassifier -l trees.HoeffdingTree -s DistanceMeasure,SemiSupervisedStream -s generators.RandomTreeGenerator -t 0.95,1,537000.0,5.009837,3.2241465820620466E-7,510077.0,537000.0,69.91415270018622,42.53203897569502,38.24286047391698,28.53212186091364,537000.0,388064.0
semisupervised.SelfTrainingClassifier -l trees.HoeffdingTree -s DistanceMeasure,SemiSupervisedStream -s generators.RandomTreeGenerator -t 0.95,1,538000.0,5.022271,3.2366298920164516E-7,511020.0,538000.0,69.92100371747212,42.545265515559585,38.2566493572892,28.549036576535215,538000.0,388080.0
semisupervised.SelfTrainingClassifier -l trees.HoeffdingTree -s DistanceMeasure,SemiSupervisedStream -s generators.RandomTreeGenerator -t 0.95,1,539000.0,5.035661,3.250073270334139E-7,511974.0,539000.0,69.92727272727272,42.55686396033172,38.27089029879735,28.569917681690793,539000.0,388088.0
semisupervised.SelfTrainingClassifier -l trees.HoeffdingTree -s DistanceMeasure,SemiSupervisedStream -s generators.RandomTreeGenerator -t 0.95,1,540000.0,5.046926,3.261383177484904E-7,512933.0,540000.0,69.92574074074074,42.55491653966404,38.26582783722654,28.57004622685908,540000.0,388088.0
semisupervised.SelfTrainingClassifier -l trees.HoeffdingTree -s DistanceMeasure,SemiSupervisedStream -s generators.RandomTreeGenerator -t 0.95,1,541000.0,5.057834,3.2723346614796265E-7,513891.0,541000.0,69.92458410351202,42.554577420128965,38.264353685744204,28.56258479208651,541000.0,388088.0
semisupervised.SelfTrainingClassifier -l trees.HoeffdingTree -s DistanceMeasure,SemiSupervisedStream -s generators.RandomTreeGenerator -t 0.95,1,542000.0,5.068743,3.28328714946078E-7,514835.0,542000.0,69.92878228782288,42.56292921759628,38.270127371407135,28.57380756218557,542000.0,388088.0
semisupervised.SelfTrainingClassifier -l trees.HoeffdingTree -s DistanceMeasure,SemiSupervisedStream -s generators.RandomTreeGenerator -t 0.95,1,543000.0,5.07958,3.2941673504188664E-7,515779.0,543000.0,69.93462246777163,42.57387369961055,38.28581581195611,28.594547546045796,543000.0,388088.0
semisupervised.SelfTrainingClassifier -l trees.HoeffdingTree -s DistanceMeasure,SemiSupervisedStream -s generators.RandomTreeGenerator -t 0.95,1,544000.0,5.090295,3.3049252867905636E-7,516735.0,544000.0,69.93897058823529,42.58163537455253,38.290742781241036,28.61327315031058,544000.0,388096.0
semisupervised.SelfTrainingClassifier -l trees.HoeffdingTree -s DistanceMeasure,SemiSupervisedStream -s generators.RandomTreeGenerator -t 0.95,1,545000.0,5.101168,3.315841856288414E-7,517679.0,545000.0,69.94311926605505,42.58924576950228,38.298994312403465,28.632111846433332,545000.0,388096.0
semisupervised.SelfTrainingClassifier -l trees.HoeffdingTree -s DistanceMeasure,SemiSupervisedStream -s generators.RandomTreeGenerator -t 0.95,1,546000.0,5.111787,3.3265038475187295E-7,518634.0,546000.0,69.9441391941392,42.592988558552946,38.29966424910988,28.627657353606363,546000.0,388112.0
semisupervised.SelfTrainingClassifier -l trees.HoeffdingTree -s DistanceMeasure,SemiSupervisedStream -s generators.RandomTreeGenerator -t 0.95,1,547000.0,5.122451,3.33721102093243E-7,519591.0,547000.0,69.94497257769653,42.59468424237244,38.30412429166511,28.639514543300017,547000.0,388112.0
semisupervised.SelfTrainingClassifier -l trees.HoeffdingTree -s DistanceMeasure,SemiSupervisedStream -s generators.RandomTreeGenerator -t 0.95,1,548000.0,5.133635,3.348440299576356E-7,520534.0,548000.0,69.94580291970803,42.59726323263867,38.310878383693115,28.640196188875134,548000.0,388112.0
semisupervised.SelfTrainingClassifier -l trees.HoeffdingTree -s DistanceMeasure,SemiSupervisedStream -s generators.RandomTreeGenerator -t 0.95,1,549000.0,5.144479,3.359329099435774E-7,521481.0,549000.0,69.94699453551912,42.60018337089871,38.31281966918912,28.644826467726244,549000.0,388144.0
semisupervised.SelfTrainingClassifier -l trees.HoeffdingTree -s DistanceMeasure,SemiSupervisedStream -s generators.RandomTreeGenerator -t 0.95,1,550000.0,5.155265,3.370159659679566E-7,522429.0,550000.0,69.94636363636364,42.59965457768764,38.31516567338516,28.64543088153403,550000.0,388144.0
semisupervised.SelfTrainingClassifier -l trees.HoeffdingTree -s DistanceMeasure,SemiSupervisedStream -s generators.RandomTreeGenerator -t 0.95,1,551000.0,5.166039,3.3809781703477114E-7,523379.0,551000.0,69.9513611615245,42.608528186250965,38.32675258884006,28.66891845316055,551000.0,388144.0
semisupervised.SelfTrainingClassifier -l trees.HoeffdingTree -s DistanceMeasure,SemiSupervisedStream -s generators.RandomTreeGenerator -t 0.95,1,552000.0,5.1765,3.391482387917738E-7,524339.0,552000.0,69.9516304347826,42.60993345310368,38.32197944400648,28.67162638685817,552000.0,388144.0
semisupervised.SelfTrainingClassifier -l trees.HoeffdingTree -s DistanceMeasure,SemiSupervisedStream -s generators.RandomTreeGenerator -t 0.95,1,553000.0,5.186478,3.4015020230785024E-7,525302.0,553000.0,69.95587703435805,42.619054053928,38.32699196347371,28.68040024553889,553000.0,388160.0
semisupervised.SelfTrainingClassifier -l trees.HoeffdingTree -s DistanceMeasure,SemiSupervisedStream -s generators.RandomTreeGenerator -t 0.95,1,554000.0,5.19698,3.412048062081967E-7,526247.0,554000.0,69.95830324909747,42.625162313292826,38.32828144338302,28.681801820332193,554000.0,388168.0
semisupervised.SelfTrainingClassifier -l trees.HoeffdingTree -s DistanceMeasure,SemiSupervisedStream -s generators.RandomTreeGenerator -t 0.95,1,555000.0,5.207918,3.423032155777846E-7,527199.0,555000.0,69.95477477477478,42.62053439457335,38.31804394466228,28.6678615886759,555000.0,388176.0
semisupervised.SelfTrainingClassifier -l trees.HoeffdingTree -s DistanceMeasure,SemiSupervisedStream -s generators.RandomTreeGenerator -t 0.95,1,556000.0,5.218309,3.433466944367522E-7,528158.0,556000.0,69.95395683453238,42.62008953470947,38.318619686379634,28.667381177063366,556000.0,388176.0
semisupervised.SelfTrainingClassifier -l trees.HoeffdingTree -s DistanceMeasure,SemiSupervisedStream -s generators.RandomTreeGenerator -t 0.95,1,557000.0,5.228715,3.44391679616852E-7,529108.0,557000.0,69.95439856373429,42.621682875307364,38.31745388201905,28.670798134872257,557000.0,388176.0
semisupervised.SelfTrainingClassifier -l trees.HoeffdingTree -s DistanceMeasure,SemiSupervisedStream -s generators.RandomTreeGenerator -t 0.95,1,558000.0,5.239055,3.454300369839702E-7,530068.0,558000.0,69.95985663082436,42.63267761601341,38.33362764141503,28.68399108252071,558000.0,388176.0
semisupervised.SelfTrainingClassifier -l trees.HoeffdingTree -s DistanceMeasure,SemiSupervisedStream -s generators.RandomTreeGenerator -t 0.95,1,559000.0,5.249398,3.4646869561531484E-7,531018.0,559000.0,69.96457960644007,42.64110111205945,38.34804576766593,28.70270499808909,559000.0,388176.0
semisupervised.SelfTrainingClassifier -l trees.HoeffdingTree -s DistanceMeasure,SemiSupervisedStream -s generators.RandomTreeGenerator -t 0.95,1,560000.0,5.259943,3.4752766119523186E-7,531966.0,560000.0,69.96571428571428,42.644502487286914,38.35846878378626,28.70108564331042,560000.0,388184.0
semisupervised.SelfTrainingClassifier -l trees.HoeffdingTree -s DistanceMeasure,SemiSupervisedStream -s generators.RandomTreeGenerator -t 0.95,1,561000.0,5.271113,3.486493914491601E-7,532913.0,561000.0,69.96541889483066,42.64468358004819,38.35577848265668,28.70332757861953,561000.0,388184.0
semisupervised.SelfTrainingClassifier -l trees.HoeffdingTree -s DistanceMeasure,SemiSupervisedStream -s generators.RandomTreeGenerator -t 0.95,1,562000.0,5.281955,3.4973818280216723E-7,533871.0,562000.0,69.96583629893239,42.64658524816145,38.36063658075212,28.703336064812067,562000.0,388184.0
semisupervised.SelfTrainingClassifier -l trees.HoeffdingTree -s DistanceMeasure,SemiSupervisedStream -s generators.RandomTreeGenerator -t 0.95,1,563000.0,5.293187,3.508661393117574E-7,534817.0,563000.0,69.9701598579041,42.6557026350521,38.369227628643515,28.713221962675938,563000.0,388184.0
semisupervised.SelfTrainingClassifier -l trees.HoeffdingTree -s DistanceMeasure,SemiSupervisedStream -s generators.RandomTreeGenerator -t 0.95,1,564000.0,5.304492,3.5200142673527205E-7,535754.0,564000.0,69.96737588652482,42.652551542696784,38.36592412543391,28.702035593420085,564000.0,388184.0
semisupervised.SelfTrainingClassifier -l trees.HoeffdingTree -s DistanceMeasure,SemiSupervisedStream -s generators.RandomTreeGenerator -t 0.95,1,565000.0,5.315375,3.530943354508943E-7,536712.0,565000.0,69.97132743362832,42.66105002101875,38.36680870541309,28.70865268253328,565000.0,388184.0
semisupervised.SelfTrainingClassifier -l trees.HoeffdingTree -s DistanceMeasure,SemiSupervisedStream -s generators.RandomTreeGenerator -t 0.95,1,566000.0,5.326753,3.542369537883335E-7,537666.0,566000.0,69.97773851590105,42.67327701281334,38.386398494523064,28.725604103837487,566000.0,388184.0
semisupervised.SelfTrainingClassifier -l trees.HoeffdingTree -s DistanceMeasure,SemiSupervisedStream -s generators.RandomTreeGenerator -t 0.95,1,567000.0,5.337444,3.553122185315523E-7,538617.0,567000.0,69.97548500881834,42.670471814910215,38.38282932479143,28.721083593275683,567000.0,388776.0
semisupervised.SelfTrainingClassifier -l trees.HoeffdingTree -s DistanceMeasure,SemiSupervisedStream -s generators.RandomTreeGenerator -t 0.95,1,568000.0,5.348732,3.564475275224282E-7,539564.0,568000.0,69.97253521126761,42.66584066988168,38.379831349851514,28.71431138900848,568000.0,388776.0
semisupervised.SelfTrainingClassifier -l trees.HoeffdingTree -s DistanceMeasure,SemiSupervisedStream -s generators.RandomTreeGenerator -t 0.95,1,569000.0,5.359754,3.5755608312992587E-7,540515.0,569000.0,69.97732864674869,42.67464440645759,38.386712832720185,28.731273232455973,569000.0,388776.0
semisupervised.SelfTrainingClassifier -l trees.HoeffdingTree -s DistanceMeasure,SemiSupervisedStream -s generators.RandomTreeGenerator -t 0.95,1,570000.0,5.37099,3.586861621360812E-7,541457.0,570000.0,69.98,42.680785805020314,38.39279927992799,28.736053441504623,570000.0,388776.0
semisupervised.SelfTrainingClassifier -l trees.HoeffdingTree -s DistanceMeasure,SemiSupervisedStream -s generators.RandomTreeGenerator -t 0.95,1,571000.0,5.382096,3.5980316618043515E-7,542388.0,571000.0,69.98108581436077,42.683120556928706,38.398950602864275,28.74507391210362,571000.0,388776.0
semisupervised.SelfTrainingClassifier -l trees.HoeffdingTree -s DistanceMeasure,SemiSupervisedStream -s generators.RandomTreeGenerator -t 0.95,1,572000.0,5.392866,3.6088637647736403E-7,543342.0,572000.0,69.98566433566434,42.69204912154973,38.41159145779298,28.75733457270668,572000.0,388776.0
semisupervised.SelfTrainingClassifier -l trees.HoeffdingTree -s DistanceMeasure,SemiSupervisedStream -s generators.RandomTreeGenerator -t 0.95,1,573000.0,5.403922,3.619998618732724E-7,544284.0,573000.0,69.9891797556719,42.69809540294581,38.41277572640634,28.772967509982266,573000.0,389304.0
semisupervised.SelfTrainingClassifier -l trees.HoeffdingTree -s DistanceMeasure,SemiSupervisedStream -s generators.RandomTreeGenerator -t 0.95,1,574000.0,5.414866,3.631020673881802E-7,545223.0,574000.0,69.98658536585366,42.69419759066313,38.41113109133744,28.768182457184917,574000.0,389304.0
semisupervised.SelfTrainingClassifier -l trees.HoeffdingTree -s DistanceMeasure,SemiSupervisedStream -s generators.RandomTreeGenerator -t 0.95,1,575000.0,5.427096,3.643337901081476E-7,546163.0,575000.0,69.99026086956522,42.702325641692504,38.41838355215964,28.77445132849293,575000.0,389304.0
semisupervised.SelfTrainingClassifier -l trees.HoeffdingTree -s DistanceMeasure,SemiSupervisedStream -s generators.RandomTreeGenerator -t 0.95,1,576000.0,5.438486,3.6546955162659285E-7,547099.0,576000.0,69.99045138888889,42.704135285509906,38.418924455369705,28.770109448143998,576000.0,385448.0
semisupervised.SelfTrainingClassifier -l trees.HoeffdingTree -s DistanceMeasure,SemiSupervisedStream -s generators.RandomTreeGenerator -t 0.95,1,577000.0,5.449945,3.666346284954084E-7,548047.0,577000.0,69.9946273830156,42.712327590518555,38.429832890576925,28.779053025628365,577000.0,393016.0
semisupervised.SelfTrainingClassifier -l trees.HoeffdingTree -s DistanceMeasure,SemiSupervisedStream -s generators.RandomTreeGenerator -t 0.95,1,578000.0,5.461329,3.6779123167610827E-7,548997.0,578000.0,69.99792387543252,42.71950554225758,38.437835036175024,28.783572895277192,578000.0,392728.0
semisupervised.SelfTrainingClassifier -l trees.HoeffdingTree -s DistanceMeasure,SemiSupervisedStream -s generators.RandomTreeGenerator -t 0.95,1,579000.0,5.472377,3.6892405543476337E-7,549953.0,579000.0,69.99896373056995,42.72179108042701,38.44360182855523,28.7880030172838,579000.0,396352.0
semisupervised.SelfTrainingClassifier -l trees.HoeffdingTree -s DistanceMeasure,SemiSupervisedStream -s generators.RandomTreeGenerator -t 0.95,1,580000.0,5.483238,3.7003774981531827E-7,550898.0,580000.0,70.00396551724138,42.73149112048088,38.45552470063853,28.80183011671497,580000.0,396368.0
semisupervised.SelfTrainingClassifier -l trees.HoeffdingTree -s DistanceMeasure,SemiSupervisedStream -s generators.RandomTreeGenerator -t 0.95,1,581000.0,5.493765,3.711172827540172E-7,551852.0,581000.0,70.0037865748709,42.731772171611325,38.44876970294161,28.799571844703813,581000.0,396400.0
semisupervised.SelfTrainingClassifier -l trees.HoeffdingTree -s DistanceMeasure,SemiSupervisedStream -s generators.RandomTreeGenerator -t 0.95,1,582000.0,5.504026,3.7216960137709966E-7,552814.0,582000.0,70.00498281786942,42.735084444649445,38.455273947731186,28.796227938867165,582000.0,396424.0
semisupervised.SelfTrainingClassifier -l trees.HoeffdingTree -s DistanceMeasure,SemiSupervisedStream -s generators.RandomTreeGenerator -t 0.95,1,583000.0,5.514863,3.7328103663606766E-7,553762.0,583000.0,70.01029159519726,42.7450041019222,38.46933496626795,28.813393700530938,583000.0,396440.0
semisupervised.SelfTrainingClassifier -l trees.HoeffdingTree -s DistanceMeasure,SemiSupervisedStream -s generators.RandomTreeGenerator -t 0.95,1,584000.0,5.52582,3.7440607158260204E-7,554694.0,584000.0,70.01369863013699,42.75099650792946,38.474078446252655,28.825738485799285,584000.0,396896.0
semisupervised.SelfTrainingClassifier -l trees.HoeffdingTree -s DistanceMeasure,SemiSupervisedStream -s generators.RandomTreeGenerator -t 0.95,1,585000.0,5.536458,3.754983744935856E-7,555636.0,585000.0,70.01213675213675,42.74832020050383,38.47446095141899,28.825407644526678,585000.0,396904.0
semisupervised.SelfTrainingClassifier -l trees.HoeffdingTree -s DistanceMeasure,SemiSupervisedStream -s generators.RandomTreeGenerator -t 0.95,1,586000.0,5.547849,3.766696687704986E-7,556573.0,586000.0,70.01194539249147,42.74897648858767,38.47182686820094,28.822552553768897,586000.0,397472.0
semisupervised.SelfTrainingClassifier -l trees.HoeffdingTree -s DistanceMeasure,SemiSupervisedStream -s generators.RandomTreeGenerator -t 0.95,1,587000.0,5.558728,3.777883385018341E-7,557510.0,587000.0,70.01090289608177,42.74825920534878,38.47175522358846,28.816533831515706,587000.0,397480.0
semisupervised.SelfTrainingClassifier -l trees.HoeffdingTree -s DistanceMeasure,SemiSupervisedStream -s generators.RandomTreeGenerator -t 0.95,1,588000.0,5.56954,3.7888908708054145E-7,558451.0,588000.0,70.01020408163265,42.74797815310312,38.47667493536806,28.813641428087,588000.0,393536.0
semisupervised.SelfTrainingClassifier -l trees.HoeffdingTree -s DistanceMeasure,SemiSupervisedStream -s generators.RandomTreeGenerator -t 0.95,1,589000.0,5.580143,3.799783228710292E-7,559401.0,589000.0,70.01494057724958,42.75688807061437,38.488222653324925,28.82566293221568,589000.0,397096.0
semisupervised.SelfTrainingClassifier -l trees.HoeffdingTree -s DistanceMeasure,SemiSupervisedStream -s generators.RandomTreeGenerator -t 0.95,1,590000.0,5.590299,3.810216598088541E-7,560356.0,590000.0,70.01813559322034,42.763301816287495,38.49638751938363,28.83144575647242,590000.0,397104.0
semisupervised.SelfTrainingClassifier -l trees.HoeffdingTree -s DistanceMeasure,SemiSupervisedStream -s generators.RandomTreeGenerator -t 0.95,1,591000.0,5.600847,3.821052891636886E-7,561306.0,591000.0,70.01725888324873,42.76261764898773,38.496834564336105,28.832143172708513,591000.0,397112.0
semisupervised.SelfTrainingClassifier -l trees.HoeffdingTree -s DistanceMeasure,SemiSupervisedStream -s generators.RandomTreeGenerator -t 0.95,1,592000.0,5.611351,3.8318439825955343E-7,562266.0,592000.0,70.01503378378379,42.75804443222076,38.497704634040716,28.836763656481278,592000.0,397112.0
semisupervised.SelfTrainingClassifier -l trees.HoeffdingTree -s DistanceMeasure,SemiSupervisedStream -s generators.RandomTreeGenerator -t 0.95,1,593000.0,5.621578,3.842350502705406E-7,563218.0,593000.0,70.01720067453626,42.7628220653245,38.5005447847668,28.841520519326693,593000.0,397112.0
semisupervised.SelfTrainingClassifier -l trees.HoeffdingTree -s DistanceMeasure,SemiSupervisedStream -s generators.RandomTreeGenerator -t 0.95,1,594000.0,5.632727,3.853909901612333E-7,564160.0,594000.0,70.02171717171717,42.7707179506602,38.50778533270255,28.858961195651737,594000.0,400776.0
semisupervised.SelfTrainingClassifier -l trees.HoeffdingTree -s DistanceMeasure,SemiSupervisedStream -s generators.RandomTreeGenerator -t 0.95,1,595000.0,5.643451,3.8650293219420625E-7,565116.0,595000.0,70.02672268907563,42.780118504138116,38.519215653828645,28.872430543923034,595000.0,400800.0
semisupervised.SelfTrainingClassifier -l trees.HoeffdingTree -s DistanceMeasure,SemiSupervisedStream -s generators.RandomTreeGenerator -t 0.95,1,596000.0,5.653672,3.875627406955591E-7,566063.0,596000.0,70.03154362416107,42.78904360906176,38.52412748674881,28.888287262462626,596000.0,400808.0
semisupervised.SelfTrainingClassifier -l trees.HoeffdingTree -s DistanceMeasure,SemiSupervisedStream -s generators.RandomTreeGenerator -t 0.95,1,597000.0,5.664795,3.8871607696016606E-7,567021.0,597000.0,70.02914572864321,42.78583624841029,38.5184727032822,28.88021495802594,597000.0,400808.0
semisupervised.SelfTrainingClassifier -l trees.HoeffdingTree -s DistanceMeasure,SemiSupervisedStream -s generators.RandomTreeGenerator -t 0.95,1,598000.0,5.675163,3.8979112779100713E-7,567978.0,598000.0,70.03461538461538,42.795740571452825,38.52790537318655,28.893641843282136,598000.0,400808.0
semisupervised.SelfTrainingClassifier -l trees.HoeffdingTree -s DistanceMeasure,SemiSupervisedStream -s generators.RandomTreeGenerator -t 0.95,1,599000.0,5.685938,3.9090838017356044E-7,568928.0,599000.0,70.03472454090151,42.79642235247211,38.53245254459593,28.89519199153835,599000.0,400808.0
semisupervised.SelfTrainingClassifier -l trees.HoeffdingTree -s DistanceMeasure,SemiSupervisedStream -s generators.RandomTreeGenerator -t 0.95,1,600000.0,5.697704,3.921275850861435E-7,569871.0,600000.0,70.03533333333334,42.79817255621478,38.54137111798589,28.898204540061705,600000.0,400544.0
semisupervised.SelfTrainingClassifier -l trees.HoeffdingTree -s DistanceMeasure,SemiSupervisedStream -s generators.RandomTreeGenerator -t 0.95,1,601000.0,5.70921,3.93321753564394E-7,570816.0,601000.0,70.04009983361065,42.80730342541999,38.54830397701094,28.90939312463231,601000.0,401184.0
semisupervised.SelfTrainingClassifier -l trees.HoeffdingTree -s DistanceMeasure,SemiSupervisedStream -s generators.RandomTreeGenerator -t 0.95,1,602000.0,5.719996,3.944411956994896E-7,571759.0,602000.0,70.04086378737541,42.809799795327734,38.547036795998416,28.908282484272263,602000.0,401184.0
semisupervised.SelfTrainingClassifier -l trees.HoeffdingTree -s DistanceMeasure,SemiSupervisedStream -s generators.RandomTreeGenerator -t 0.95,1,603000.0,5.730529,3.9553444522536447E-7,572714.0,603000.0,70.04195688225539,42.81154912501117,38.555233181065226,28.91523596283777,603000.0,401208.0
semisupervised.SelfTrainingClassifier -l trees.HoeffdingTree -s DistanceMeasure,SemiSupervisedStream -s generators.RandomTreeGenerator -t 0.95,1,604000.0,5.741185,3.966404612652128E-7,573663.0,604000.0,70.0478476821192,42.82278520536993,38.567407050226315,28.93160328253959,604000.0,401208.0
semisupervised.SelfTrainingClassifier -l trees.HoeffdingTree -s DistanceMeasure,SemiSupervisedStream -s generators.RandomTreeGenerator -t 0.95,1,605000.0,5.753041,3.978710286608999E-7,574611.0,605000.0,70.0497520661157,42.82648684239706,38.566405945394315,28.93710977943713,605000.0,401208.0
semisupervised.SelfTrainingClassifier -l trees.HoeffdingTree -s DistanceMeasure,SemiSupervisedStream -s generators.RandomTreeGenerator -t 0.95,1,606000.0,5.76339,3.989453302406601E-7,575570.0,606000.0,70.04950495049505,42.82754664683486,38.561423343951084,28.93249957907677,606000.0,401264.0
semisupervised.SelfTrainingClassifier -l trees.HoeffdingTree -s DistanceMeasure,SemiSupervisedStream -s generators.RandomTreeGenerator -t 0.95,1,607000.0,5.775044,4.001657610055472E-7,576518.0,607000.0,70.0517298187809,42.832346703683235,38.565263382009526,28.935990555342734,607000.0,404800.0
semisupervised.SelfTrainingClassifier -l trees.HoeffdingTree -s DistanceMeasure,SemiSupervisedStream -s generators.RandomTreeGenerator -t 0.95,1,608000.0,5.785736,4.012854491588141E-7,577473.0,608000.0,70.05098684210526,42.831961120986406,38.564468676617466,28.9327224047896,608000.0,404800.0
semisupervised.SelfTrainingClassifier -l trees.HoeffdingTree -s DistanceMeasure,SemiSupervisedStream -s generators.RandomTreeGenerator -t 0.95,1,609000.0,5.796459,4.024084058879977E-7,578436.0,609000.0,70.05697865353038,42.84315644196486,38.582865457092915,28.95319208621322,609000.0,404808.0
semisupervised.SelfTrainingClassifier -l trees.HoeffdingTree -s DistanceMeasure,SemiSupervisedStream -s generators.RandomTreeGenerator -t 0.95,1,610000.0,5.807088,4.035215185499852E-7,579386.0,610000.0,70.06,42.849435668543435,38.58750659910084,28.961616853110943,610000.0,404808.0
semisupervised.SelfTrainingClassifier -l trees.HoeffdingTree -s DistanceMeasure,SemiSupervisedStream -s generators.RandomTreeGenerator -t 0.95,1,611000.0,5.817621,4.046245776965385E-7,580339.0,611000.0,70.06252045826514,42.855073680101306,38.588445423291795,28.96581452154699,611000.0,404808.0
semisupervised.SelfTrainingClassifier -l trees.HoeffdingTree -s DistanceMeasure,SemiSupervisedStream -s generators.RandomTreeGenerator -t 0.95,1,612000.0,5.828118,4.0571324342033916E-7,581302.0,612000.0,70.0611111111111,42.85300519552877,38.585041948642655,28.963998542262736,612000.0,400896.0
semisupervised.SelfTrainingClassifier -l trees.HoeffdingTree -s DistanceMeasure,SemiSupervisedStream -s generators.RandomTreeGenerator -t 0.95,1,613000.0,5.838577,4.067979897310335E-7,582261.0,613000.0,70.05758564437194,42.84840997598339,38.575449187964544,28.949181673195735,613000.0,400904.0
semisupervised.SelfTrainingClassifier -l trees.HoeffdingTree -s DistanceMeasure,SemiSupervisedStream -s generators.RandomTreeGenerator -t 0.95,1,614000.0,5.849557,4.079385890563328E-7,583195.0,614000.0,70.0614006514658,42.85603990054142,38.580922373727425,28.95729468599034,614000.0,401544.0
semisupervised.SelfTrainingClassifier -l trees.HoeffdingTree -s DistanceMeasure,SemiSupervisedStream -s generators.RandomTreeGenerator -t 0.95,1,615000.0,5.86096,4.0913358417650053E-7,584145.0,615000.0,70.05951219512195,42.85398111943952,38.5773662194528,28.951876774910485,615000.0,405088.0
semisupervised.SelfTrainingClassifier -l trees.HoeffdingTree -s DistanceMeasure,SemiSupervisedStream -s generators.RandomTreeGenerator -t 0.95,1,616000.0,5.872051,4.103063038860757E-7,585087.0,616000.0,70.06136363636364,42.85782406303545,38.584344872371254,28.95862063652263,616000.0,408720.0
semisupervised.SelfTrainingClassifier -l trees.HoeffdingTree -s DistanceMeasure,SemiSupervisedStream -s generators.RandomTreeGenerator -t 0.95,1,617000.0,5.88337,4.115047946758567E-7,586046.0,617000.0,70.06239870340356,42.86126450919291,38.586575257752514,28.957408675184414,617000.0,409288.0
semisupervised.SelfTrainingClassifier -l trees.HoeffdingTree -s DistanceMeasure,SemiSupervisedStream -s generators.RandomTreeGenerator -t 0.95,1,618000.0,5.893775,4.1260818798508897E-7,586994.0,618000.0,70.06326860841425,42.864572581406115,38.58540860293581,28.954725240966166,618000.0,409912.0
semisupervised.SelfTrainingClassifier -l trees.HoeffdingTree -s DistanceMeasure,SemiSupervisedStream -s generators.RandomTreeGenerator -t 0.95,1,619000.0,5.904252,4.137087218028802E-7,587951.0,619000.0,70.0681744749596,42.87397820164088,38.598229642713925,28.967082512249164,619000.0,406040.0
semisupervised.SelfTrainingClassifier -l trees.HoeffdingTree -s DistanceMeasure,SemiSupervisedStream -s generators.RandomTreeGenerator -t 0.95,1,620000.0,5.916737,4.150318092024987E-7,588890.0,620000.0,70.06983870967743,42.87795839719155,38.59890609851731,28.974191153111583,620000.0,409640.0
semisupervised.SelfTrainingClassifier -l trees.HoeffdingTree -s DistanceMeasure,SemiSupervisedStream -s generators.RandomTreeGenerator -t 0.95,1,621000.0,5.928316,4.1625888401228507E-7,589846.0,621000.0,70.06892109500805,42.875689890523105,38.59530888668649,28.980861298864053,621000.0,409640.0
semisupervised.SelfTrainingClassifier -l trees.HoeffdingTree -s DistanceMeasure,SemiSupervisedStream -s generators.RandomTreeGenerator -t 0.95,1,622000.0,5.939225,4.1741497871155525E-7,590806.0,622000.0,70.07299035369775,42.88334989595467,38.603568094938105,28.99418666748044,622000.0,409648.0
semisupervised.SelfTrainingClassifier -l trees.HoeffdingTree -s DistanceMeasure,SemiSupervisedStream -s generators.RandomTreeGenerator -t 0.95,1,623000.0,5.95006,4.1856325359394136E-7,591746.0,623000.0,70.0728731942215,42.88391282759723,38.604047708428006,28.995132948945475,623000.0,409656.0
semisupervised.SelfTrainingClassifier -l trees.HoeffdingTree -s DistanceMeasure,SemiSupervisedStream -s generators.RandomTreeGenerator -t 0.95,1,624000.0,5.960547,4.1967464802786693E-7,592695.0,624000.0,70.07051282051282,42.88021282792517,38.5979043855352,28.9945327767259,624000.0,409656.0
semisupervised.SelfTrainingClassifier -l trees.HoeffdingTree -s DistanceMeasure,SemiSupervisedStream -s generators.RandomTreeGenerator -t 0.95,1,625000.0,5.971444,4.2082949356486383E-7,593649.0,625000.0,70.06736000000001,42.8755600249532,38.58993759827206,28.984759048721692,625000.0,409656.0
semisupervised.SelfTrainingClassifier -l trees.HoeffdingTree -s DistanceMeasure,SemiSupervisedStream -s generators.RandomTreeGenerator -t 0.95,1,626000.0,5.981976,4.219456570222972E-7,594606.0,626000.0,70.06709265175719,42.87635821689009,38.58890156133244,28.982376350198987,626000.0,409656.0
semisupervised.SelfTrainingClassifier -l trees.HoeffdingTree -s DistanceMeasure,SemiSupervisedStream -s generators.RandomTreeGenerator -t 0.95,1,627000.0,5.993167,4.231316601795453E-7,595549.0,627000.0,70.06555023923445,42.87472492328372,38.58263851621095,28.97804888201038,627000.0,409656.0
semisupervised.SelfTrainingClassifier -l trees.HoeffdingTree -s DistanceMeasure,SemiSupervisedStream -s generators.RandomTreeGenerator -t 0.95,1,628000.0,6.004558,4.24349538416912E-7,596499.0,628000.0,70.06353503184714,42.87252571449223,38.57621736062103,28.96991816471336,628000.0,413280.0
semisupervised.SelfTrainingClassifier -l trees.HoeffdingTree -s DistanceMeasure,SemiSupervisedStream -s generators.RandomTreeGenerator -t 0.95,1,629000.0,6.018143,4.2579122171633755E-7,597452.0,629000.0,70.06200317965023,42.8710620957752,38.57660555097087,28.964552062860953,629000.0,410216.0
semisupervised.SelfTrainingClassifier -l trees.HoeffdingTree -s DistanceMeasure,SemiSupervisedStream -s generators.RandomTreeGenerator -t 0.95,1,630000.0,6.031355,4.272177662783197E-7,598395.0,630000.0,70.05952380952381,42.86796027685922,38.57663877039303,28.959083445065453,630000.0,417368.0
semisupervised.SelfTrainingClassifier -l trees.HoeffdingTree -s DistanceMeasure,SemiSupervisedStream -s generators.RandomTreeGenerator -t 0.95,1,631000.0,6.044807,4.286825298849078E-7,599335.0,631000.0,70.06307448494454,42.875237450236526,38.581438070001454,28.96605147180482,631000.0,420904.0
semisupervised.SelfTrainingClassifier -l trees.HoeffdingTree -s DistanceMeasure,SemiSupervisedStream -s generators.RandomTreeGenerator -t 0.95,1,632000.0,6.055992,4.299004440195857E-7,600282.0,632000.0,70.0617088607595,42.8732631261928,38.58433334090711,28.965892666078513,632000.0,420904.0
semisupervised.SelfTrainingClassifier -l trees.HoeffdingTree -s DistanceMeasure,SemiSupervisedStream -s generators.RandomTreeGenerator -t 0.95,1,633000.0,6.06731,4.311342925557658E-7,601228.0,633000.0,70.0609794628752,42.87269340331454,38.58592798071189,28.968032353701812,633000.0,421400.0
semisupervised.SelfTrainingClassifier -l trees.HoeffdingTree -s DistanceMeasure,SemiSupervisedStream -s generators.RandomTreeGenerator -t 0.95,1,634000.0,6.080376,4.3258433721338696E-7,602177.0,634000.0,70.05788643533123,42.8681754934793,38.580081145615615,28.958437806402358,634000.0,428984.0
semisupervised.SelfTrainingClassifier -l trees.HoeffdingTree -s DistanceMeasure,SemiSupervisedStream -s generators.RandomTreeGenerator -t 0.95,1,635000.0,6.091404,4.338082077540456E-7,603141.0,635000.0,70.05338582677166,42.861614052874444,38.569162631278,28.945244482972495,635000.0,428984.0
semisupervised.SelfTrainingClassifier -l trees.HoeffdingTree -s DistanceMeasure,SemiSupervisedStream -s generators.RandomTreeGenerator -t 0.95,1,636000.0,6.102674,4.350589350838627E-7,604098.0,636000.0,70.05283018867925,42.861007305116935,38.57070058763958,28.946190348285434,636000.0,428984.0
semisupervised.SelfTrainingClassifier -l trees.HoeffdingTree -s DistanceMeasure,SemiSupervisedStream -s generators.RandomTreeGenerator -t 0.95,1,637000.0,6.113865,4.3630089511473964E-7,605052.0,637000.0,70.05337519623234,42.862752100831045,38.57527877150557,28.946300000372478,637000.0,428984.0
semisupervised.SelfTrainingClassifier -l trees.HoeffdingTree -s DistanceMeasure,SemiSupervisedStream -s generators.RandomTreeGenerator -t 0.95,1,638000.0,6.125391,4.375801760579148E-7,606006.0,638000.0,70.05485893416929,42.86630901067636,38.5792040533546,28.94784798075029,638000.0,429032.0
semisupervised.SelfTrainingClassifier -l trees.HoeffdingTree -s DistanceMeasure,SemiSupervisedStream -s generators.RandomTreeGenerator -t 0.95,1,639000.0,6.137218,4.388928897347714E-7,606958.0,639000.0,70.05446009389671,42.86680549220917,38.57926514156953,28.94440751729489,639000.0,429040.0
semisupervised.SelfTrainingClassifier -l trees.HoeffdingTree -s DistanceMeasure,SemiSupervisedStream -s generators.RandomTreeGenerator -t 0.95,1,640000.0,6.148909,4.401922988560464E-7,607909.0,640000.0,70.05609375,42.87083761449697,38.58231125953037,28.947905041913994,640000.0,429632.0
semisupervised.SelfTrainingClassifier -l trees.HoeffdingTree -s DistanceMeasure,SemiSupervisedStream -s generators.RandomTreeGenerator -t 0.95,1,641000.0,6.1603,4.4145975506347077E-7,608858.0,641000.0,70.0591263650546,42.876535818949684,38.58763823469179,28.958142082975506,641000.0,430104.0
semisupervised.SelfTrainingClassifier -l trees.HoeffdingTree -s DistanceMeasure,SemiSupervisedStream -s generators.RandomTreeGenerator -t 0.95,1,642000.0,6.171405,4.4269538856214936E-7,609819.0,642000.0,70.06152647975078,42.881189548439046,38.589512562942524,28.96739311201204,642000.0,430104.0
semisupervised.SelfTrainingClassifier -l trees.HoeffdingTree -s DistanceMeasure,SemiSupervisedStream -s generators.RandomTreeGenerator -t 0.95,1,643000.0,6.182473,4.439269051369692E-7,610766.0,643000.0,70.06547433903577,42.889678181131536,38.603385635133534,28.975062914664846,643000.0,430104.0
semisupervised.SelfTrainingClassifier -l trees.HoeffdingTree -s DistanceMeasure,SemiSupervisedStream -s generators.RandomTreeGenerator -t 0.95,1,644000.0,6.194712,4.4528881810812475E-7,611711.0,644000.0,70.0635093167702,42.887497639733944,38.59885472600689,28.969493773487585,644000.0,430136.0
semisupervised.SelfTrainingClassifier -l trees.HoeffdingTree -s DistanceMeasure,SemiSupervisedStream -s generators.RandomTreeGenerator -t 0.95,1,645000.0,6.206024,4.465476011836693E-7,612663.0,645000.0,70.06217054263566,42.885467095436084,38.597171830233506,28.97063908363925,645000.0,430144.0
semisupervised.SelfTrainingClassifier -l trees.HoeffdingTree -s DistanceMeasure,SemiSupervisedStream -s generators.RandomTreeGenerator -t 0.95,1,646000.0,6.217046,4.477741134766902E-7,613616.0,646000.0,70.06455108359133,42.88994715932509,38.60272406895895,28.9805946470018,646000.0,430144.0
semisupervised.SelfTrainingClassifier -l trees.HoeffdingTree -s DistanceMeasure,SemiSupervisedStream -s generators.RandomTreeGenerator -t 0.95,1,647000.0,6.228084,4.4900240622667793E-7,614577.0,647000.0,70.06460587326121,42.89073860427081,38.60447718613101,28.98033118702241,647000.0,430144.0
semisupervised.SelfTrainingClassifier -l trees.HoeffdingTree -s DistanceMeasure,SemiSupervisedStream -s generators.RandomTreeGenerator -t 0.95,1,648000.0,6.239403,4.502619682521455E-7,615527.0,648000.0,70.06635802469135,42.89490581017476,38.611066275489044,28.98617579005945,648000.0,430144.0
semisupervised.SelfTrainingClassifier -l trees.HoeffdingTree -s DistanceMeasure,SemiSupervisedStream -s generators.RandomTreeGenerator -t 0.95,1,649000.0,6.251767,4.516367928290532E-7,616475.0,649000.0,70.07057010785825,42.90264065743584,38.617453269920524,29.000705453189713,649000.0,429824.0
semisupervised.SelfTrainingClassifier -l trees.HoeffdingTree -s DistanceMeasure,SemiSupervisedStream -s generators.RandomTreeGenerator -t 0.95,1,650000.0,6.263244,4.529235092716084E-7,617420.0,650000.0,70.07476923076923,42.910581564459406,38.62420840393408,29.01337518019086,650000.0,433368.0
semisupervised.SelfTrainingClassifier -l trees.HoeffdingTree -s DistanceMeasure,SemiSupervisedStream -s generators.RandomTreeGenerator -t 0.95,1,651000.0,6.274988,4.542401840868923E-7,618375.0,651000.0,70.07649769585254,42.914844438028155,38.625902249835384,29.016036817997975,651000.0,433376.0
semisupervised.SelfTrainingClassifier -l trees.HoeffdingTree -s DistanceMeasure,SemiSupervisedStream -s generators.RandomTreeGenerator -t 0.95,1,652000.0,6.285573,4.554269179867373E-7,619342.0,652000.0,70.0739263803681,42.91236221451642,38.62032734902654,28.998944725446673,652000.0,433376.0
semisupervised.SelfTrainingClassifier -l trees.HoeffdingTree -s DistanceMeasure,SemiSupervisedStream -s generators.RandomTreeGenerator -t 0.95,1,653000.0,6.296354,4.5663562636408537E-7,620297.0,653000.0,70.07565084226646,42.91663873170898,38.6191298884875,29.00239436977933,653000.0,433376.0
semisupervised.SelfTrainingClassifier -l trees.HoeffdingTree -s DistanceMeasure,SemiSupervisedStream -s generators.RandomTreeGenerator -t 0.95,1,654000.0,6.307365,4.578717390965256E-7,621243.0,654000.0,70.07324159021407,42.912136889828226,38.61389554504509,29.003250192254658,654000.0,433944.0
semisupervised.SelfTrainingClassifier -l trees.HoeffdingTree -s DistanceMeasure,SemiSupervisedStream -s generators.RandomTreeGenerator -t 0.95,1,655000.0,6.318712,4.5914564218579064E-7,622192.0,655000.0,70.07312977099237,42.912922147628024,38.615296932346276,28.99950739629969,655000.0,433968.0
semisupervised.SelfTrainingClassifier -l trees.HoeffdingTree -s DistanceMeasure,SemiSupervisedStream -s generators.RandomTreeGenerator -t 0.95,1,656000.0,6.32978,4.603882225499385E-7,623136.0,656000.0,70.0782012195122,42.92180410421557,38.624254249371496,29.01885482436157,656000.0,433968.0
semisupervised.SelfTrainingClassifier -l trees.HoeffdingTree -s DistanceMeasure,SemiSupervisedStream -s generators.RandomTreeGenerator -t 0.95,1,657000.0,6.340957,4.6164306323975325E-7,624087.0,657000.0,70.08234398782344,42.92909275888238,38.63169463055817,29.034179733335247,657000.0,433976.0
semisupervised.SelfTrainingClassifier -l trees.HoeffdingTree -s DistanceMeasure,SemiSupervisedStream -s generators.RandomTreeGenerator -t 0.95,1,658000.0,6.351655,4.628441266467174E-7,625047.0,658000.0,70.08677811550153,42.937930916954585,38.64241404033792,29.043782332053592,658000.0,433976.0
semisupervised.SelfTrainingClassifier -l trees.HoeffdingTree -s DistanceMeasure,SemiSupervisedStream -s generators.RandomTreeGenerator -t 0.95,1,659000.0,6.362419,4.6405259986718495E-7,625995.0,659000.0,70.08846737481032,42.94215041157462,38.640813569451915,29.045855245870356,659000.0,433976.0
semisupervised.SelfTrainingClassifier -l trees.HoeffdingTree -s DistanceMeasure,SemiSupervisedStream -s generators.RandomTreeGenerator -t 0.95,1,660000.0,6.373464,4.6529262092999287E-7,626944.0,660000.0,70.09181818181818,42.94745470139595,38.65064614581325,29.064878501045722,660000.0,433976.0
semisupervised.SelfTrainingClassifier -l trees.HoeffdingTree -s DistanceMeasure,SemiSupervisedStream -s generators.RandomTreeGenerator -t 0.95,1,661000.0,6.38446,4.66527140767624E-7,627887.0,661000.0,70.09077155824508,42.94632668956971,38.6476413323113,29.061727420494947,661000.0,433976.0
semisupervised.SelfTrainingClassifier -l trees.HoeffdingTree -s DistanceMeasure,SemiSupervisedStream -s generators.RandomTreeGenerator -t 0.95,1,662000.0,6.395316,4.6774735828033756E-7,628832.0,662000.0,70.09486404833837,42.95347956968118,38.65860233378159,29.080422711803696,662000.0,434480.0
semisupervised.SelfTrainingClassifier -l trees.HoeffdingTree -s DistanceMeasure,SemiSupervisedStream -s generators.RandomTreeGenerator -t 0.95,1,663000.0,6.406266,4.689781414200035E-7,629779.0,663000.0,70.09577677224736,42.95628686463669,38.65904745404031,29.080132492971167,663000.0,434480.0
semisupervised.SelfTrainingClassifier -l trees.HoeffdingTree -s DistanceMeasure,SemiSupervisedStream -s generators.RandomTreeGenerator -t 0.95,1,664000.0,6.418759,4.703824099132585E-7,630737.0,664000.0,70.09743975903613,42.959408621122115,38.66615182639585,29.08796102843223,664000.0,434496.0
semisupervised.SelfTrainingClassifier -l trees.HoeffdingTree -s DistanceMeasure,SemiSupervisedStream -s generators.RandomTreeGenerator -t 0.95,1,665000.0,6.430733,4.717283652909101E-7,631689.0,665000.0,70.09804511278196,42.96207872526055,38.66899429709983,29.083912567448543,665000.0,434504.0
semisupervised.SelfTrainingClassifier -l trees.HoeffdingTree -s DistanceMeasure,SemiSupervisedStream -s generators.RandomTreeGenerator -t 0.95,1,666000.0,6.441364,4.729233587450452E-7,632650.0,666000.0,70.09564564564565,42.959525119338245,38.66510221302438,29.0727531080951,666000.0,434504.0
semisupervised.SelfTrainingClassifier -l trees.HoeffdingTree -s DistanceMeasure,SemiSupervisedStream -s generators.RandomTreeGenerator -t 0.95,1,667000.0,6.452427,4.741669118052556E-7,633589.0,667000.0,70.09640179910045,42.96171487631594,38.66560474298576,29.072372444988126,667000.0,434504.0
semisupervised.SelfTrainingClassifier -l trees.HoeffdingTree -s DistanceMeasure,SemiSupervisedStream -s generators.RandomTreeGenerator -t 0.95,1,668000.0,6.463797,4.754450442538494E-7,634526.0,668000.0,70.09895209580839,42.967371738656254,38.67035534771755,29.07474282630078,668000.0,434528.0
semisupervised.SelfTrainingClassifier -l trees.HoeffdingTree -s DistanceMeasure,SemiSupervisedStream -s generators.RandomTreeGenerator -t 0.95,1,669000.0,6.475136,4.7671969190860794E-7,635466.0,669000.0,70.10029895366219,42.97093076413842,38.66643363290437,29.0727607971066,669000.0,434528.0
semisupervised.SelfTrainingClassifier -l trees.HoeffdingTree -s DistanceMeasure,SemiSupervisedStream -s generators.RandomTreeGenerator -t 0.95,1,670000.0,6.487987,4.781874199335774E-7,636414.0,670000.0,70.10044776119403,42.97206227983014,38.66401719503009,29.072974532734264,670000.0,441480.0
semisupervised.SelfTrainingClassifier -l trees.HoeffdingTree -s DistanceMeasure,SemiSupervisedStream -s generators.RandomTreeGenerator -t 0.95,1,671000.0,6.499934,4.795647583425873E-7,637364.0,671000.0,70.10312965722801,42.977170128050716,38.66924290413706,29.083961100250615,671000.0,445640.0
semisupervised.SelfTrainingClassifier -l trees.HoeffdingTree -s DistanceMeasure,SemiSupervisedStream -s generators.RandomTreeGenerator -t 0.95,1,672000.0,6.511201,4.80865380242467E-7,638315.0,672000.0,70.10104166666666,42.97483326098612,38.662999245960386,29.074606844697037,672000.0,446216.0
semisupervised.SelfTrainingClassifier -l trees.HoeffdingTree -s DistanceMeasure,SemiSupervisedStream -s generators.RandomTreeGenerator -t 0.95,1,673000.0,6.523104,4.822503574171828E-7,639255.0,673000.0,70.10104011887073,42.97567346712011,38.66291121028117,29.075714371314465,673000.0,449768.0
semisupervised.SelfTrainingClassifier -l trees.HoeffdingTree -s DistanceMeasure,SemiSupervisedStream -s generators.RandomTreeGenerator -t 0.95,1,674000.0,6.534289,4.835519303753972E-7,640212.0,674000.0,70.10074183976262,42.97556362561955,38.66202799033305,29.075365848508106,674000.0,449816.0
semisupervised.SelfTrainingClassifier -l trees.HoeffdingTree -s DistanceMeasure,SemiSupervisedStream -s generators.RandomTreeGenerator -t 0.95,1,675000.0,6.546707,4.849986295567619E-7,641148.0,675000.0,70.10296296296296,42.980174564971676,38.66761894631271,29.078001722047482,675000.0,450328.0
semisupervised.SelfTrainingClassifier -l trees.HoeffdingTree -s DistanceMeasure,SemiSupervisedStream -s generators.RandomTreeGenerator -t 0.95,1,676000.0,6.558179,4.863351670569843E-7,642099.0,676000.0,70.10636094674555,42.987207281892445,38.673945963662185,29.084184040511097,676000.0,450344.0
semisupervised.SelfTrainingClassifier -l trees.HoeffdingTree -s DistanceMeasure,SemiSupervisedStream -s generators.RandomTreeGenerator -t 0.95,1,677000.0,6.569205,4.87621295356916E-7,643052.0,677000.0,70.10768094534711,42.99062325662948,38.6732244808902,29.083454523154558,677000.0,450888.0
semisupervised.SelfTrainingClassifier -l trees.HoeffdingTree -s DistanceMeasure,SemiSupervisedStream -s generators.RandomTreeGenerator -t 0.95,1,678000.0,6.58066,4.889574643824664E-7,644014.0,678000.0,70.11032448377581,42.99535137291136,38.682279610886695,29.09580107133734,678000.0,450888.0
semisupervised.SelfTrainingClassifier -l trees.HoeffdingTree -s DistanceMeasure,SemiSupervisedStream -s generators.RandomTreeGenerator -t 0.95,1,679000.0,6.591415,4.902119818743732E-7,644975.0,679000.0,70.11516936671576,43.00471965914646,38.69083767656168,29.1086438558123,679000.0,450888.0
semisupervised.SelfTrainingClassifier -l trees.HoeffdingTree -s DistanceMeasure,SemiSupervisedStream -s generators.RandomTreeGenerator -t 0.95,1,680000.0,6.602468,4.915012824659546E-7,645925.0,680000.0,70.11573529411764,43.006348712175566,38.69284121797946,29.109353687508055,680000.0,450896.0
semisupervised.SelfTrainingClassifier -l trees.HoeffdingTree -s DistanceMeasure,SemiSupervisedStream -s generators.RandomTreeGenerator -t 0.95,1,681000.0,6.614361,4.928887881607645E-7,646878.0,681000.0,70.11820851688692,43.01144371715138,38.702263402996564,29.11705899974223,681000.0,450968.0
semisupervised.SelfTrainingClassifier -l trees.HoeffdingTree -s DistanceMeasure,SemiSupervisedStream -s generators.RandomTreeGenerator -t 0.95,1,682000.0,6.625777,4.942206442956295E-7,647835.0,682000.0,70.12243401759531,43.01997707267949,38.70641707851919,29.127929018367983,682000.0,450968.0
semisupervised.SelfTrainingClassifier -l trees.HoeffdingTree -s DistanceMeasure,SemiSupervisedStream -s generators.RandomTreeGenerator -t 0.95,1,683000.0,6.636719,4.954972235134078E-7,648786.0,683000.0,70.1285505124451,43.03178357038513,38.7164891939384,29.13983648349206,683000.0,450976.0
semisupervised.SelfTrainingClassifier -l trees.HoeffdingTree -s DistanceMeasure,SemiSupervisedStream -s generators.RandomTreeGenerator -t 0.95,1,684000.0,6.647783,4.967880362044606E-7,649734.0,684000.0,70.12909356725146,43.03331451685956,38.71789180693693,29.140988336807215,684000.0,450976.0
semisupervised.SelfTrainingClassifier -l trees.HoeffdingTree -s DistanceMeasure,SemiSupervisedStream -s generators.RandomTreeGenerator -t 0.95,1,685000.0,6.65898,4.980945742751161E-7,650677.0,685000.0,70.12978102189781,43.03504976548435,38.7227097121979,29.14493687104794,685000.0,451048.0
semisupervised.SelfTrainingClassifier -l trees.HoeffdingTree -s DistanceMeasure,SemiSupervisedStream -s generators.RandomTreeGenerator -t 0.95,1,686000.0,6.669913,4.993703297525644E-7,651630.0,686000.0,70.13032069970846,43.03686357109759,38.722083328349115,29.14313773631232,686000.0,451056.0
semisupervised.SelfTrainingClassifier -l trees.HoeffdingTree -s DistanceMeasure,SemiSupervisedStream -s generators.RandomTreeGenerator -t 0.95,1,687000.0,6.681158,5.006825851359301E-7,652576.0,687000.0,70.13566229985445,43.04716876998781,38.738814058828275,29.15567464537782,687000.0,451088.0
semisupervised.SelfTrainingClassifier -l trees.HoeffdingTree -s DistanceMeasure,SemiSupervisedStream -s generators.RandomTreeGenerator -t 0.95,1,688000.0,6.692725,5.020324168850978E-7,653530.0,688000.0,70.13808139534883,43.05166315421041,38.74149477312439,29.166652301178775,688000.0,451088.0
semisupervised.SelfTrainingClassifier -l trees.HoeffdingTree -s DistanceMeasure,SemiSupervisedStream -s generators.RandomTreeGenerator -t 0.95,1,689000.0,6.703818,5.033269343566563E-7,654472.0,689000.0,70.13730043541364,43.05118101501956,38.738711915274976,29.164170677463108,689000.0,451088.0
semisupervised.SelfTrainingClassifier -l trees.HoeffdingTree -s DistanceMeasure,SemiSupervisedStream -s generators.RandomTreeGenerator -t 0.95,1,690000.0,6.71548,5.046878523007036E-7,655416.0,690000.0,70.13536231884058,43.04905420440954,38.73337634498116,29.15724118015112,690000.0,451088.0
semisupervised.SelfTrainingClassifier -l trees.HoeffdingTree -s DistanceMeasure,SemiSupervisedStream -s generators.RandomTreeGenerator -t 0.95,1,691000.0,6.726464,5.059696498223478E-7,656376.0,691000.0,70.13733719247467,43.05245088832773,38.74098263321952,29.16738179746121,691000.0,451088.0
semisupervised.SelfTrainingClassifier -l trees.HoeffdingTree -s DistanceMeasure,SemiSupervisedStream -s generators.RandomTreeGenerator -t 0.95,1,692000.0,6.737546,5.07262883629236E-7,657332.0,692000.0,70.13598265895953,43.05062435441875,38.74247467846017,29.16548128699671,692000.0,451088.0
semisupervised.SelfTrainingClassifier -l trees.HoeffdingTree -s DistanceMeasure,SemiSupervisedStream -s generators.RandomTreeGenerator -t 0.95,1,693000.0,6.74843,5.085330114720597E-7,658288.0,693000.0,70.13924963924964,43.05672403520633,38.751801765804466,29.17453863424785,693000.0,451088.0
semisupervised.SelfTrainingClassifier -l trees.HoeffdingTree -s DistanceMeasure,SemiSupervisedStream -s generators.RandomTreeGenerator -t 0.95,1,694000.0,6.75937,5.098097196179961E-7,659237.0,694000.0,70.14351585014408,43.06451379192442,38.7622650431493,29.189349901065214,694000.0,451104.0
semisupervised.SelfTrainingClassifier -l trees.HoeffdingTree -s DistanceMeasure,SemiSupervisedStream -s generators.RandomTreeGenerator -t 0.95,1,695000.0,6.7702,5.110736130757465E-7,660191.0,695000.0,70.14561151079135,43.068309650968814,38.768813079147726,29.197306953397177,695000.0,451112.0
semisupervised.SelfTrainingClassifier -l trees.HoeffdingTree -s DistanceMeasure,SemiSupervisedStream -s generators.RandomTreeGenerator -t 0.95,1,696000.0,6.781243,5.123623642718628E-7,661144.0,696000.0,70.14482758620689,43.06838449488545,38.76620047032198,29.187568157033787,696000.0,451112.0
semisupervised.SelfTrainingClassifier -l trees.HoeffdingTree -s DistanceMeasure,SemiSupervisedStream -s generators.RandomTreeGenerator -t 0.95,1,697000.0,6.792649,5.136934786558981E-7,662094.0,697000.0,70.14519368723099,43.069853464701296,38.76775131387677,29.188530670859116,697000.0,451112.0
semisupervised.SelfTrainingClassifier -l trees.HoeffdingTree -s DistanceMeasure,SemiSupervisedStream -s generators.RandomTreeGenerator -t 0.95,1,698000.0,6.803654,5.149777951381274E-7,663040.0,698000.0,70.1461318051576,43.072674912137884,38.76993326927655,29.187721521998434,698000.0,451112.0
semisupervised.SelfTrainingClassifier -l trees.HoeffdingTree -s DistanceMeasure,SemiSupervisedStream -s generators.RandomTreeGenerator -t 0.95,1,699000.0,6.814518,5.162456564977766E-7,663996.0,699000.0,70.1447782546495,43.07066715294099,38.76489885504023,29.186050851886154,699000.0,451112.0
semisupervised.SelfTrainingClassifier -l trees.HoeffdingTree -s DistanceMeasure,SemiSupervisedStream -s generators.RandomTreeGenerator -t 0.95,1,700000.0,6.826404,5.176327883203825E-7,664951.0,700000.0,70.149,43.07887485992485,38.77166507948135,29.197119864464195,700000.0,451112.0
semisupervised.SelfTrainingClassifier -l trees.HoeffdingTree -s DistanceMeasure,SemiSupervisedStream -s generators.RandomTreeGenerator -t 0.95,1,701000.0,6.837907,5.18975222895129E-7,665896.0,701000.0,70.14992867332383,43.08210418505244,38.7741905280221,29.192948023822424,701000.0,451112.0
semisupervised.SelfTrainingClassifier -l trees.HoeffdingTree -s DistanceMeasure,SemiSupervisedStream -s generators.RandomTreeGenerator -t 0.95,1,702000.0,6.849617,5.203432690952389E-7,666859.0,702000.0,70.1534188034188,43.08958746793331,38.78321997054904,29.1982198432732,702000.0,451592.0
semisupervised.SelfTrainingClassifier -l trees.HoeffdingTree -s DistanceMeasure,SemiSupervisedStream -s generators.RandomTreeGenerator -t 0.95,1,703000.0,6.860432,5.216067549751867E-7,667816.0,703000.0,70.15433854907539,43.09212012084633,38.78572157955391,29.19835865317775,703000.0,451592.0
semisupervised.SelfTrainingClassifier -l trees.HoeffdingTree -s DistanceMeasure,SemiSupervisedStream -s generators.RandomTreeGenerator -t 0.95,1,704000.0,6.871322,5.228790028931368E-7,668777.0,704000.0,70.15511363636364,43.09437641427403,38.78703301761737,29.19935301253539,704000.0,451592.0
semisupervised.SelfTrainingClassifier -l trees.HoeffdingTree -s DistanceMeasure,SemiSupervisedStream -s generators.RandomTreeGenerator -t 0.95,1,705000.0,6.882284,5.241596623675693E-7,669732.0,705000.0,70.15758865248227,43.09958381493747,38.79236610130044,29.205811887584797,705000.0,451592.0
semisupervised.SelfTrainingClassifier -l trees.HoeffdingTree -s DistanceMeasure,SemiSupervisedStream -s generators.RandomTreeGenerator -t 0.95,1,706000.0,6.893706,5.254940623417499E-7,670672.0,706000.0,70.16203966005665,43.107836390867014,38.80352904607107,29.218859201118203,706000.0,451592.0
semisupervised.SelfTrainingClassifier -l trees.HoeffdingTree -s DistanceMeasure,SemiSupervisedStream -s generators.RandomTreeGenerator -t 0.95,1,707000.0,6.907958,5.272095804040633E-7,671628.0,707000.0,70.16746817538898,43.11828719858957,38.81172033652452,29.231605471803846,707000.0,465288.0
semisupervised.SelfTrainingClassifier -l trees.HoeffdingTree -s DistanceMeasure,SemiSupervisedStream -s generators.RandomTreeGenerator -t 0.95,1,708000.0,6.922173,5.289227923833664E-7,672571.0,708000.0,70.1683615819209,43.12094994308723,38.80618636750824,29.228851553756552,708000.0,465872.0
semisupervised.SelfTrainingClassifier -l trees.HoeffdingTree -s DistanceMeasure,SemiSupervisedStream -s generators.RandomTreeGenerator -t 0.95,1,709000.0,6.933756,5.303187919863398E-7,673532.0,709000.0,70.17277856135402,43.12966060799153,38.81586751418396,29.23802257958736,709000.0,465872.0
semisupervised.SelfTrainingClassifier -l trees.HoeffdingTree -s DistanceMeasure,SemiSupervisedStream -s generators.RandomTreeGenerator -t 0.95,1,710000.0,6.944704,5.316382831459246E-7,674494.0,710000.0,70.17591549295774,43.13657385985931,38.82362798007696,29.241796431196942,710000.0,465880.0
semisupervised.SelfTrainingClassifier -l trees.HoeffdingTree -s DistanceMeasure,SemiSupervisedStream -s generators.RandomTreeGenerator -t 0.95,1,711000.0,6.957027,5.331349962949754E-7,675460.0,711000.0,70.17552742616033,43.136811848013245,38.820094401680294,29.23745357346653,711000.0,469488.0
semisupervised.SelfTrainingClassifier -l trees.HoeffdingTree -s DistanceMeasure,SemiSupervisedStream -s generators.RandomTreeGenerator -t 0.95,1,712000.0,6.969131,5.346051604880228E-7,676402.0,712000.0,70.17724719101123,43.14087425628341,38.81930578245699,29.237885447874362,712000.0,469504.0
semisupervised.SelfTrainingClassifier -l trees.HoeffdingTree -s DistanceMeasure,SemiSupervisedStream -s generators.RandomTreeGenerator -t 0.95,1,713000.0,6.980442,5.359806915620964E-7,677368.0,713000.0,70.17938288920055,43.14480852878715,38.82466336747612,29.248262161541618,713000.0,470080.0
semisupervised.SelfTrainingClassifier -l trees.HoeffdingTree -s DistanceMeasure,SemiSupervisedStream -s generators.RandomTreeGenerator -t 0.95,1,714000.0,6.992127,5.374017047882082E-7,678322.0,714000.0,70.18375350140056,43.15259644644198,38.83249387284831,29.262279285206372,714000.0,470080.0
semisupervised.SelfTrainingClassifier -l trees.HoeffdingTree -s DistanceMeasure,SemiSupervisedStream -s generators.RandomTreeGenerator -t 0.95,1,715000.0,7.005216,5.389934584995112E-7,679263.0,715000.0,70.18293706293707,43.150949847993665,38.83460048773491,29.265387512151765,715000.0,470080.0
semisupervised.SelfTrainingClassifier -l trees.HoeffdingTree -s DistanceMeasure,SemiSupervisedStream -s generators.RandomTreeGenerator -t 0.95,1,716000.0,7.019702,5.407552213470143E-7,680226.0,716000.0,70.18351955307263,43.152891459545806,38.83676223273351,29.266878493401666,716000.0,470112.0
semisupervised.SelfTrainingClassifier -l trees.HoeffdingTree -s DistanceMeasure,SemiSupervisedStream -s generators.RandomTreeGenerator -t 0.95,1,717000.0,7.033651,5.424516751617195E-7,681179.0,717000.0,70.18591352859134,43.15780927579274,38.83931253701537,29.271964478325025,717000.0,470112.0
semisupervised.SelfTrainingClassifier -l trees.HoeffdingTree -s DistanceMeasure,SemiSupervisedStream -s generators.RandomTreeGenerator -t 0.95,1,718000.0,7.045609,5.439060859133801E-7,682122.0,718000.0,70.18732590529247,43.16052506986836,38.84544729917747,29.276826600939636,718000.0,470144.0
semisupervised.SelfTrainingClassifier -l trees.HoeffdingTree -s DistanceMeasure,SemiSupervisedStream -s generators.RandomTreeGenerator -t 0.95,1,719000.0,7.057634,5.453722044887643E-7,683066.0,719000.0,70.18720445062587,43.16090591300859,38.84947294849303,29.276179038292767,719000.0,471288.0
semisupervised.SelfTrainingClassifier -l trees.HoeffdingTree -s DistanceMeasure,SemiSupervisedStream -s generators.RandomTreeGenerator -t 0.95,1,720000.0,7.069864,5.468633171853921E-7,684010.0,720000.0,70.18722222222222,43.162747250665824,38.85307497941848,29.267472896826707,720000.0,471288.0
semisupervised.SelfTrainingClassifier -l trees.HoeffdingTree -s DistanceMeasure,SemiSupervisedStream -s generators.RandomTreeGenerator -t 0.95,1,721000.0,7.081737,5.483109035342933E-7,684962.0,721000.0,70.18834951456311,43.164871951847694,38.858942230288065,29.27492168785702,721000.0,471288.0
semisupervised.SelfTrainingClassifier -l trees.HoeffdingTree -s DistanceMeasure,SemiSupervisedStream -s generators.RandomTreeGenerator -t 0.95,1,722000.0,7.093799,5.497815831709241E-7,685902.0,722000.0,70.19182825484765,43.171967227719875,38.866322008862625,29.280498945196204,722000.0,471304.0
semisupervised.SelfTrainingClassifier -l trees.HoeffdingTree -s DistanceMeasure,SemiSupervisedStream -s generators.RandomTreeGenerator -t 0.95,1,723000.0,7.105528,5.512116612224944E-7,686859.0,723000.0,70.19502074688798,43.178517602206085,38.870686353772186,29.287725354562223,723000.0,471304.0
semisupervised.SelfTrainingClassifier -l trees.HoeffdingTree -s DistanceMeasure,SemiSupervisedStream -s generators.RandomTreeGenerator -t 0.95,1,724000.0,7.117406,5.526599063496625E-7,687809.0,724000.0,70.1988950276243,43.185686934720216,38.87247249742894,29.298423829341015,724000.0,471304.0
semisupervised.SelfTrainingClassifier -l trees.HoeffdingTree -s DistanceMeasure,SemiSupervisedStream -s generators.RandomTreeGenerator -t 0.95,1,725000.0,7.129138,5.540920983855097E-7,688765.0,725000.0,70.19834482758621,43.185521906856685,38.867967235842535,29.29607607653468,725000.0,471880.0
semisupervised.SelfTrainingClassifier -l trees.HoeffdingTree -s DistanceMeasure,SemiSupervisedStream -s generators.RandomTreeGenerator -t 0.95,1,726000.0,7.141064,5.555479977880089E-7,689714.0,726000.0,70.19779614325068,43.184938784205514,38.86969223510267,29.2974315404222,726000.0,471888.0
semisupervised.SelfTrainingClassifier -l trees.HoeffdingTree -s DistanceMeasure,SemiSupervisedStream -s generators.RandomTreeGenerator -t 0.95,1,727000.0,7.153131,5.570211850768992E-7,690660.0,727000.0,70.19518569463548,43.18144891900307,38.86407561543345,29.28858140521489,727000.0,471912.0
semisupervised.SelfTrainingClassifier -l trees.HoeffdingTree -s DistanceMeasure,SemiSupervisedStream -s generators.RandomTreeGenerator -t 0.95,1,728000.0,7.164694,5.584345411343708E-7,691604.0,728000.0,70.19711538461539,43.1856081743782,38.86570545422782,29.293735783141166,728000.0,472480.0
semisupervised.SelfTrainingClassifier -l trees.HoeffdingTree -s DistanceMeasure,SemiSupervisedStream -s generators.RandomTreeGenerator -t 0.95,1,729000.0,7.176048,5.598239958120718E-7,692560.0,729000.0,70.19753086419753,43.18729853301068,38.86595588421506,29.29414559691221,729000.0,473040.0
semisupervised.SelfTrainingClassifier -l trees.HoeffdingTree -s DistanceMeasure,SemiSupervisedStream -s generators.RandomTreeGenerator -t 0.95,1,730000.0,7.187417,5.612152861265674E-7,693507.0,730000.0,70.19657534246575,43.18695270509292,38.8627084018288,29.286937755344134,730000.0,473040.0
semisupervised.SelfTrainingClassifier -l trees.HoeffdingTree -s DistanceMeasure,SemiSupervisedStream -s generators.RandomTreeGenerator -t 0.95,1,731000.0,7.198729,5.625996244326235E-7,694458.0,731000.0,70.19822161422708,43.19042399284786,38.86583096907806,29.288211293709814,731000.0,473048.0
semisupervised.SelfTrainingClassifier -l trees.HoeffdingTree -s DistanceMeasure,SemiSupervisedStream -s generators.RandomTreeGenerator -t 0.95,1,732000.0,7.210479,5.640377587825061E-7,695409.0,732000.0,70.20122950819672,43.19621477087183,38.87071958837425,29.298223436633954,732000.0,473112.0
semisupervised.SelfTrainingClassifier -l trees.HoeffdingTree -s DistanceMeasure,SemiSupervisedStream -s generators.RandomTreeGenerator -t 0.95,1,733000.0,7.221841,5.654284276150996E-7,696358.0,733000.0,70.20409276944065,43.20182022035134,38.88113101417965,29.304451407411243,733000.0,473120.0
semisupervised.SelfTrainingClassifier -l trees.HoeffdingTree -s DistanceMeasure,SemiSupervisedStream -s generators.RandomTreeGenerator -t 0.95,1,734000.0,7.233831,5.668959614386162E-7,697315.0,734000.0,70.20558583106266,43.205715041114296,38.88410697817399,29.304459142308502,734000.0,473120.0
semisupervised.SelfTrainingClassifier -l trees.HoeffdingTree -s DistanceMeasure,SemiSupervisedStream -s generators.RandomTreeGenerator -t 0.95,1,735000.0,7.245604,5.683369595909285E-7,698248.0,735000.0,70.21115646258504,43.21606497556928,38.898857779129706,29.320769456738244,735000.0,473128.0
semisupervised.SelfTrainingClassifier -l trees.HoeffdingTree -s DistanceMeasure,SemiSupervisedStream -s generators.RandomTreeGenerator -t 0.95,1,736000.0,7.257267,5.697644939025244E-7,699188.0,736000.0,70.21426630434783,43.221654632305516,38.90650778079993,29.32963685304879,736000.0,473128.0
semisupervised.SelfTrainingClassifier -l trees.HoeffdingTree -s DistanceMeasure,SemiSupervisedStream -s generators.RandomTreeGenerator -t 0.95,1,737000.0,7.268796,5.711756268081566E-7,700144.0,737000.0,70.21682496607869,43.22706865630057,38.90367186978111,29.333097242567153,737000.0,473128.0
semisupervised.SelfTrainingClassifier -l trees.HoeffdingTree -s DistanceMeasure,SemiSupervisedStream -s generators.RandomTreeGenerator -t 0.95,1,738000.0,7.280744,5.726380694347124E-7,701075.0,738000.0,70.22235772357723,43.23741525669071,38.91850575351603,29.346802169502862,738000.0,473136.0
semisupervised.SelfTrainingClassifier -l trees.HoeffdingTree -s DistanceMeasure,SemiSupervisedStream -s generators.RandomTreeGenerator -t 0.95,1,739000.0,7.292306,5.740532654213409E-7,702029.0,739000.0,70.22584573748308,43.24398023160665,38.927947907327884,29.356561048200923,739000.0,473136.0
semisupervised.SelfTrainingClassifier -l trees.HoeffdingTree -s DistanceMeasure,SemiSupervisedStream -s generators.RandomTreeGenerator -t 0.95,1,740000.0,7.304065,5.754926230034067E-7,702977.0,740000.0,70.22581081081081,43.24566192563373,38.9289723511884,29.348896121594965,740000.0,473152.0
semisupervised.SelfTrainingClassifier -l trees.HoeffdingTree -s DistanceMeasure,SemiSupervisedStream -s generators.RandomTreeGenerator -t 0.95,1,741000.0,7.316404,5.770029753467276E-7,703908.0,741000.0,70.227665317139,43.249570051264776,38.929135950791846,29.35523640264502,741000.0,473152.0
semisupervised.SelfTrainingClassifier -l trees.HoeffdingTree -s DistanceMeasure,SemiSupervisedStream -s generators.RandomTreeGenerator -t 0.95,1,742000.0,7.328164,5.784424553335542E-7,704852.0,742000.0,70.22924528301887,43.25302076736399,38.93364221421148,29.357982999788952,742000.0,473152.0
semisupervised.SelfTrainingClassifier -l trees.HoeffdingTree -s DistanceMeasure,SemiSupervisedStream -s generators.RandomTreeGenerator -t 0.95,1,743000.0,7.340023,5.798941270220611E-7,705804.0,743000.0,70.23149394347242,43.257447769945216,38.941707799163,29.36277030285417,743000.0,473176.0
semisupervised.SelfTrainingClassifier -l trees.HoeffdingTree -s DistanceMeasure,SemiSupervisedStream -s generators.RandomTreeGenerator -t 0.95,1,744000.0,7.352431,5.814130023328795E-7,706750.0,744000.0,70.23534946236559,43.26477773785781,38.94918796126034,29.372047853085547,744000.0,473176.0
semisupervised.SelfTrainingClassifier -l trees.HoeffdingTree -s DistanceMeasure,SemiSupervisedStream -s generators.RandomTreeGenerator -t 0.95,1,745000.0,7.364262,5.828612465142376E-7,707705.0,745000.0,70.23932885906041,43.271936406692866,38.959444317496676,29.387691406150473,745000.0,473176.0
semisupervised.SelfTrainingClassifier -l trees.HoeffdingTree -s DistanceMeasure,SemiSupervisedStream -s generators.RandomTreeGenerator -t 0.95,1,746000.0,7.375973,5.842948013792436E-7,708645.0,746000.0,70.24008042895443,43.27410030938483,38.95887864857136,29.386001183213633,746000.0,473176.0
semisupervised.SelfTrainingClassifier -l trees.HoeffdingTree -s DistanceMeasure,SemiSupervisedStream -s generators.RandomTreeGenerator -t 0.95,1,747000.0,7.388096,5.85778889923046E-7,709609.0,747000.0,70.2413654618474,43.27714405802514,38.96460833035887,29.388726184652736,747000.0,473208.0
semisupervised.SelfTrainingClassifier -l trees.HoeffdingTree -s DistanceMeasure,SemiSupervisedStream -s generators.RandomTreeGenerator -t 0.95,1,748000.0,7.400247,5.872664062057932E-7,710561.0,748000.0,70.24411764705883,43.28298163164605,38.97333815900591,29.392469553686716,748000.0,473208.0
semisupervised.SelfTrainingClassifier -l trees.HoeffdingTree -s DistanceMeasure,SemiSupervisedStream -s generators.RandomTreeGenerator -t 0.95,1,749000.0,7.415713,5.892018975193302E-7,711518.0,749000.0,70.2452603471295,43.28550250469576,38.971238604840934,29.39754608612458,749000.0,483744.0
semisupervised.SelfTrainingClassifier -l trees.HoeffdingTree -s DistanceMeasure,SemiSupervisedStream -s generators.RandomTreeGenerator -t 0.95,1,750000.0,7.429183,5.909019286558032E-7,712474.0,750000.0,70.24533333333333,43.28686444118783,38.96712331015018,29.39404677533666,750000.0,487856.0
semisupervised.SelfTrainingClassifier -l trees.HoeffdingTree -s DistanceMeasure,SemiSupervisedStream -s generators.RandomTreeGenerator -t 0.95,1,751000.0,7.441219,5.924209765220682E-7,713429.0,751000.0,70.24647137150465,43.28982350898545,38.967204114576646,29.39330742250451,751000.0,487856.0
semisupervised.SelfTrainingClassifier -l trees.HoeffdingTree -s DistanceMeasure,SemiSupervisedStream -s generators.RandomTreeGenerator -t 0.95,1,752000.0,7.453451,5.939648372390205E-7,714392.0,752000.0,70.24813829787234,43.29347351243967,38.96721043155655,29.39695162359178,752000.0,487880.0
semisupervised.SelfTrainingClassifier -l trees.HoeffdingTree -s DistanceMeasure,SemiSupervisedStream -s generators.RandomTreeGenerator -t 0.95,1,753000.0,7.466018,5.955510319665904E-7,715340.0,753000.0,70.24887118193891,43.29570274351876,38.97362277545172,29.397712625312387,753000.0,487896.0
semisupervised.SelfTrainingClassifier -l trees.HoeffdingTree -s DistanceMeasure,SemiSupervisedStream -s generators.RandomTreeGenerator -t 0.95,1,754000.0,7.478183,5.970883245414332E-7,716292.0,754000.0,70.25132625994695,43.300514257919026,38.97857360494471,29.40434076517315,754000.0,488480.0
semisupervised.SelfTrainingClassifier -l trees.HoeffdingTree -s DistanceMeasure,SemiSupervisedStream -s generators.RandomTreeGenerator -t 0.95,1,755000.0,7.490586,5.986574130505325E-7,717240.0,755000.0,70.2528476821192,43.30347875377194,38.97928853411291,29.410082253436116,755000.0,489016.0
semisupervised.SelfTrainingClassifier -l trees.HoeffdingTree -s DistanceMeasure,SemiSupervisedStream -s generators.RandomTreeGenerator -t 0.95,1,756000.0,7.502652,6.001838680977624E-7,718195.0,756000.0,70.25502645502645,43.30794176833547,38.98168951407206,29.412946442584786,756000.0,489016.0
semisupervised.SelfTrainingClassifier -l trees.HoeffdingTree -s DistanceMeasure,SemiSupervisedStream -s generators.RandomTreeGenerator -t 0.95,1,757000.0,7.514716,6.017100701274145E-7,719149.0,757000.0,70.25257595772787,43.30373897261849,38.98055240175263,29.408371760590075,757000.0,489016.0
semisupervised.SelfTrainingClassifier -l trees.HoeffdingTree -s DistanceMeasure,SemiSupervisedStream -s generators.RandomTreeGenerator -t 0.95,1,758000.0,7.526883,6.03249352924112E-7,720105.0,758000.0,70.25435356200528,43.307368810424954,38.98428007393156,29.41205935758563,758000.0,489032.0
semisupervised.SelfTrainingClassifier -l trees.HoeffdingTree -s DistanceMeasure,SemiSupervisedStream -s generators.RandomTreeGenerator -t 0.95,1,759000.0,7.539085,6.047930636732944E-7,721049.0,759000.0,70.25836627140974,43.31501185467342,38.99539504264448,29.421493804734222,759000.0,489032.0
semisupervised.SelfTrainingClassifier -l trees.HoeffdingTree -s DistanceMeasure,SemiSupervisedStream -s generators.RandomTreeGenerator -t 0.95,1,760000.0,7.551299,6.063382925776145E-7,722001.0,760000.0,70.26105263157895,43.32028389634367,39.00542705322614,29.43020485648181,760000.0,489032.0
semisupervised.SelfTrainingClassifier -l trees.HoeffdingTree -s DistanceMeasure,SemiSupervisedStream -s generators.RandomTreeGenerator -t 0.95,1,761000.0,7.563976,6.07931340047055E-7,722948.0,761000.0,70.26084099868594,43.320477861366825,39.00621486284719,29.428951857083607,761000.0,485752.0
semisupervised.SelfTrainingClassifier -l trees.HoeffdingTree -s DistanceMeasure,SemiSupervisedStream -s generators.RandomTreeGenerator -t 0.95,1,762000.0,7.575889,6.094300811323856E-7,723883.0,762000.0,70.26062992125985,43.32035969502721,39.00716473507706,29.431657879904215,762000.0,486304.0
semisupervised.SelfTrainingClassifier -l trees.HoeffdingTree -s DistanceMeasure,SemiSupervisedStream -s generators.RandomTreeGenerator -t 0.95,1,763000.0,7.587623,6.109063027302426E-7,724836.0,763000.0,70.26146788990826,43.322262092267856,39.00829511915834,29.433991603172128,763000.0,486304.0
semisupervised.SelfTrainingClassifier -l trees.HoeffdingTree -s DistanceMeasure,SemiSupervisedStream -s generators.RandomTreeGenerator -t 0.95,1,764000.0,7.599117,6.123523306018778E-7,725793.0,764000.0,70.26269633507853,43.324863257907154,39.01432080207229,29.439223310619845,764000.0,486304.0
semisupervised.SelfTrainingClassifier -l trees.HoeffdingTree -s DistanceMeasure,SemiSupervisedStream -s generators.RandomTreeGenerator -t 0.95,1,765000.0,7.610721,6.13812197264698E-7,726748.0,765000.0,70.26366013071895,43.32700367842961,39.01505301395387,29.442507630083615,765000.0,486304.0
semisupervised.SelfTrainingClassifier -l trees.HoeffdingTree -s DistanceMeasure,SemiSupervisedStream -s generators.RandomTreeGenerator -t 0.95,1,766000.0,7.623597,6.154321706212232E-7,727700.0,766000.0,70.26383812010444,43.32800086500495,39.01678933150563,29.43824192708979,766000.0,486328.0
semisupervised.SelfTrainingClassifier -l trees.HoeffdingTree -s DistanceMeasure,SemiSupervisedStream -s generators.RandomTreeGenerator -t 0.95,1,767000.0,7.635881,6.169890265415114E-7,728654.0,767000.0,70.26531942633638,43.331612775322476,39.01777071868999,29.43882728577792,767000.0,489904.0
semisupervised.SelfTrainingClassifier -l trees.HoeffdingTree -s DistanceMeasure,SemiSupervisedStream -s generators.RandomTreeGenerator -t 0.95,1,768000.0,7.648202,6.185620721119148E-7,729591.0,768000.0,70.268359375,43.336799928205366,39.024885240560884,29.45205691069469,768000.0,493512.0
semisupervised.SelfTrainingClassifier -l trees.HoeffdingTree -s DistanceMeasure,SemiSupervisedStream -s generators.RandomTreeGenerator -t 0.95,1,769000.0,7.66023,6.200977098134659E-7,730539.0,769000.0,70.27152145643694,43.34323738527785,39.029320930034096,29.45837614670408,769000.0,493512.0
semisupervised.SelfTrainingClassifier -l trees.HoeffdingTree -s DistanceMeasure,SemiSupervisedStream -s generators.RandomTreeGenerator -t 0.95,1,770000.0,7.672438,6.216563789898325E-7,731489.0,770000.0,70.27415584415584,43.34833667197199,39.039499721682894,29.46757632905618,770000.0,493528.0
semisupervised.SelfTrainingClassifier -l trees.HoeffdingTree -s DistanceMeasure,SemiSupervisedStream -s generators.RandomTreeGenerator -t 0.95,1,771000.0,7.684431,6.231875978161893E-7,732436.0,771000.0,70.27730220492866,43.3547645457421,39.04520233858398,29.473207993130806,771000.0,493528.0
semisupervised.SelfTrainingClassifier -l trees.HoeffdingTree -s DistanceMeasure,SemiSupervisedStream -s generators.RandomTreeGenerator -t 0.95,1,772000.0,7.696676,6.247510163486006E-7,733379.0,772000.0,70.28056994818654,43.360981942396755,39.0516416958878,29.483684377141845,772000.0,493536.0
semisupervised.SelfTrainingClassifier -l trees.HoeffdingTree -s DistanceMeasure,SemiSupervisedStream -s generators.RandomTreeGenerator -t 0.95,1,773000.0,7.708503,6.262625340620678E-7,734335.0,773000.0,70.27943078913324,43.359920962076146,39.04532465912979,29.47915131869751,773000.0,494016.0
semisupervised.SelfTrainingClassifier -l trees.HoeffdingTree -s DistanceMeasure,SemiSupervisedStream -s generators.RandomTreeGenerator -t 0.95,1,774000.0,7.721213,6.278869538091952E-7,735284.0,774000.0,70.28229974160207,43.365574243823886,39.05143723237377,29.487375997841852,774000.0,494032.0
semisupervised.SelfTrainingClassifier -l trees.HoeffdingTree -s DistanceMeasure,SemiSupervisedStream -s generators.RandomTreeGenerator -t 0.95,1,775000.0,7.733374,6.294413084992105E-7,736229.0,775000.0,70.28361290322582,43.3687670675797,39.04887427980109,29.487371827648197,775000.0,494064.0
semisupervised.SelfTrainingClassifier -l trees.HoeffdingTree -s DistanceMeasure,SemiSupervisedStream -s generators.RandomTreeGenerator -t 0.95,1,776000.0,7.74527,6.309617922910387E-7,737180.0,776000.0,70.28556701030928,43.37239078976522,39.052472431620906,29.494286684014025,776000.0,494064.0
semisupervised.SelfTrainingClassifier -l trees.HoeffdingTree -s DistanceMeasure,SemiSupervisedStream -s generators.RandomTreeGenerator -t 0.95,1,777000.0,7.758538,6.326817747909163E-7,738145.0,777000.0,70.28815958815959,43.37701295201023,39.05351999640966,29.503355950628755,777000.0,501096.0
semisupervised.SelfTrainingClassifier -l trees.HoeffdingTree -s DistanceMeasure,SemiSupervisedStream -s generators.RandomTreeGenerator -t 0.95,1,778000.0,7.770679,6.342556598927414E-7,739094.0,778000.0,70.29125964010284,43.3820355445397,39.06044019784648,29.515770470506812,778000.0,501096.0
semisupervised.SelfTrainingClassifier -l trees.HoeffdingTree -s DistanceMeasure,SemiSupervisedStream -s generators.RandomTreeGenerator -t 0.95,1,779000.0,7.784907,6.361270048945316E-7,740041.0,779000.0,70.29358151476252,43.386798522310634,39.066243963578714,29.52074361488935,779000.0,508408.0
semisupervised.SelfTrainingClassifier -l trees.HoeffdingTree -s DistanceMeasure,SemiSupervisedStream -s generators.RandomTreeGenerator -t 0.95,1,780000.0,7.797086,6.377288541197779E-7,740992.0,780000.0,70.29525641025641,43.39017480279761,39.0719995792574,29.525469405384356,780000.0,508408.0
semisupervised.SelfTrainingClassifier -l trees.HoeffdingTree -s DistanceMeasure,SemiSupervisedStream -s generators.RandomTreeGenerator -t 0.95,1,781000.0,7.809499,6.393615830751759E-7,741938.0,781000.0,70.29692701664533,43.39460877385973,39.06861908201457,29.524402655203318,781000.0,508440.0
semisupervised.SelfTrainingClassifier -l trees.HoeffdingTree -s DistanceMeasure,SemiSupervisedStream -s generators.RandomTreeGenerator -t 0.95,1,782000.0,7.821433,6.409313320430619E-7,742884.0,782000.0,70.2997442455243,43.40020362637138,39.07623864184836,29.53077354855349,782000.0,508448.0
semisupervised.SelfTrainingClassifier -l trees.HoeffdingTree -s DistanceMeasure,SemiSupervisedStream -s generators.RandomTreeGenerator -t 0.95,1,783000.0,7.83353,6.42522521356328E-7,743835.0,783000.0,70.3037037037037,43.40756201575544,39.08491937702212,29.542417511825143,783000.0,508448.0
semisupervised.SelfTrainingClassifier -l trees.HoeffdingTree -s DistanceMeasure,SemiSupervisedStream -s generators.RandomTreeGenerator -t 0.95,1,784000.0,7.845503,6.440975241197484E-7,744782.0,784000.0,70.3045918367347,43.410194978483354,39.08299514102032,29.54079795170404,784000.0,508488.0
semisupervised.SelfTrainingClassifier -l trees.HoeffdingTree -s DistanceMeasure,SemiSupervisedStream -s generators.RandomTreeGenerator -t 0.95,1,785000.0,7.857341,6.456547681449191E-7,745733.0,785000.0,70.30458598726115,43.41060285509946,39.077017162839205,29.538983296759113,785000.0,508488.0
semisupervised.SelfTrainingClassifier -l trees.HoeffdingTree -s DistanceMeasure,SemiSupervisedStream -s generators.RandomTreeGenerator -t 0.95,1,786000.0,7.869856,6.473143562260604E-7,746688.0,786000.0,70.30521628498728,43.41276269695541,39.080150759015275,29.53527900468255,786000.0,512592.0
semisupervised.SelfTrainingClassifier -l trees.HoeffdingTree -s DistanceMeasure,SemiSupervisedStream -s generators.RandomTreeGenerator -t 0.95,1,787000.0,7.882606,6.490051071676946E-7,747633.0,787000.0,70.30546378653113,43.41386506873883,39.07868290915347,29.535778466585462,787000.0,512592.0
semisupervised.SelfTrainingClassifier -l trees.HoeffdingTree -s DistanceMeasure,SemiSupervisedStream -s generators.RandomTreeGenerator -t 0.95,1,788000.0,7.895062,6.506569229397512E-7,748581.0,788000.0,70.30710659898477,43.41712936141853,39.08309619705439,29.540862264702067,788000.0,512608.0
semisupervised.SelfTrainingClassifier -l trees.HoeffdingTree -s DistanceMeasure,SemiSupervisedStream -s generators.RandomTreeGenerator -t 0.95,1,789000.0,7.90712,6.522595027668611E-7,749531.0,789000.0,70.30697084917618,43.4174134639988,39.08211555463103,29.539391569798056,789000.0,513744.0
semisupervised.SelfTrainingClassifier -l trees.HoeffdingTree -s DistanceMeasure,SemiSupervisedStream -s generators.RandomTreeGenerator -t 0.95,1,790000.0,7.92205,6.542437884542679E-7,750481.0,790000.0,70.31050632911392,43.42400320452826,39.09278114929274,29.55065629411586,790000.0,513744.0
semisupervised.SelfTrainingClassifier -l trees.HoeffdingTree -s DistanceMeasure,SemiSupervisedStream -s generators.RandomTreeGenerator -t 0.95,1,791000.0,7.93454,6.559038870450526E-7,751437.0,791000.0,70.31011378002529,43.424009941619914,39.09395755584315,29.548999844006868,791000.0,513776.0
semisupervised.SelfTrainingClassifier -l trees.HoeffdingTree -s DistanceMeasure,SemiSupervisedStream -s generators.RandomTreeGenerator -t 0.95,1,792000.0,7.946402,6.574805646058588E-7,752395.0,792000.0,70.31502525252526,43.43378132189498,39.105536072274056,29.557398563013475,792000.0,513792.0
semisupervised.SelfTrainingClassifier -l trees.HoeffdingTree -s DistanceMeasure,SemiSupervisedStream -s generators.RandomTreeGenerator -t 0.95,1,793000.0,7.959061,6.591631780978709E-7,753339.0,793000.0,70.31677175283733,43.438248298586444,39.102741551174155,29.555976525442247,793000.0,513792.0
semisupervised.SelfTrainingClassifier -l trees.HoeffdingTree -s DistanceMeasure,SemiSupervisedStream -s generators.RandomTreeGenerator -t 0.95,1,794000.0,7.971772,6.608547815783986E-7,754297.0,794000.0,70.3205289672544,43.44491624940881,39.110853876901366,29.569024776592244,794000.0,514424.0
semisupervised.SelfTrainingClassifier -l trees.HoeffdingTree -s DistanceMeasure,SemiSupervisedStream -s generators.RandomTreeGenerator -t 0.95,1,795000.0,7.984361,6.625301490724089E-7,755260.0,795000.0,70.32364779874214,43.450967818894256,39.1163984980839,29.57697290262496,795000.0,514424.0
semisupervised.SelfTrainingClassifier -l trees.HoeffdingTree -s DistanceMeasure,SemiSupervisedStream -s generators.RandomTreeGenerator -t 0.95,1,796000.0,7.997602,6.642922859369883E-7,756210.0,796000.0,70.32638190954773,43.45641461714379,39.12398036107783,29.582537094067042,796000.0,514424.0
semisupervised.SelfTrainingClassifier -l trees.HoeffdingTree -s DistanceMeasure,SemiSupervisedStream -s generators.RandomTreeGenerator -t 0.95,1,797000.0,8.011454,6.661357358160121E-7,757155.0,797000.0,70.32860727728983,43.460697085132,39.12173798877072,29.591298988593767,797000.0,514424.0
semisupervised.SelfTrainingClassifier -l trees.HoeffdingTree -s DistanceMeasure,SemiSupervisedStream -s generators.RandomTreeGenerator -t 0.95,1,798000.0,8.025496,6.680046165548267E-7,758103.0,798000.0,70.32994987468672,43.463148430502244,39.12740548392487,29.597956628913458,798000.0,514464.0
semisupervised.SelfTrainingClassifier -l trees.HoeffdingTree -s DistanceMeasure,SemiSupervisedStream -s generators.RandomTreeGenerator -t 0.95,1,799000.0,8.03894,6.69793908155213E-7,759045.0,799000.0,70.32803504380476,43.460713217479245,39.12294351618611,29.58893043506669,799000.0,514464.0
semisupervised.SelfTrainingClassifier -l trees.HoeffdingTree -s DistanceMeasure,SemiSupervisedStream -s generators.RandomTreeGenerator -t 0.95,1,800000.0,8.0516,6.714788554670912E-7,759995.0,800000.0,70.331375,43.46694890654535,39.12926398288892,29.599276265053092,800000.0,514464.0
semisupervised.SelfTrainingClassifier -l trees.HoeffdingTree -s DistanceMeasure,SemiSupervisedStream -s generators.RandomTreeGenerator -t 0.95,1,801000.0,8.064239,6.731610078426702E-7,760941.0,801000.0,70.3350811485643,43.47386222656629,39.13727258057492,29.609650175223436,801000.0,514464.0
semisupervised.SelfTrainingClassifier -l trees.HoeffdingTree -s DistanceMeasure,SemiSupervisedStream -s generators.RandomTreeGenerator -t 0.95,1,802000.0,8.076854,6.748400443295641E-7,761898.0,802000.0,70.33715710723192,43.4780294647801,39.13944439185749,29.614902127861004,802000.0,514488.0
semisupervised.SelfTrainingClassifier -l trees.HoeffdingTree -s DistanceMeasure,SemiSupervisedStream -s generators.RandomTreeGenerator -t 0.95,1,803000.0,8.08966,6.765445291168163E-7,762840.0,803000.0,70.34084682440846,43.485039324626264,39.15363921342199,29.62398238848749,803000.0,514496.0
semisupervised.SelfTrainingClassifier -l trees.HoeffdingTree -s DistanceMeasure,SemiSupervisedStream -s generators.RandomTreeGenerator -t 0.95,1,804000.0,8.102352,6.782338404489891E-7,763791.0,804000.0,70.3429104477612,43.489670288289474,39.15873542394938,29.62484172872083,804000.0,514496.0
semisupervised.SelfTrainingClassifier -l trees.HoeffdingTree -s DistanceMeasure,SemiSupervisedStream -s generators.RandomTreeGenerator -t 0.95,1,805000.0,8.114841,6.79896132383082E-7,764750.0,805000.0,70.34757763975156,43.497969960741635,39.16886042594184,29.641015966963696,805000.0,514496.0
semisupervised.SelfTrainingClassifier -l trees.HoeffdingTree -s DistanceMeasure,SemiSupervisedStream -s generators.RandomTreeGenerator -t 0.95,1,806000.0,8.127739,6.816148377541042E-7,765705.0,806000.0,70.34888337468983,43.50062559152247,39.17301691533172,29.644850568757214,806000.0,515088.0
semisupervised.SelfTrainingClassifier -l trees.HoeffdingTree -s DistanceMeasure,SemiSupervisedStream -s generators.RandomTreeGenerator -t 0.95,1,807000.0,8.140975,6.833785828534104E-7,766647.0,807000.0,70.35105328376704,43.5049492290776,39.18141587296746,29.64990635355137,807000.0,515088.0
semisupervised.SelfTrainingClassifier -l trees.HoeffdingTree -s DistanceMeasure,SemiSupervisedStream -s generators.RandomTreeGenerator -t 0.95,1,808000.0,8.153272,6.850172027904131E-7,767601.0,808000.0,70.35210396039604,43.50760295150623,39.17886195375101,29.64962101745287,808000.0,515088.0
semisupervised.SelfTrainingClassifier -l trees.HoeffdingTree -s DistanceMeasure,SemiSupervisedStream -s generators.RandomTreeGenerator -t 0.95,1,809000.0,8.165464,6.866418815611141E-7,768555.0,809000.0,70.35352286773795,43.510112969419346,39.18170176617515,29.657437822618494,809000.0,515104.0
semisupervised.SelfTrainingClassifier -l trees.HoeffdingTree -s DistanceMeasure,SemiSupervisedStream -s generators.RandomTreeGenerator -t 0.95,1,810000.0,8.178459,6.883724098590517E-7,769503.0,810000.0,70.35333333333334,43.510673993024476,39.179855787130265,29.653184440024262,810000.0,514760.0
semisupervised.SelfTrainingClassifier -l trees.HoeffdingTree -s DistanceMeasure,SemiSupervisedStream -s generators.RandomTreeGenerator -t 0.95,1,811000.0,8.190609,6.899904608291888E-7,770455.0,811000.0,70.35450061652281,43.51396408100108,39.18018147920476,29.652159664799893,811000.0,514776.0
semisupervised.SelfTrainingClassifier -l trees.HoeffdingTree -s DistanceMeasure,SemiSupervisedStream -s generators.RandomTreeGenerator -t 0.95,1,812000.0,8.202551,6.915808612625636E-7,771412.0,812000.0,70.35677339901478,43.51833334723047,39.1873899411588,29.6574679926473,812000.0,514792.0
semisupervised.SelfTrainingClassifier -l trees.HoeffdingTree -s DistanceMeasure,SemiSupervisedStream -s generators.RandomTreeGenerator -t 0.95,1,813000.0,8.214516,6.931743495311178E-7,772361.0,813000.0,70.36027060270604,43.52532759848696,39.193267556587365,29.66486088895635,813000.0,514800.0
semisupervised.SelfTrainingClassifier -l trees.HoeffdingTree -s DistanceMeasure,SemiSupervisedStream -s generators.RandomTreeGenerator -t 0.95,1,814000.0,8.227098,6.948500093217529E-7,773307.0,814000.0,70.36425061425061,43.53252930549653,39.19891319963403,29.678322086023694,814000.0,514800.0
semisupervised.SelfTrainingClassifier -l trees.HoeffdingTree -s DistanceMeasure,SemiSupervisedStream -s generators.RandomTreeGenerator -t 0.95,1,815000.0,8.239205,6.964624090265073E-7,774256.0,815000.0,70.36920245398774,43.54087705295267,39.20977311688018,29.69530585865175,815000.0,514800.0
semisupervised.SelfTrainingClassifier -l trees.HoeffdingTree -s DistanceMeasure,SemiSupervisedStream -s generators.RandomTreeGenerator -t 0.95,1,816000.0,8.251259,6.980677502374686E-7,775209.0,816000.0,70.37218137254901,43.54640492898497,39.213374098621145,29.70371016515468,816000.0,514800.0
semisupervised.SelfTrainingClassifier -l trees.HoeffdingTree -s DistanceMeasure,SemiSupervisedStream -s generators.RandomTreeGenerator -t 0.95,1,817000.0,8.263285,6.99669412210998E-7,776162.0,817000.0,70.37637698898409,43.55446079096037,39.22405675183629,29.712956455575636,817000.0,514816.0
semisupervised.SelfTrainingClassifier -l trees.HoeffdingTree -s DistanceMeasure,SemiSupervisedStream -s generators.RandomTreeGenerator -t 0.95,1,818000.0,8.276069,7.013835362614032E-7,777096.0,818000.0,70.38031784841075,43.56076052543349,39.23634448512814,29.730364647229244,818000.0,518296.0
semisupervised.SelfTrainingClassifier -l trees.HoeffdingTree -s DistanceMeasure,SemiSupervisedStream -s generators.RandomTreeGenerator -t 0.95,1,819000.0,8.288309,7.030248201907512E-7,778054.0,819000.0,70.38266178266178,43.565851483653155,39.23819161940642,29.73113903075635,819000.0,518328.0
semisupervised.SelfTrainingClassifier -l trees.HoeffdingTree -s DistanceMeasure,SemiSupervisedStream -s generators.RandomTreeGenerator -t 0.95,1,820000.0,8.300388,7.04646240251346E-7,779010.0,820000.0,70.38256097560975,43.56617558747364,39.23867900925694,29.729174503052562,820000.0,518880.0
semisupervised.SelfTrainingClassifier -l trees.HoeffdingTree -s DistanceMeasure,SemiSupervisedStream -s generators.RandomTreeGenerator -t 0.95,1,821000.0,8.312316,7.062473908832507E-7,779976.0,821000.0,70.38087697929355,43.56389355827627,39.23773875323586,29.72325459074859,821000.0,518880.0
semisupervised.SelfTrainingClassifier -l trees.HoeffdingTree -s DistanceMeasure,SemiSupervisedStream -s generators.RandomTreeGenerator -t 0.95,1,822000.0,8.324611,7.078978056232965E-7,780921.0,822000.0,70.38442822384428,43.57057518338013,39.24510596667766,29.731789264643073,822000.0,518880.0
semisupervised.SelfTrainingClassifier -l trees.HoeffdingTree -s DistanceMeasure,SemiSupervisedStream -s generators.RandomTreeGenerator -t 0.95,1,823000.0,8.337005,7.095615095914241E-7,781868.0,823000.0,70.38699878493317,43.57513855991698,39.249703994516125,29.740832564575648,823000.0,518880.0
semisupervised.SelfTrainingClassifier -l trees.HoeffdingTree -s DistanceMeasure,SemiSupervisedStream -s generators.RandomTreeGenerator -t 0.95,1,824000.0,8.349324,7.112151459625201E-7,782815.0,824000.0,70.38968446601942,43.58076639924903,39.25529610643749,29.746904693348704,824000.0,518880.0
semisupervised.SelfTrainingClassifier -l trees.HoeffdingTree -s DistanceMeasure,SemiSupervisedStream -s generators.RandomTreeGenerator -t 0.95,1,825000.0,8.361374,7.128344189313554E-7,783774.0,825000.0,70.392,43.58525515349929,39.257409861911356,29.754119575532744,825000.0,519440.0
semisupervised.SelfTrainingClassifier -l trees.HoeffdingTree -s DistanceMeasure,SemiSupervisedStream -s generators.RandomTreeGenerator -t 0.95,1,826000.0,8.373835,7.145089476638374E-7,784728.0,826000.0,70.39721549636803,43.594283923861745,39.2677426245225,29.771437433941443,826000.0,519448.0
semisupervised.SelfTrainingClassifier -l trees.HoeffdingTree -s DistanceMeasure,SemiSupervisedStream -s generators.RandomTreeGenerator -t 0.95,1,827000.0,8.386284,7.161818638174901E-7,785659.0,827000.0,70.40133010882708,43.60180998727715,39.275516557885005,29.785323764120044,827000.0,519448.0
semisupervised.SelfTrainingClassifier -l trees.HoeffdingTree -s DistanceMeasure,SemiSupervisedStream -s generators.RandomTreeGenerator -t 0.95,1,828000.0,8.398641,7.178424680150221E-7,786603.0,828000.0,70.4024154589372,43.604799779061786,39.277528760837185,29.783765353748652,828000.0,519464.0
semisupervised.SelfTrainingClassifier -l trees.HoeffdingTree -s DistanceMeasure,SemiSupervisedStream -s generators.RandomTreeGenerator -t 0.95,1,829000.0,8.41351,7.198406491118176E-7,787556.0,829000.0,70.40301568154403,43.606923700541415,39.27629201748265,29.781266724095012,829000.0,519464.0
semisupervised.SelfTrainingClassifier -l trees.HoeffdingTree -s DistanceMeasure,SemiSupervisedStream -s generators.RandomTreeGenerator -t 0.95,1,830000.0,8.42722,7.21683077172687E-7,788504.0,830000.0,70.40469879518072,43.6106627257843,39.28088532281308,29.780342921176157,830000.0,519464.0
semisupervised.SelfTrainingClassifier -l trees.HoeffdingTree -s DistanceMeasure,SemiSupervisedStream -s generators.RandomTreeGenerator -t 0.95,1,831000.0,8.439772,7.233699125610295E-7,789457.0,831000.0,70.409265944645,43.61903524182249,39.28869466459275,29.791486433627124,831000.0,519472.0
semisupervised.SelfTrainingClassifier -l trees.HoeffdingTree -s DistanceMeasure,SemiSupervisedStream -s generators.RandomTreeGenerator -t 0.95,1,832000.0,8.452534,7.250849693827334E-7,790402.0,832000.0,70.40817307692308,43.618090259328916,39.28624271298789,29.784994994909354,832000.0,519472.0
semisupervised.SelfTrainingClassifier -l trees.HoeffdingTree -s DistanceMeasure,SemiSupervisedStream -s generators.RandomTreeGenerator -t 0.95,1,833000.0,8.465529,7.268313385566906E-7,791347.0,833000.0,70.40900360144057,43.62050315189222,39.28519526583496,29.783276265788537,833000.0,519472.0
semisupervised.SelfTrainingClassifier -l trees.HoeffdingTree -s DistanceMeasure,SemiSupervisedStream -s generators.RandomTreeGenerator -t 0.95,1,834000.0,8.478414,7.28562978408817E-7,792289.0,834000.0,70.40995203836931,43.62317991215171,39.28379874523312,29.781246621102536,834000.0,519488.0
semisupervised.SelfTrainingClassifier -l trees.HoeffdingTree -s DistanceMeasure,SemiSupervisedStream -s generators.RandomTreeGenerator -t 0.95,1,835000.0,8.491237,7.302863921162985E-7,793230.0,835000.0,70.41281437125748,43.628521448378,39.29081325486244,29.790952648899342,835000.0,519520.0
semisupervised.SelfTrainingClassifier -l trees.HoeffdingTree -s DistanceMeasure,SemiSupervisedStream -s generators.RandomTreeGenerator -t 0.95,1,836000.0,8.504605,7.320831092633309E-7,794174.0,836000.0,70.41531100478468,43.63363804190922,39.29469054351241,29.794203639047375,836000.0,519536.0
semisupervised.SelfTrainingClassifier -l trees.HoeffdingTree -s DistanceMeasure,SemiSupervisedStream -s generators.RandomTreeGenerator -t 0.95,1,837000.0,8.51721,7.337772759029437E-7,795125.0,837000.0,70.41816009557945,43.639076805521015,39.303163050432794,29.802676343842144,837000.0,519536.0
semisupervised.SelfTrainingClassifier -l trees.HoeffdingTree -s DistanceMeasure,SemiSupervisedStream -s generators.RandomTreeGenerator -t 0.95,1,838000.0,8.529888,7.354812540589938E-7,796073.0,838000.0,70.4211217183771,43.64461242359732,39.30591536604358,29.80882773541148,838000.0,519536.0
semisupervised.SelfTrainingClassifier -l trees.HoeffdingTree -s DistanceMeasure,SemiSupervisedStream -s generators.RandomTreeGenerator -t 0.95,1,839000.0,8.542898,7.372298544541832E-7,797008.0,839000.0,70.42109654350416,43.64542800810342,39.29749892985996,29.804121232692655,839000.0,519536.0
semisupervised.SelfTrainingClassifier -l trees.HoeffdingTree -s DistanceMeasure,SemiSupervisedStream -s generators.RandomTreeGenerator -t 0.95,1,840000.0,8.555211,7.388847750280469E-7,797960.0,840000.0,70.42571428571428,43.65318450414151,39.3048585627098,29.821746377016282,840000.0,519536.0
semisupervised.SelfTrainingClassifier -l trees.HoeffdingTree -s DistanceMeasure,SemiSupervisedStream -s generators.RandomTreeGenerator -t 0.95,1,841000.0,8.567319,7.405121427132854E-7,798913.0,841000.0,70.42913198573127,43.659241641492144,39.31449989385145,29.834327406512916,841000.0,519536.0
semisupervised.SelfTrainingClassifier -l trees.HoeffdingTree -s DistanceMeasure,SemiSupervisedStream -s generators.RandomTreeGenerator -t 0.95,1,842000.0,8.579727,7.421798316989511E-7,799851.0,842000.0,70.43325415676959,43.66674696395721,39.326762787705086,29.845206996542313,842000.0,519536.0
semisupervised.SelfTrainingClassifier -l trees.HoeffdingTree -s DistanceMeasure,SemiSupervisedStream -s generators.RandomTreeGenerator -t 0.95,1,843000.0,8.592705,7.439241580147714E-7,800805.0,843000.0,70.43309608540925,43.6667571862798,39.33200435204859,29.846520176418768,843000.0,519544.0
semisupervised.SelfTrainingClassifier -l trees.HoeffdingTree -s DistanceMeasure,SemiSupervisedStream -s generators.RandomTreeGenerator -t 0.95,1,844000.0,8.605749,7.456773551532795E-7,801761.0,844000.0,70.43471563981043,43.67074219602575,39.32863745887868,29.845736022199176,844000.0,519544.0
semisupervised.SelfTrainingClassifier -l trees.HoeffdingTree -s DistanceMeasure,SemiSupervisedStream -s generators.RandomTreeGenerator -t 0.95,1,845000.0,8.618519,7.473937249369923E-7,802710.0,845000.0,70.43621301775148,43.674028114841654,39.33343371006989,29.848218924193702,845000.0,519544.0
semisupervised.SelfTrainingClassifier -l trees.HoeffdingTree -s DistanceMeasure,SemiSupervisedStream -s generators.RandomTreeGenerator -t 0.95,1,846000.0,8.630707,7.490318701933659E-7,803673.0,846000.0,70.43747044917258,43.67728025230267,39.334348878614854,29.84600280504909,846000.0,519544.0
semisupervised.SelfTrainingClassifier -l trees.HoeffdingTree -s DistanceMeasure,SemiSupervisedStream -s generators.RandomTreeGenerator -t 0.95,1,847000.0,8.643593,7.507638311199847E-7,804623.0,847000.0,70.4383707201889,43.67958560444758,39.33644581305255,29.846882310914367,847000.0,519544.0
semisupervised.SelfTrainingClassifier -l trees.HoeffdingTree -s DistanceMeasure,SemiSupervisedStream -s generators.RandomTreeGenerator -t 0.95,1,848000.0,8.656535,7.525033188052478E-7,805571.0,848000.0,70.43915094339623,43.68238360217069,39.33462565130163,29.842571472551455,848000.0,519544.0
semisupervised.SelfTrainingClassifier -l trees.HoeffdingTree -s DistanceMeasure,SemiSupervisedStream -s generators.RandomTreeGenerator -t 0.95,1,849000.0,8.669357,7.542267838679257E-7,806516.0,849000.0,70.44063604240283,43.68531927055446,39.3386591895191,29.84740015598225,849000.0,519576.0
semisupervised.SelfTrainingClassifier -l trees.HoeffdingTree -s DistanceMeasure,SemiSupervisedStream -s generators.RandomTreeGenerator -t 0.95,1,850000.0,8.68197,7.559221562619014E-7,807471.0,850000.0,70.44470588235295,43.69296133995575,39.35092306243798,29.857772268105148,850000.0,519576.0
semisupervised.SelfTrainingClassifier -l trees.HoeffdingTree -s DistanceMeasure,SemiSupervisedStream -s generators.RandomTreeGenerator -t 0.95,1,851000.0,8.694729,7.576371531995638E-7,808431.0,851000.0,70.44806110458285,43.699601629210086,39.35878547332735,29.864490633706403,851000.0,519576.0
semisupervised.SelfTrainingClassifier -l trees.HoeffdingTree -s DistanceMeasure,SemiSupervisedStream -s generators.RandomTreeGenerator -t 0.95,1,852000.0,8.707613,7.593689519725744E-7,809374.0,852000.0,70.4537558685446,43.709626340438376,39.369985813963005,29.87910863509749,852000.0,519576.0
semisupervised.SelfTrainingClassifier -l trees.HoeffdingTree -s DistanceMeasure,SemiSupervisedStream -s generators.RandomTreeGenerator -t 0.95,1,853000.0,8.720327,7.610779002495113E-7,810332.0,853000.0,70.45685814771396,43.71492839302661,39.376013394854716,29.89010683285111,853000.0,519576.0
semisupervised.SelfTrainingClassifier -l trees.HoeffdingTree -s DistanceMeasure,SemiSupervisedStream -s generators.RandomTreeGenerator -t 0.95,1,854000.0,8.732916,7.627700466911001E-7,811287.0,854000.0,70.4596018735363,43.7205023873673,39.38043209238733,29.89576415075989,854000.0,519576.0
semisupervised.SelfTrainingClassifier -l trees.HoeffdingTree -s DistanceMeasure,SemiSupervisedStream -s generators.RandomTreeGenerator -t 0.95,1,855000.0,8.745202,7.644214654838049E-7,812241.0,855000.0,70.46116959064328,43.72373353892066,39.383458899260056,29.900772999153467,855000.0,519576.0
semisupervised.SelfTrainingClassifier -l trees.HoeffdingTree -s DistanceMeasure,SemiSupervisedStream -s generators.RandomTreeGenerator -t 0.95,1,856000.0,8.757085,7.66018715159347E-7,813205.0,856000.0,70.46495327102804,43.730773921781605,39.39292238209165,29.909871446908447,856000.0,519576.0
semisupervised.SelfTrainingClassifier -l trees.HoeffdingTree -s DistanceMeasure,SemiSupervisedStream -s generators.RandomTreeGenerator -t 0.95,1,857000.0,8.769288,7.676589775333805E-7,814157.0,857000.0,70.46639439906652,43.733742877729334,39.39554295538406,29.91496301957428,857000.0,519576.0
semisupervised.SelfTrainingClassifier -l trees.HoeffdingTree -s DistanceMeasure,SemiSupervisedStream -s generators.RandomTreeGenerator -t 0.95,1,858000.0,8.782825,7.694785490942501E-7,815095.0,858000.0,70.46993006993006,43.74055009846602,39.40289726130599,29.92114441552549,858000.0,519576.0
semisupervised.SelfTrainingClassifier -l trees.HoeffdingTree -s DistanceMeasure,SemiSupervisedStream -s generators.RandomTreeGenerator -t 0.95,1,859000.0,8.794684,7.710725973608596E-7,816055.0,859000.0,70.47392316647264,43.74828550341859,39.4107557500645,29.92977202152699,859000.0,519584.0
semisupervised.SelfTrainingClassifier -l trees.HoeffdingTree -s DistanceMeasure,SemiSupervisedStream -s generators.RandomTreeGenerator -t 0.95,1,860000.0,8.806624,7.726775333844128E-7,817014.0,860000.0,70.4763953488372,43.753222530512325,39.419541559993974,29.933632286995504,860000.0,519584.0
semisupervised.SelfTrainingClassifier -l trees.HoeffdingTree -s DistanceMeasure,SemiSupervisedStream -s generators.RandomTreeGenerator -t 0.95,1,861000.0,8.819666,7.744291930956148E-7,817979.0,861000.0,70.47909407665506,43.75894533234436,39.422863802435245,29.936103821642018,861000.0,519168.0
semisupervised.SelfTrainingClassifier -l trees.HoeffdingTree -s DistanceMeasure,SemiSupervisedStream -s generators.RandomTreeGenerator -t 0.95,1,862000.0,8.831933,7.760785149907076E-7,818921.0,862000.0,70.48097447795824,43.76279163119768,39.43114492260305,29.93915030700185,862000.0,519720.0
semisupervised.SelfTrainingClassifier -l trees.HoeffdingTree -s DistanceMeasure,SemiSupervisedStream -s generators.RandomTreeGenerator -t 0.95,1,863000.0,8.84468,7.77804350908846E-7,819870.0,863000.0,70.48169177288528,43.76487140562547,39.43126835241389,29.938861554286156,863000.0,523352.0
semisupervised.SelfTrainingClassifier -l trees.HoeffdingTree -s DistanceMeasure,SemiSupervisedStream -s generators.RandomTreeGenerator -t 0.95,1,864000.0,8.857169,7.794952558105194E-7,820814.0,864000.0,70.48472222222222,43.769827009194806,39.43772353553056,29.950225796881686,864000.0,523352.0
semisupervised.SelfTrainingClassifier -l trees.HoeffdingTree -s DistanceMeasure,SemiSupervisedStream -s generators.RandomTreeGenerator -t 0.95,1,865000.0,8.869097,7.811102060601119E-7,821783.0,865000.0,70.48531791907514,43.770322889364245,39.441049775129514,29.954647841725627,865000.0,523352.0
semisupervised.SelfTrainingClassifier -l trees.HoeffdingTree -s DistanceMeasure,SemiSupervisedStream -s generators.RandomTreeGenerator -t 0.95,1,866000.0,8.881518,7.827919814570087E-7,822737.0,866000.0,70.4863741339492,43.771988016852134,39.441585397060074,29.96111508455209,866000.0,523376.0
semisupervised.SelfTrainingClassifier -l trees.HoeffdingTree -s DistanceMeasure,SemiSupervisedStream -s generators.RandomTreeGenerator -t 0.95,1,867000.0,8.894634,7.845681840264138E-7,823706.0,867000.0,70.48973471741637,43.776603625297334,39.44771308344416,29.97534053867649,867000.0,523472.0
semisupervised.SelfTrainingClassifier -l trees.HoeffdingTree -s DistanceMeasure,SemiSupervisedStream -s generators.RandomTreeGenerator -t 0.95,1,868000.0,8.907238,7.862751545757059E-7,824653.0,868000.0,70.49170506912442,43.78044919143626,39.449844920190635,29.977828627042513,868000.0,523504.0
semisupervised.SelfTrainingClassifier -l trees.HoeffdingTree -s DistanceMeasure,SemiSupervisedStream -s generators.RandomTreeGenerator -t 0.95,1,869000.0,8.922393,7.88327609246804E-7,825597.0,869000.0,70.49367088607596,43.783836229765875,39.457833458867654,29.98317914213627,869000.0,523504.0
semisupervised.SelfTrainingClassifier -l trees.HoeffdingTree -s DistanceMeasure,SemiSupervisedStream -s generators.RandomTreeGenerator -t 0.95,1,870000.0,8.935173,7.900584156273144E-7,826552.0,870000.0,70.49436781609195,43.78558561880509,39.45835416647012,29.981888505201592,870000.0,523504.0
semisupervised.SelfTrainingClassifier -l trees.HoeffdingTree -s DistanceMeasure,SemiSupervisedStream -s generators.RandomTreeGenerator -t 0.95,1,871000.0,8.948062,7.918039839714769E-7,827496.0,871000.0,70.49667049368541,43.78934123721543,39.46573696732704,29.990519157839678,871000.0,523504.0
semisupervised.SelfTrainingClassifier -l trees.HoeffdingTree -s DistanceMeasure,SemiSupervisedStream -s generators.RandomTreeGenerator -t 0.95,1,872000.0,8.960861,7.93537363538312E-7,828451.0,872000.0,70.49724770642202,43.791253584604036,39.46530003341286,29.98456886721334,872000.0,523504.0
semisupervised.SelfTrainingClassifier -l trees.HoeffdingTree -s DistanceMeasure,SemiSupervisedStream -s generators.RandomTreeGenerator -t 0.95,1,873000.0,8.973689,7.952746706000637E-7,829396.0,873000.0,70.50011454753722,43.796143367065106,39.47070298728465,29.994536217268287,873000.0,523504.0
semisupervised.SelfTrainingClassifier -l trees.HoeffdingTree -s DistanceMeasure,SemiSupervisedStream -s generators.RandomTreeGenerator -t 0.95,1,874000.0,8.986505,7.970103524915051E-7,830347.0,874000.0,70.50572082379863,43.8061032386584,39.481585996577074,30.00833557334896,874000.0,523504.0
semisupervised.SelfTrainingClassifier -l trees.HoeffdingTree -s DistanceMeasure,SemiSupervisedStream -s generators.RandomTreeGenerator -t 0.95,1,875000.0,8.999743,7.988032136029672E-7,831302.0,875000.0,70.50777142857143,43.80950163891038,39.484465247601605,30.01407545419783,875000.0,523512.0
semisupervised.SelfTrainingClassifier -l trees.HoeffdingTree -s DistanceMeasure,SemiSupervisedStream -s generators.RandomTreeGenerator -t 0.95,1,876000.0,9.014017,8.007363832286667E-7,832259.0,876000.0,70.5101598173516,43.81296161418164,39.48874949052972,30.026111782264596,876000.0,523512.0
semisupervised.SelfTrainingClassifier -l trees.HoeffdingTree -s DistanceMeasure,SemiSupervisedStream -s generators.RandomTreeGenerator -t 0.95,1,877000.0,9.028186,8.026553323968422E-7,833206.0,877000.0,70.5133409350057,43.8189407472304,39.496502187595034,30.03338726522042,877000.0,523512.0
semisupervised.SelfTrainingClassifier -l trees.HoeffdingTree -s DistanceMeasure,SemiSupervisedStream -s generators.RandomTreeGenerator -t 0.95,1,878000.0,9.042144,8.04545762992154E-7,834153.0,878000.0,70.5129840546697,43.81875706678361,39.4958611631744,30.02981008570061,878000.0,523528.0
semisupervised.SelfTrainingClassifier -l trees.HoeffdingTree -s DistanceMeasure,SemiSupervisedStream -s generators.RandomTreeGenerator -t 0.95,1,879000.0,9.05527,8.063235099468799E-7,835106.0,879000.0,70.51763367463026,43.82722541967765,39.507469654528485,30.04227428071634,879000.0,523528.0
semisupervised.SelfTrainingClassifier -l trees.HoeffdingTree -s DistanceMeasure,SemiSupervisedStream -s generators.RandomTreeGenerator -t 0.95,1,880000.0,9.069238,8.082268293057056E-7,836064.0,880000.0,70.51772727272727,43.82786321922681,39.50563453516541,30.037510146076542,880000.0,526720.0
semisupervised.SelfTrainingClassifier -l trees.HoeffdingTree -s DistanceMeasure,SemiSupervisedStream -s generators.RandomTreeGenerator -t 0.95,1,881000.0,9.082624,8.100509268024735E-7,837020.0,881000.0,70.51804767309875,43.8286600324892,39.50750985748855,30.037064172736272,881000.0,526744.0
semisupervised.SelfTrainingClassifier -l trees.HoeffdingTree -s DistanceMeasure,SemiSupervisedStream -s generators.RandomTreeGenerator -t 0.95,1,882000.0,9.095543,8.118113866531192E-7,837972.0,882000.0,70.51802721088436,43.82934477582997,39.502912820131016,30.032611678855677,882000.0,526744.0
semisupervised.SelfTrainingClassifier -l trees.HoeffdingTree -s DistanceMeasure,SemiSupervisedStream -s generators.RandomTreeGenerator -t 0.95,1,883000.0,9.108316,8.135519512225361E-7,838927.0,883000.0,70.51834654586636,43.8299055801797,39.505630614929146,30.035556965053118,883000.0,526744.0
semisupervised.SelfTrainingClassifier -l trees.HoeffdingTree -s DistanceMeasure,SemiSupervisedStream -s generators.RandomTreeGenerator -t 0.95,1,884000.0,9.121383,8.153325788925096E-7,839872.0,884000.0,70.52183257918551,43.83663497364507,39.51273522386742,30.044321790696983,884000.0,526744.0
semisupervised.SelfTrainingClassifier -l trees.HoeffdingTree -s DistanceMeasure,SemiSupervisedStream -s generators.RandomTreeGenerator -t 0.95,1,885000.0,9.13422,8.170818646810953E-7,840822.0,885000.0,70.52542372881356,43.84335747984672,39.520896996563934,30.05145917188008,885000.0,526744.0
semisupervised.SelfTrainingClassifier -l trees.HoeffdingTree -s DistanceMeasure,SemiSupervisedStream -s generators.RandomTreeGenerator -t 0.95,1,886000.0,9.146797,8.187976206652825E-7,841769.0,886000.0,70.52720090293454,43.84683196211248,39.52351396293535,30.055231748344664,886000.0,527328.0
semisupervised.SelfTrainingClassifier -l trees.HoeffdingTree -s DistanceMeasure,SemiSupervisedStream -s generators.RandomTreeGenerator -t 0.95,1,887000.0,9.159725,8.205612601153557E-7,842714.0,887000.0,70.53337091319052,43.85703444548022,39.53878397009428,30.07859733978235,887000.0,527328.0
semisupervised.SelfTrainingClassifier -l trees.HoeffdingTree -s DistanceMeasure,SemiSupervisedStream -s generators.RandomTreeGenerator -t 0.95,1,888000.0,9.172222,8.222661024890845E-7,843661.0,888000.0,70.53502252252252,43.85998726920269,39.54296013031876,30.082063368633154,888000.0,527328.0
semisupervised.SelfTrainingClassifier -l trees.HoeffdingTree -s DistanceMeasure,SemiSupervisedStream -s generators.RandomTreeGenerator -t 0.95,1,889000.0,9.184336,8.239186959527437E-7,844627.0,889000.0,70.53892013498313,43.866280648321585,39.55299835905532,30.100748608868557,889000.0,527328.0
semisupervised.SelfTrainingClassifier -l trees.HoeffdingTree -s DistanceMeasure,SemiSupervisedStream -s generators.RandomTreeGenerator -t 0.95,1,890000.0,9.196767,8.256145345978443E-7,845581.0,890000.0,70.54325842696629,43.873841883775874,39.56240288811328,30.11300173008074,890000.0,527328.0
semisupervised.SelfTrainingClassifier -l trees.HoeffdingTree -s DistanceMeasure,SemiSupervisedStream -s generators.RandomTreeGenerator -t 0.95,1,891000.0,9.209196,8.273101004026834E-7,846530.0,891000.0,70.54579124579125,43.878456367649385,39.56573602424399,30.119849927972886,891000.0,527328.0
semisupervised.SelfTrainingClassifier -l trees.HoeffdingTree -s DistanceMeasure,SemiSupervisedStream -s generators.RandomTreeGenerator -t 0.95,1,892000.0,9.222979,8.291903790645305E-7,847477.0,892000.0,70.54798206278026,43.882039747299096,39.56753772543246,30.128300602140474,892000.0,527328.0
semisupervised.SelfTrainingClassifier -l trees.HoeffdingTree -s DistanceMeasure,SemiSupervisedStream -s generators.RandomTreeGenerator -t 0.95,1,893000.0,9.236089,8.309788469783966E-7,848414.0,893000.0,70.55240761478163,43.890262990571394,39.57892947080124,30.139075222825863,893000.0,527328.0
semisupervised.SelfTrainingClassifier -l trees.HoeffdingTree -s DistanceMeasure,SemiSupervisedStream -s generators.RandomTreeGenerator -t 0.95,1,894000.0,9.248598,8.326853263936942E-7,849366.0,894000.0,70.5562639821029,43.89753690629913,39.58457177612779,30.146274407816865,894000.0,527328.0
semisupervised.SelfTrainingClassifier -l trees.HoeffdingTree -s DistanceMeasure,SemiSupervisedStream -s generators.RandomTreeGenerator -t 0.95,1,895000.0,9.261252,8.344115867279474E-7,850327.0,895000.0,70.55731843575418,43.89988275580771,39.587101803134,30.14812694171412,895000.0,527328.0
semisupervised.SelfTrainingClassifier -l trees.HoeffdingTree -s DistanceMeasure,SemiSupervisedStream -s generators.RandomTreeGenerator -t 0.95,1,896000.0,9.27399,8.36149306353182E-7,851281.0,896000.0,70.55892857142857,43.90311534951385,39.590356148321845,30.153148764006847,896000.0,527328.0
semisupervised.SelfTrainingClassifier -l trees.HoeffdingTree -s DistanceMeasure,SemiSupervisedStream -s generators.RandomTreeGenerator -t 0.95,1,897000.0,9.286568,8.378651987574999E-7,852236.0,897000.0,70.55919732441471,43.904553301335476,39.58919997163425,30.145747916942195,897000.0,527328.0
semisupervised.SelfTrainingClassifier -l trees.HoeffdingTree -s DistanceMeasure,SemiSupervisedStream -s generators.RandomTreeGenerator -t 0.95,1,898000.0,9.299156,8.39582455363125E-7,853185.0,898000.0,70.56069042316258,43.90710689335739,39.59387267334787,30.154741995397643,898000.0,527328.0
semisupervised.SelfTrainingClassifier -l trees.HoeffdingTree -s DistanceMeasure,SemiSupervisedStream -s generators.RandomTreeGenerator -t 0.95,1,899000.0,9.311926,8.41324540432543E-7,854124.0,899000.0,70.56140155728588,43.90936091317714,39.598039954079965,30.15228292425442,899000.0,527328.0
semisupervised.SelfTrainingClassifier -l trees.HoeffdingTree -s DistanceMeasure,SemiSupervisedStream -s generators.RandomTreeGenerator -t 0.95,1,900000.0,9.324427,8.430299284867947E-7,855084.0,900000.0,70.56611111111111,43.91759816926811,39.6109550817938,30.166868772077816,900000.0,527328.0
semisupervised.SelfTrainingClassifier -l trees.HoeffdingTree -s DistanceMeasure,SemiSupervisedStream -s generators.RandomTreeGenerator -t 0.95,1,901000.0,9.337077,8.447556955015498E-7,856027.0,901000.0,70.56781354051054,43.92115757629092,39.6130172313676,30.169346917601715,901000.0,527344.0
semisupervised.SelfTrainingClassifier -l trees.HoeffdingTree -s DistanceMeasure,SemiSupervisedStream -s generators.RandomTreeGenerator -t 0.95,1,902000.0,9.350109,8.465335765874224E-7,856961.0,902000.0,70.57106430155211,43.92732783958112,39.617847434687185,30.1780735441107,902000.0,527344.0
semisupervised.SelfTrainingClassifier -l trees.HoeffdingTree -s DistanceMeasure,SemiSupervisedStream -s generators.RandomTreeGenerator -t 0.95,1,903000.0,9.364051,8.484609668143098E-7,857921.0,903000.0,70.57386489479512,43.9319833027874,39.628480158495734,30.190315054961214,903000.0,534376.0
semisupervised.SelfTrainingClassifier -l trees.HoeffdingTree -s DistanceMeasure,SemiSupervisedStream -s generators.RandomTreeGenerator -t 0.95,1,904000.0,9.377482,8.503300286519036E-7,858860.0,904000.0,70.57676991150443,43.937309220452725,39.63314995370118,30.198760306721738,904000.0,537920.0
semisupervised.SelfTrainingClassifier -l trees.HoeffdingTree -s DistanceMeasure,SemiSupervisedStream -s generators.RandomTreeGenerator -t 0.95,1,905000.0,9.390122,8.520924416370694E-7,859814.0,905000.0,70.58165745856354,43.94566815298985,39.64161671488034,30.214465827536134,905000.0,538968.0
semisupervised.SelfTrainingClassifier -l trees.HoeffdingTree -s DistanceMeasure,SemiSupervisedStream -s generators.RandomTreeGenerator -t 0.95,1,906000.0,9.403222,8.539189930694803E-7,860773.0,906000.0,70.58112582781457,43.94551229026295,39.64334239130435,30.20853517394516,906000.0,538968.0
semisupervised.SelfTrainingClassifier -l trees.HoeffdingTree -s DistanceMeasure,SemiSupervisedStream -s generators.RandomTreeGenerator -t 0.95,1,907000.0,9.418023,8.559827173252904E-7,861713.0,907000.0,70.58257993384785,43.94900778621936,39.644630436011994,30.207872854112345,907000.0,538968.0
semisupervised.SelfTrainingClassifier -l trees.HoeffdingTree -s DistanceMeasure,SemiSupervisedStream -s generators.RandomTreeGenerator -t 0.95,1,908000.0,9.430962,8.577868203011655E-7,862663.0,908000.0,70.58590308370044,43.95507527161679,39.65302977581151,30.217489000135867,908000.0,538968.0
semisupervised.SelfTrainingClassifier -l trees.HoeffdingTree -s DistanceMeasure,SemiSupervisedStream -s generators.RandomTreeGenerator -t 0.95,1,909000.0,9.444976,8.597520943834554E-7,863615.0,909000.0,70.5909790979098,43.963651669956946,39.66284247850728,30.232533862254357,909000.0,542080.0
semisupervised.SelfTrainingClassifier -l trees.HoeffdingTree -s DistanceMeasure,SemiSupervisedStream -s generators.RandomTreeGenerator -t 0.95,1,910000.0,9.458042,8.615845594865584E-7,864567.0,910000.0,70.59395604395604,43.969153264944254,39.674878490851874,30.241682155770405,910000.0,542120.0
semisupervised.SelfTrainingClassifier -l trees.HoeffdingTree -s DistanceMeasure,SemiSupervisedStream -s generators.RandomTreeGenerator -t 0.95,1,911000.0,9.471103,8.634163233555029E-7,865529.0,911000.0,70.59418221734359,43.97023259839739,39.67324235463677,30.238305429905505,911000.0,542120.0
semisupervised.SelfTrainingClassifier -l trees.HoeffdingTree -s DistanceMeasure,SemiSupervisedStream -s generators.RandomTreeGenerator -t 0.95,1,912000.0,9.483927,8.652148752659562E-7,866490.0,912000.0,70.59649122807018,43.974741183424825,39.68334656658878,30.2431448854251,912000.0,542128.0
semisupervised.SelfTrainingClassifier -l trees.HoeffdingTree -s DistanceMeasure,SemiSupervisedStream -s generators.RandomTreeGenerator -t 0.95,1,913000.0,9.496989,8.670488068709774E-7,867443.0,913000.0,70.59978094194962,43.98054011722042,39.69368750014042,30.256111788105635,913000.0,542720.0
semisupervised.SelfTrainingClassifier -l trees.HoeffdingTree -s DistanceMeasure,SemiSupervisedStream -s generators.RandomTreeGenerator -t 0.95,1,914000.0,9.510756,8.689821208144231E-7,868397.0,914000.0,70.60371991247266,43.987677368814786,39.69736688541957,30.265357183642543,914000.0,542832.0
semisupervised.SelfTrainingClassifier -l trees.HoeffdingTree -s DistanceMeasure,SemiSupervisedStream -s generators.RandomTreeGenerator -t 0.95,1,915000.0,9.525157,8.710044680287444E-7,869353.0,915000.0,70.60950819672132,43.99774513113643,39.70917602114596,30.284231429297314,915000.0,542832.0
semisupervised.SelfTrainingClassifier -l trees.HoeffdingTree -s DistanceMeasure,SemiSupervisedStream -s generators.RandomTreeGenerator -t 0.95,1,916000.0,9.538724,8.729096957668665E-7,870310.0,916000.0,70.61233624454148,44.002910659436736,39.71977266518275,30.293001877387187,916000.0,542832.0
semisupervised.SelfTrainingClassifier -l trees.HoeffdingTree -s DistanceMeasure,SemiSupervisedStream -s generators.RandomTreeGenerator -t 0.95,1,917000.0,9.553231,8.749601691526674E-7,871260.0,917000.0,70.61515812431843,44.00756743131338,39.7269742139828,30.304456796414087,917000.0,546360.0
semisupervised.SelfTrainingClassifier -l trees.HoeffdingTree -s DistanceMeasure,SemiSupervisedStream -s generators.RandomTreeGenerator -t 0.95,1,918000.0,9.566473,8.768318427292012E-7,872204.0,918000.0,70.61808278867102,44.01304875596709,39.73263262793571,30.31200264566668,918000.0,546360.0
semisupervised.SelfTrainingClassifier -l trees.HoeffdingTree -s DistanceMeasure,SemiSupervisedStream -s generators.RandomTreeGenerator -t 0.95,1,919000.0,9.579938,8.787370981317431E-7,873140.0,919000.0,70.61817192600654,44.01374997260325,39.73489684233081,30.3106635248451,919000.0,546952.0
semisupervised.SelfTrainingClassifier -l trees.HoeffdingTree -s DistanceMeasure,SemiSupervisedStream -s generators.RandomTreeGenerator -t 0.95,1,920000.0,9.592995,8.805865684544878E-7,874104.0,920000.0,70.62130434782608,44.01940806670985,39.74232354691927,30.319061172297157,920000.0,547528.0
semisupervised.SelfTrainingClassifier -l trees.HoeffdingTree -s DistanceMeasure,SemiSupervisedStream -s generators.RandomTreeGenerator -t 0.95,1,921000.0,9.606585,8.825115360340314E-7,875067.0,921000.0,70.62475570032574,44.025896140944326,39.74745000222708,30.326239235238372,921000.0,547528.0
semisupervised.SelfTrainingClassifier -l trees.HoeffdingTree -s DistanceMeasure,SemiSupervisedStream -s generators.RandomTreeGenerator -t 0.95,1,922000.0,9.619945,8.844039250599844E-7,876013.0,922000.0,70.62689804772234,44.03008795247088,39.75083426028921,30.33121101035436,922000.0,547528.0
semisupervised.SelfTrainingClassifier -l trees.HoeffdingTree -s DistanceMeasure,SemiSupervisedStream -s generators.RandomTreeGenerator -t 0.95,1,923000.0,9.633743,8.863604396022859E-7,876968.0,923000.0,70.62773564463706,44.031972475008324,39.75154451308947,30.334162486637616,923000.0,548112.0
semisupervised.SelfTrainingClassifier -l trees.HoeffdingTree -s DistanceMeasure,SemiSupervisedStream -s generators.RandomTreeGenerator -t 0.95,1,924000.0,9.646408,8.881562981816633E-7,877925.0,924000.0,70.6284632034632,44.03436688104481,39.751362511238625,30.32898199134864,924000.0,548112.0
semisupervised.SelfTrainingClassifier -l trees.HoeffdingTree -s DistanceMeasure,SemiSupervisedStream -s generators.RandomTreeGenerator -t 0.95,1,925000.0,9.660065,8.900928476163085E-7,878877.0,925000.0,70.6292972972973,44.03617053223278,39.75474271268753,30.33192977777322,925000.0,548120.0
semisupervised.SelfTrainingClassifier -l trees.HoeffdingTree -s DistanceMeasure,SemiSupervisedStream -s generators.RandomTreeGenerator -t 0.95,1,926000.0,9.673079,8.919402403094705E-7,879831.0,926000.0,70.629373650108,44.03612890677965,39.75242787268732,30.335040983606575,926000.0,548720.0
semisupervised.SelfTrainingClassifier -l trees.HoeffdingTree -s DistanceMeasure,SemiSupervisedStream -s generators.RandomTreeGenerator -t 0.95,1,927000.0,9.686302,8.93817301442226E-7,880769.0,927000.0,70.63214670981661,44.04106568871714,39.76244844494008,30.34347238711262,927000.0,548720.0
semisupervised.SelfTrainingClassifier -l trees.HoeffdingTree -s DistanceMeasure,SemiSupervisedStream -s generators.RandomTreeGenerator -t 0.95,1,928000.0,9.699985,8.957596615329388E-7,881715.0,928000.0,70.63448275862069,44.046007268268525,39.76543815674884,30.3465903281873,928000.0,548720.0
semisupervised.SelfTrainingClassifier -l trees.HoeffdingTree -s DistanceMeasure,SemiSupervisedStream -s generators.RandomTreeGenerator -t 0.95,1,929000.0,9.715128,8.979502362695836E-7,882666.0,929000.0,70.63735199138858,44.05142081794303,39.77032356071345,30.352578914713625,929000.0,559176.0
semisupervised.SelfTrainingClassifier -l trees.HoeffdingTree -s DistanceMeasure,SemiSupervisedStream -s generators.RandomTreeGenerator -t 0.95,1,930000.0,9.728322,8.998609181431435E-7,883619.0,930000.0,70.63860215053764,44.054165461536996,39.77189012259086,30.35330786143149,930000.0,559776.0
semisupervised.SelfTrainingClassifier -l trees.HoeffdingTree -s DistanceMeasure,SemiSupervisedStream -s generators.RandomTreeGenerator -t 0.95,1,931000.0,9.741968,9.018391742867731E-7,884560.0,931000.0,70.64092373791621,44.058791258529816,39.776850927694674,30.35534107239315,931000.0,560376.0
semisupervised.SelfTrainingClassifier -l trees.HoeffdingTree -s DistanceMeasure,SemiSupervisedStream -s generators.RandomTreeGenerator -t 0.95,1,932000.0,9.755985,9.038863282133311E-7,885512.0,932000.0,70.64109442060087,44.05987635536891,39.77660393969407,30.35103840270017,932000.0,564544.0
semisupervised.SelfTrainingClassifier -l trees.HoeffdingTree -s DistanceMeasure,SemiSupervisedStream -s generators.RandomTreeGenerator -t 0.95,1,933000.0,9.769499,9.058620337707304E-7,886455.0,933000.0,70.6454448017149,44.06774512986148,39.785064441092786,30.364806866952776,933000.0,565120.0
semisupervised.SelfTrainingClassifier -l trees.HoeffdingTree -s DistanceMeasure,SemiSupervisedStream -s generators.RandomTreeGenerator -t 0.95,1,934000.0,9.783419,9.078971529069049E-7,887409.0,934000.0,70.64817987152034,44.0733538376203,39.790080317668796,30.368014792726566,934000.0,565136.0
semisupervised.SelfTrainingClassifier -l trees.HoeffdingTree -s DistanceMeasure,SemiSupervisedStream -s generators.RandomTreeGenerator -t 0.95,1,935000.0,9.796815,9.098556903977363E-7,888356.0,935000.0,70.65069518716578,44.077873960528734,39.79689217383293,30.37512527433495,935000.0,565144.0
semisupervised.SelfTrainingClassifier -l trees.HoeffdingTree -s DistanceMeasure,SemiSupervisedStream -s generators.RandomTreeGenerator -t 0.95,1,936000.0,9.811195,9.119583001215427E-7,889303.0,936000.0,70.65117521367522,44.07894566421152,39.797414426003876,30.37722842037499,936000.0,565200.0
semisupervised.SelfTrainingClassifier -l trees.HoeffdingTree -s DistanceMeasure,SemiSupervisedStream -s generators.RandomTreeGenerator -t 0.95,1,937000.0,9.824641,9.139264018316238E-7,890260.0,937000.0,70.65538954108858,44.086218267823384,39.809287388931565,30.390655260846106,937000.0,565792.0
semisupervised.SelfTrainingClassifier -l trees.HoeffdingTree -s DistanceMeasure,SemiSupervisedStream -s generators.RandomTreeGenerator -t 0.95,1,938000.0,9.838561,9.159638832985529E-7,891209.0,938000.0,70.65703624733476,44.0896427066894,39.813780179266104,30.392702332239125,938000.0,565792.0
semisupervised.SelfTrainingClassifier -l trees.HoeffdingTree -s DistanceMeasure,SemiSupervisedStream -s generators.RandomTreeGenerator -t 0.95,1,939000.0,9.852441,9.179955961120627E-7,892151.0,939000.0,70.66134185303514,44.09722093496521,39.822409593813816,30.403522644307397,939000.0,565816.0
semisupervised.SelfTrainingClassifier -l trees.HoeffdingTree -s DistanceMeasure,SemiSupervisedStream -s generators.RandomTreeGenerator -t 0.95,1,940000.0,9.866429,9.200431465916338E-7,893097.0,940000.0,70.6626595744681,44.099316030205145,39.8279308057534,30.41006359140003,940000.0,565824.0
semisupervised.SelfTrainingClassifier -l trees.HoeffdingTree -s DistanceMeasure,SemiSupervisedStream -s generators.RandomTreeGenerator -t 0.95,1,941000.0,9.88023,9.220633813097248E-7,894055.0,941000.0,70.66673751328373,44.10649263335063,39.8355660373246,30.423845232843917,941000.0,565840.0
semisupervised.SelfTrainingClassifier -l trees.HoeffdingTree -s DistanceMeasure,SemiSupervisedStream -s generators.RandomTreeGenerator -t 0.95,1,942000.0,9.894362,9.241321566142144E-7,895006.0,942000.0,70.67101910828025,44.11451095748597,39.84375170107279,30.43302001052521,942000.0,565864.0
semisupervised.SelfTrainingClassifier -l trees.HoeffdingTree -s DistanceMeasure,SemiSupervisedStream -s generators.RandomTreeGenerator -t 0.95,1,943000.0,9.909071,9.262853986149036E-7,895939.0,943000.0,70.67221633085896,44.1169863460431,39.84875243596881,30.43628085973363,943000.0,565864.0
semisupervised.SelfTrainingClassifier -l trees.HoeffdingTree -s DistanceMeasure,SemiSupervisedStream -s generators.RandomTreeGenerator -t 0.95,1,944000.0,9.924509,9.285453585038585E-7,896894.0,944000.0,70.6739406779661,44.12034253278166,39.852345610345374,30.440441521959276,944000.0,565864.0
semisupervised.SelfTrainingClassifier -l trees.HoeffdingTree -s DistanceMeasure,SemiSupervisedStream -s generators.RandomTreeGenerator -t 0.95,1,945000.0,9.939719,9.307719730834169E-7,897838.0,945000.0,70.67619047619048,44.12414308581152,39.85714688781192,30.450736251904324,945000.0,565872.0
semisupervised.SelfTrainingClassifier -l trees.HoeffdingTree -s DistanceMeasure,SemiSupervisedStream -s generators.RandomTreeGenerator -t 0.95,1,946000.0,9.953881,9.328451693803075E-7,898778.0,946000.0,70.68128964059197,44.13280780240565,39.86635763858025,30.468648155390436,946000.0,565872.0
semisupervised.SelfTrainingClassifier -l trees.HoeffdingTree -s DistanceMeasure,SemiSupervisedStream -s generators.RandomTreeGenerator -t 0.95,1,947000.0,9.96828,9.349531498613459E-7,899711.0,947000.0,70.68426610348469,44.13819690365397,39.8730407625351,30.476810577982548,947000.0,565896.0
semisupervised.SelfTrainingClassifier -l trees.HoeffdingTree -s DistanceMeasure,SemiSupervisedStream -s generators.RandomTreeGenerator -t 0.95,1,948000.0,9.982588,9.370478081516924E-7,900652.0,948000.0,70.68755274261603,44.14401436589242,39.88322007974264,30.48814044356393,948000.0,565896.0
semisupervised.SelfTrainingClassifier -l trees.HoeffdingTree -s DistanceMeasure,SemiSupervisedStream -s generators.RandomTreeGenerator -t 0.95,1,949000.0,9.997838,9.392804993213053E-7,901596.0,949000.0,70.69041095890411,44.148826541021045,39.891733027909524,30.496882769649787,949000.0,565928.0
Learner,stream,randomSeed,learning evaluation instances,evaluation time (cpu seconds),model cost (RAM-Hours),Unlabeled instances,classified instances,classifications correct (percent),Kappa Statistic (percent),Kappa Temporal Statistic (percent),Kappa M Statistic (percent),model training instances,model serialized size (bytes)
semisupervised.SelfTrainingClassifier -l trees.HoeffdingTree -s DistanceMeasure,SemiSupervisedStream -s generators.RandomTreeGenerator -t 0.95,1,1000.0,0.145305,2.7215527370572088E-9,956.0,1000.0,59.9,8.0275229357798,16.632016632016626,-7.219251336898402,1000.0,72592.0
semisupervised.SelfTrainingClassifier -l trees.HoeffdingTree -s DistanceMeasure,SemiSupervisedStream -s generators.RandomTreeGenerator -t 0.95,1,2000.0,0.189015,3.5434947038690244E-9,1894.0,2000.0,61.199999999999996,17.417553239605095,15.56039173014146,0.25706940874036016,2000.0,72688.0
semisupervised.SelfTrainingClassifier -l trees.HoeffdingTree -s DistanceMeasure,SemiSupervisedStream -s generators.RandomTreeGenerator -t 0.95,1,3000.0,0.223194,4.187060420711835E-9,2839.0,3000.0,62.56666666666667,21.576824915897035,19.72837741243747,5.311973018549752,3000.0,72784.0
semisupervised.SelfTrainingClassifier -l trees.HoeffdingTree -s DistanceMeasure,SemiSupervisedStream -s generators.RandomTreeGenerator -t 0.95,1,4000.0,0.244239,4.584106455246607E-9,3801.0,4000.0,64.05,25.395744963434563,23.347547974413633,10.404984423676002,4000.0,72928.0
semisupervised.SelfTrainingClassifier -l trees.HoeffdingTree -s DistanceMeasure,SemiSupervisedStream -s generators.RandomTreeGenerator -t 0.95,1,5000.0,0.261534,4.910403018196423E-9,4746.0,5000.0,64.1,26.053492615071487,23.093401885175666,10.518444666001999,5000.0,72928.0
semisupervised.SelfTrainingClassifier -l trees.HoeffdingTree -s DistanceMeasure,SemiSupervisedStream -s generators.RandomTreeGenerator -t 0.95,1,6000.0,0.281149,5.280469920900133E-9,5685.0,6000.0,64.64999999999999,27.726509752661777,24.16875223453699,12.391573729863676,6000.0,72928.0
semisupervised.SelfTrainingClassifier -l trees.HoeffdingTree -s DistanceMeasure,SemiSupervisedStream -s generators.RandomTreeGenerator -t 0.95,1,7000.0,0.297695,5.59701864918073E-9,6647.0,7000.0,64.9,28.7822194307646,25.477707006369428,13.880126182965308,7000.0,73952.0
semisupervised.SelfTrainingClassifier -l trees.HoeffdingTree -s DistanceMeasure,SemiSupervisedStream -s generators.RandomTreeGenerator -t 0.95,1,8000.0,0.355042,6.9404218532145025E-9,7587.0,8000.0,64.2875,28.3994892480192,24.33792372881355,12.335072108008594,8000.0,90552.0
semisupervised.SelfTrainingClassifier -l trees.HoeffdingTree -s DistanceMeasure,SemiSupervisedStream -s generators.RandomTreeGenerator -t 0.95,1,9000.0,0.385166,7.647536606010464E-9,8528.0,9000.0,64.32222222222222,28.763678216815762,24.42927747705344,13.028169014084522,9000.0,90736.0
semisupervised.SelfTrainingClassifier -l trees.HoeffdingTree -s DistanceMeasure,SemiSupervisedStream -s generators.RandomTreeGenerator -t 0.95,1,10000.0,0.410327,8.243255724923478E-9,9499.0,10000.0,64.42999999999999,29.15970545095452,25.021079258010122,13.137973137973127,10000.0,91520.0
semisupervised.SelfTrainingClassifier -l trees.HoeffdingTree -s DistanceMeasure,SemiSupervisedStream -s generators.RandomTreeGenerator -t 0.95,1,11000.0,0.437134,8.878001496195794E-9,10441.0,11000.0,64.37272727272727,29.294127441738226,24.95212562236691,13.545113611294937,11000.0,91528.0
semisupervised.SelfTrainingClassifier -l trees.HoeffdingTree -s DistanceMeasure,SemiSupervisedStream -s generators.RandomTreeGenerator -t 0.95,1,12000.0,0.460723,9.439674783498049E-9,11385.0,12000.0,64.39166666666667,29.544569037171215,25.16637478108582,14.024144869215302,12000.0,92040.0
semisupervised.SelfTrainingClassifier -l trees.HoeffdingTree -s DistanceMeasure,SemiSupervisedStream -s generators.RandomTreeGenerator -t 0.95,1,13000.0,0.478004,9.851149457196394E-9,12332.0,13000.0,64.35384615384615,29.662689852767077,25.101018264102137,13.447889428464693,13000.0,92040.0
semisupervised.SelfTrainingClassifier -l trees.HoeffdingTree -s DistanceMeasure,SemiSupervisedStream -s generators.RandomTreeGenerator -t 0.95,1,14000.0,0.48982,1.0132498033344745E-8,13288.0,14000.0,64.46428571428572,30.094868640178696,25.735184355874026,14.150129421915453,14000.0,92040.0
semisupervised.SelfTrainingClassifier -l trees.HoeffdingTree -s DistanceMeasure,SemiSupervisedStream -s generators.RandomTreeGenerator -t 0.95,1,15000.0,0.517227,1.0806975577854447E-8,14243.0,15000.0,64.46,30.231170268401243,25.855354659248935,14.471362104925381,15000.0,95128.0
semisupervised.SelfTrainingClassifier -l trees.HoeffdingTree -s DistanceMeasure,SemiSupervisedStream -s generators.RandomTreeGenerator -t 0.95,1,16000.0,0.531084,1.1152666536056332E-8,15193.0,16000.0,64.41875,30.2641623052931,25.698251109370933,14.326561324303988,16000.0,96432.0
semisupervised.SelfTrainingClassifier -l trees.HoeffdingTree -s DistanceMeasure,SemiSupervisedStream -s generators.RandomTreeGenerator -t 0.95,1,17000.0,0.548771,1.1594014424416753E-8,16138.0,17000.0,64.5,30.47513009441884,25.905463474524254,14.675526650643306,17000.0,96456.0
semisupervised.SelfTrainingClassifier -l trees.HoeffdingTree -s DistanceMeasure,SemiSupervisedStream -s generators.RandomTreeGenerator -t 0.95,1,18000.0,0.562301,1.1931687713497214E-8,17075.0,18000.0,64.4,30.35257439272407,25.738787808552555,14.423076923076936,18000.0,96472.0
semisupervised.SelfTrainingClassifier -l trees.HoeffdingTree -s DistanceMeasure,SemiSupervisedStream -s generators.RandomTreeGenerator -t 0.95,1,19000.0,0.575215,1.2254040713111559E-8,18031.0,19000.0,64.51052631578948,30.625145324013385,25.966183574879224,14.968474148802024,19000.0,96488.0
semisupervised.SelfTrainingClassifier -l trees.HoeffdingTree -s DistanceMeasure,SemiSupervisedStream -s generators.RandomTreeGenerator -t 0.95,1,20000.0,0.588024,1.2573799263272019E-8,18972.0,20000.0,64.62,30.90581586819806,26.130076208372476,15.176216734596023,20000.0,96496.0
semisupervised.SelfTrainingClassifier -l trees.HoeffdingTree -s DistanceMeasure,SemiSupervisedStream -s generators.RandomTreeGenerator -t 0.95,1,21000.0,0.597382,1.2807408484319845E-8,19918.0,21000.0,64.75714285714285,31.222045140705468,26.460651828298886,15.53298333713763,21000.0,96496.0
semisupervised.SelfTrainingClassifier -l trees.HoeffdingTree -s DistanceMeasure,SemiSupervisedStream -s generators.RandomTreeGenerator -t 0.95,1,22000.0,0.606511,1.303530104458332E-8,20872.0,22000.0,64.68636363636364,31.15280173995164,26.17825921702775,15.092896174863398,22000.0,96496.0
semisupervised.SelfTrainingClassifier -l trees.HoeffdingTree -s DistanceMeasure,SemiSupervisedStream -s generators.RandomTreeGenerator -t 0.95,1,23000.0,0.61485,1.3243489631762106E-8,21826.0,23000.0,64.67391304347827,31.19556717937798,26.23694961416251,14.957086037261883,23000.0,96504.0
semisupervised.SelfTrainingClassifier -l trees.HoeffdingTree -s DistanceMeasure,SemiSupervisedStream -s generators.RandomTreeGenerator -t 0.95,1,24000.0,0.626172,1.3526150764276584E-8,22775.0,24000.0,64.6625,31.225547604717434,26.316246741963518,14.780948553054657,24000.0,96504.0
semisupervised.SelfTrainingClassifier -l trees.HoeffdingTree -s DistanceMeasure,SemiSupervisedStream -s generators.RandomTreeGenerator -t 0.95,1,25000.0,0.633674,1.371344309921066E-8,23725.0,25000.0,64.75999999999999,31.46532846992426,26.466905934396117,15.133416819188902,25000.0,96504.0
semisupervised.SelfTrainingClassifier -l trees.HoeffdingTree -s DistanceMeasure,SemiSupervisedStream -s generators.RandomTreeGenerator -t 0.95,1,26000.0,0.642829,1.3942003659904004E-8,24673.0,26000.0,64.8,31.578886379321112,26.578419574809477,15.36896615498429,26000.0,96504.0
semisupervised.SelfTrainingClassifier -l trees.HoeffdingTree -s DistanceMeasure,SemiSupervisedStream -s generators.RandomTreeGenerator -t 0.95,1,27000.0,0.651429,1.415670828272899E-8,25622.0,27000.0,64.85185185185185,31.71024226433196,26.83114880493445,15.636945506267228,27000.0,96504.0
semisupervised.SelfTrainingClassifier -l trees.HoeffdingTree -s DistanceMeasure,SemiSupervisedStream -s generators.RandomTreeGenerator -t 0.95,1,28000.0,0.659728,1.4363898243755103E-8,26572.0,28000.0,64.78571428571429,31.63224987206183,26.860025220680967,15.350274725274746,28000.0,96504.0
semisupervised.SelfTrainingClassifier -l trees.HoeffdingTree -s DistanceMeasure,SemiSupervisedStream -s generators.RandomTreeGenerator -t 0.95,1,29000.0,0.67076,1.463931933666269E-8,27506.0,29000.0,64.80344827586208,31.721174023690967,26.904898309939853,15.413938841468486,29000.0,96504.0
semisupervised.SelfTrainingClassifier -l trees.HoeffdingTree -s DistanceMeasure,SemiSupervisedStream -s generators.RandomTreeGenerator -t 0.95,1,30000.0,0.679823,1.4865583057204883E-8,28447.0,30000.0,64.85333333333332,31.860969338974233,27.167230779857704,15.566944266495828,30000.0,96504.0
semisupervised.SelfTrainingClassifier -l trees.HoeffdingTree -s DistanceMeasure,SemiSupervisedStream -s generators.RandomTreeGenerator -t 0.95,1,31000.0,0.690434,1.513049360985557E-8,29395.0,31000.0,64.82903225806452,31.85216387772927,27.036070400856577,15.559169764560096,31000.0,96504.0
semisupervised.SelfTrainingClassifier -l trees.HoeffdingTree -s DistanceMeasure,SemiSupervisedStream -s generators.RandomTreeGenerator -t 0.95,1,32000.0,0.699038,1.5345298095295824E-8,30337.0,32000.0,64.83125,31.89231681456237,27.08778749595075,15.66878980891718,32000.0,96504.0
semisupervised.SelfTrainingClassifier -l trees.HoeffdingTree -s DistanceMeasure,SemiSupervisedStream -s generators.RandomTreeGenerator -t 0.95,1,33000.0,0.709694,1.5611332102368273E-8,31296.0,33000.0,64.88181818181819,32.01191070216014,27.24133601205425,15.924260011607666,33000.0,96504.0
semisupervised.SelfTrainingClassifier -l trees.HoeffdingTree -s DistanceMeasure,SemiSupervisedStream -s generators.RandomTreeGenerator -t 0.95,1,34000.0,0.71768,1.581070781374971E-8,32246.0,34000.0,64.94411764705882,32.1738148567246,27.36745886654478,15.980544198505553,34000.0,96504.0
semisupervised.SelfTrainingClassifier -l trees.HoeffdingTree -s DistanceMeasure,SemiSupervisedStream -s generators.RandomTreeGenerator -t 0.95,1,35000.0,0.728031,1.6069127296408014E-8,33193.0,35000.0,64.96571428571428,32.2600519385796,27.48240581938612,16.048199370121864,35000.0,96504.0
semisupervised.SelfTrainingClassifier -l trees.HoeffdingTree -s DistanceMeasure,SemiSupervisedStream -s generators.RandomTreeGenerator -t 0.95,1,36000.0,0.735718,1.6261038277298207E-8,34144.0,36000.0,64.97222222222221,32.297118530704886,27.436989296812065,16.15691489361702,36000.0,96504.0
semisupervised.SelfTrainingClassifier -l trees.HoeffdingTree -s DistanceMeasure,SemiSupervisedStream -s generators.RandomTreeGenerator -t 0.95,1,37000.0,0.744727,1.648595385253429E-8,35097.0,37000.0,65.0054054054054,32.38328753834642,27.543368774482364,16.275460717749755,37000.0,96504.0
semisupervised.SelfTrainingClassifier -l trees.HoeffdingTree -s DistanceMeasure,SemiSupervisedStream -s generators.RandomTreeGenerator -t 0.95,1,38000.0,0.753291,1.669975971182187E-8,36054.0,38000.0,65.0421052631579,32.49202639694539,27.639176380869362,16.294896030245745,38000.0,96504.0
semisupervised.SelfTrainingClassifier -l trees.HoeffdingTree -s DistanceMeasure,SemiSupervisedStream -s generators.RandomTreeGenerator -t 0.95,1,39000.0,0.763288,1.6949341353029007E-8,36997.0,39000.0,65.10512820512821,32.63674105313024,27.830513867529298,16.42203525148927,39000.0,96504.0
semisupervised.SelfTrainingClassifier -l trees.HoeffdingTree -s DistanceMeasure,SemiSupervisedStream -s generators.RandomTreeGenerator -t 0.95,1,40000.0,0.787103,1.763808711742361E-8,37952.0,40000.0,65.125,32.696866820837485,27.91070228928737,16.566985645933023,40000.0,111792.0
semisupervised.SelfTrainingClassifier -l trees.HoeffdingTree -s DistanceMeasure,SemiSupervisedStream -s generators.RandomTreeGenerator -t 0.95,1,41000.0,0.795144,1.787315112435155E-8,38902.0,41000.0,65.04634146341463,32.60350444754862,27.767137096774196,16.325100718164315,41000.0,113000.0
semisupervised.SelfTrainingClassifier -l trees.HoeffdingTree -s DistanceMeasure,SemiSupervisedStream -s generators.RandomTreeGenerator -t 0.95,1,42000.0,0.804085,1.8135949828558492E-8,39853.0,42000.0,65.06666666666666,32.68082347430206,27.80593416326329,16.35596602246164,42000.0,113616.0
semisupervised.SelfTrainingClassifier -l trees.HoeffdingTree -s DistanceMeasure,SemiSupervisedStream -s generators.RandomTreeGenerator -t 0.95,1,43000.0,0.813626,1.8416384057038353E-8,40810.0,43000.0,65.09767441860465,32.76668812262887,27.839215309164363,16.431872598697048,43000.0,113616.0
semisupervised.SelfTrainingClassifier -l trees.HoeffdingTree -s DistanceMeasure,SemiSupervisedStream -s generators.RandomTreeGenerator -t 0.95,1,44000.0,0.822372,1.8673505518171515E-8,41768.0,44000.0,65.0909090909091,32.783672237400175,27.80937162193918,16.389962440803444,44000.0,113640.0
semisupervised.SelfTrainingClassifier -l trees.HoeffdingTree -s DistanceMeasure,SemiSupervisedStream -s generators.RandomTreeGenerator -t 0.95,1,45000.0,0.831913,1.895399898497594E-8,42717.0,45000.0,65.11333333333333,32.846347561080634,27.85054460223357,16.423551959114146,45000.0,113640.0
semisupervised.SelfTrainingClassifier -l trees.HoeffdingTree -s DistanceMeasure,SemiSupervisedStream -s generators.RandomTreeGenerator -t 0.95,1,46000.0,0.846159,1.937496587013204E-8,43664.0,46000.0,65.14565217391305,32.93026098143731,27.86051743532059,16.4860923012814,46000.0,114224.0
semisupervised.SelfTrainingClassifier -l trees.HoeffdingTree -s DistanceMeasure,SemiSupervisedStream -s generators.RandomTreeGenerator -t 0.95,1,47000.0,0.862873,1.9915663887643144E-8,44605.0,47000.0,65.10425531914893,32.89825968859149,27.6628589070701,16.3256976684863,47000.0,125048.0
semisupervised.SelfTrainingClassifier -l trees.HoeffdingTree -s DistanceMeasure,SemiSupervisedStream -s generators.RandomTreeGenerator -t 0.95,1,48000.0,0.874969,2.032319157280855E-8,45555.0,48000.0,65.08125,32.877125028335385,27.598272138228946,16.378966274196767,48000.0,130232.0
semisupervised.SelfTrainingClassifier -l trees.HoeffdingTree -s DistanceMeasure,SemiSupervisedStream -s generators.RandomTreeGenerator -t 0.95,1,49000.0,0.88589,2.069280476205878E-8,46512.0,49000.0,64.98163265306123,32.72270716251681,27.479819111618287,16.121620961040232,49000.0,130824.0
semisupervised.SelfTrainingClassifier -l trees.HoeffdingTree -s DistanceMeasure,SemiSupervisedStream -s generators.RandomTreeGenerator -t 0.95,1,50000.0,0.895397,2.101462119155459E-8,47454.0,50000.0,64.948,32.68913830195685,27.452603692358636,16.12748851454822,50000.0,130848.0
semisupervised.SelfTrainingClassifier -l trees.HoeffdingTree -s DistanceMeasure,SemiSupervisedStream -s generators.RandomTreeGenerator -t 0.95,1,51000.0,0.905164,2.134525895739594E-8,48411.0,51000.0,64.99607843137255,32.7880995665582,27.578093306288025,16.380158321232837,51000.0,130856.0
semisupervised.SelfTrainingClassifier -l trees.HoeffdingTree -s DistanceMeasure,SemiSupervisedStream -s generators.RandomTreeGenerator -t 0.95,1,52000.0,0.913619,2.1632794578456207E-8,49365.0,52000.0,64.9326923076923,32.70360986915308,27.422885572139293,16.253329659226605,52000.0,131456.0
semisupervised.SelfTrainingClassifier -l trees.HoeffdingTree -s DistanceMeasure,SemiSupervisedStream -s generators.RandomTreeGenerator -t 0.95,1,53000.0,0.923764,2.1977824312117354E-8,50311.0,53000.0,64.95283018867924,32.75731607709511,27.52633632461959,16.39285232029527,53000.0,131464.0
semisupervised.SelfTrainingClassifier -l trees.HoeffdingTree -s DistanceMeasure,SemiSupervisedStream -s generators.RandomTreeGenerator -t 0.95,1,54000.0,0.935419,2.237420889031555E-8,51241.0,54000.0,64.94814814814815,32.77891662207399,27.440006133558224,16.403144598533682,54000.0,131464.0
semisupervised.SelfTrainingClassifier -l trees.HoeffdingTree -s DistanceMeasure,SemiSupervisedStream -s generators.RandomTreeGenerator -t 0.95,1,55000.0,0.944375,2.2678800935132626E-8,52202.0,55000.0,64.96545454545455,32.82110053471538,27.426462280140118,16.519365739537317,55000.0,131464.0
semisupervised.SelfTrainingClassifier -l trees.HoeffdingTree -s DistanceMeasure,SemiSupervisedStream -s generators.RandomTreeGenerator -t 0.95,1,56000.0,0.953553,2.2990943162391574E-8,53165.0,56000.0,64.97678571428571,32.860637815431645,27.490849938999588,16.543976852048843,56000.0,131464.0
semisupervised.SelfTrainingClassifier -l trees.HoeffdingTree -s DistanceMeasure,SemiSupervisedStream -s generators.RandomTreeGenerator -t 0.95,1,57000.0,0.962888,2.330844425285855E-8,54115.0,57000.0,64.95614035087719,32.83951712654808,27.503357166188792,16.555267775085632,57000.0,131472.0
semisupervised.SelfTrainingClassifier -l trees.HoeffdingTree -s DistanceMeasure,SemiSupervisedStream -s generators.RandomTreeGenerator -t 0.95,1,58000.0,0.97291,2.3649311518917472E-8,55058.0,58000.0,64.96551724137932,32.87348886137853,27.576005987810525,16.605105474842002,58000.0,131472.0
semisupervised.SelfTrainingClassifier -l trees.HoeffdingTree -s DistanceMeasure,SemiSupervisedStream -s generators.RandomTreeGenerator -t 0.95,1,59000.0,0.981712,2.3948684266457947E-8,56003.0,59000.0,64.99661016949152,32.94915364526219,27.618112995934368,16.64514045850822,59000.0,131472.0
semisupervised.SelfTrainingClassifier -l trees.HoeffdingTree -s DistanceMeasure,SemiSupervisedStream -s generators.RandomTreeGenerator -t 0.95,1,60000.0,0.991578,2.4284306932240715E-8,56941.0,60000.0,65.04833333333333,33.06494197578528,27.723591245907286,16.78835013094199,60000.0,131496.0
semisupervised.SelfTrainingClassifier -l trees.HoeffdingTree -s DistanceMeasure,SemiSupervisedStream -s generators.RandomTreeGenerator -t 0.95,1,61000.0,0.999863,2.4566146967311692E-8,57892.0,61000.0,65.07213114754097,33.12182350454097,27.739528573851103,16.848144245404512,61000.0,131496.0
semisupervised.SelfTrainingClassifier -l trees.HoeffdingTree -s DistanceMeasure,SemiSupervisedStream -s generators.RandomTreeGenerator -t 0.95,1,62000.0,1.008576,2.4862546753138296E-8,58843.0,62000.0,65.06935483870969,33.12882470702407,27.771478121664888,16.886057489350286,62000.0,131496.0
semisupervised.SelfTrainingClassifier -l trees.HoeffdingTree -s DistanceMeasure,SemiSupervisedStream -s generators.RandomTreeGenerator -t 0.95,1,63000.0,1.023245,2.541520283247033E-8,59792.0,63000.0,65.1079365079365,33.21403914001462,27.86874487284658,16.961317618615894,63000.0,145632.0
semisupervised.SelfTrainingClassifier -l trees.HoeffdingTree -s DistanceMeasure,SemiSupervisedStream -s generators.RandomTreeGenerator -t 0.95,1,64000.0,1.03172,2.5736954913785052E-8,60743.0,64000.0,65.15625,33.31571002861682,28.04130364633754,17.11885824723111,64000.0,146752.0
semisupervised.SelfTrainingClassifier -l trees.HoeffdingTree -s DistanceMeasure,SemiSupervisedStream -s generators.RandomTreeGenerator -t 0.95,1,65000.0,1.04371,2.619240157927075E-8,61693.0,65000.0,65.12615384615384,33.289599239017335,27.983225314525356,16.994397451389656,65000.0,146832.0
semisupervised.SelfTrainingClassifier -l trees.HoeffdingTree -s DistanceMeasure,SemiSupervisedStream -s generators.RandomTreeGenerator -t 0.95,1,66000.0,1.052058,2.6511992793530217E-8,62646.0,66000.0,65.13181818181818,33.31325278923924,28.023644950426917,17.064292922012402,66000.0,147984.0
semisupervised.SelfTrainingClassifier -l trees.HoeffdingTree -s DistanceMeasure,SemiSupervisedStream -s generators.RandomTreeGenerator -t 0.95,1,67000.0,1.060415,2.68319458555844E-8,63593.0,67000.0,65.1731343283582,33.397259288388355,28.11460258780036,17.23183881952327,67000.0,147992.0
semisupervised.SelfTrainingClassifier -l trees.HoeffdingTree -s DistanceMeasure,SemiSupervisedStream -s generators.RandomTreeGenerator -t 0.95,1,68000.0,1.068195,2.712982420706086E-8,64557.0,68000.0,65.18823529411765,33.43220944455011,28.17961165048544,17.32904938185374,68000.0,148000.0
semisupervised.SelfTrainingClassifier -l trees.HoeffdingTree -s DistanceMeasure,SemiSupervisedStream -s generators.RandomTreeGenerator -t 0.95,1,69000.0,1.086719,2.7907267862723927E-8,65503.0,69000.0,65.19130434782609,33.45031437122953,28.21662333004573,17.361684558216353,69000.0,162232.0
semisupervised.SelfTrainingClassifier -l trees.HoeffdingTree -s DistanceMeasure,SemiSupervisedStream -s generators.RandomTreeGenerator -t 0.95,1,70000.0,1.096507,2.832102323157919E-8,66453.0,70000.0,65.18285714285715,33.448067059837896,28.231102211490334,17.39425162689804,70000.0,163400.0
semisupervised.SelfTrainingClassifier -l trees.HoeffdingTree -s DistanceMeasure,SemiSupervisedStream -s generators.RandomTreeGenerator -t 0.95,1,71000.0,1.105408,2.8698775751723178E-8,67408.0,71000.0,65.17042253521127,33.428686448305186,28.24270210666821,17.443413233624906,71000.0,164048.0
semisupervised.SelfTrainingClassifier -l trees.HoeffdingTree -s DistanceMeasure,SemiSupervisedStream -s generators.RandomTreeGenerator -t 0.95,1,72000.0,1.114601,2.909042360261082E-8,68356.0,72000.0,65.125,33.37368354429573,28.17505720823798,17.26796481170308,72000.0,164680.0
semisupervised.SelfTrainingClassifier -l trees.HoeffdingTree -s DistanceMeasure,SemiSupervisedStream -s generators.RandomTreeGenerator -t 0.95,1,73000.0,1.123738,2.9479704604794575E-8,69300.0,73000.0,65.13972602739726,33.41645979691165,28.196156993312826,17.269180754226262,73000.0,164688.0
semisupervised.SelfTrainingClassifier -l trees.HoeffdingTree -s DistanceMeasure,SemiSupervisedStream -s generators.RandomTreeGenerator -t 0.95,1,74000.0,1.134237,2.9928599687086204E-8,70239.0,74000.0,65.17972972972973,33.50199497921052,28.311493197562804,17.36048749198204,74000.0,165272.0
semisupervised.SelfTrainingClassifier -l trees.HoeffdingTree -s DistanceMeasure,SemiSupervisedStream -s generators.RandomTreeGenerator -t 0.95,1,75000.0,1.144595,3.0371573360429865E-8,71186.0,75000.0,65.19066666666666,33.53710989010043,28.307016339420564,17.385525774500795,75000.0,165312.0
semisupervised.SelfTrainingClassifier -l trees.HoeffdingTree -s DistanceMeasure,SemiSupervisedStream -s generators.RandomTreeGenerator -t 0.95,1,76000.0,1.153355,3.074747551646497E-8,72128.0,76000.0,65.18026315789473,33.522948838678516,28.36996535296665,17.43471342547814,76000.0,165872.0
semisupervised.SelfTrainingClassifier -l trees.HoeffdingTree -s DistanceMeasure,SemiSupervisedStream -s generators.RandomTreeGenerator -t 0.95,1,77000.0,1.161344,3.109037580382492E-8,73087.0,77000.0,65.14935064935065,33.48705651382502,28.31000213720879,17.31373636531705,77000.0,165912.0
semisupervised.SelfTrainingClassifier -l trees.HoeffdingTree -s DistanceMeasure,SemiSupervisedStream -s generators.RandomTreeGenerator -t 0.95,1,78000.0,1.169868,3.1456292046027043E-8,74014.0,78000.0,65.15512820512821,33.507200984307794,28.24405311930724,17.346349177386504,78000.0,165936.0
semisupervised.SelfTrainingClassifier -l trees.HoeffdingTree -s DistanceMeasure,SemiSupervisedStream -s generators.RandomTreeGenerator -t 0.95,1,79000.0,1.178456,3.182499121253688E-8,74966.0,79000.0,65.1620253164557,33.537815517172284,28.268348623853207,17.326524481826368,79000.0,165952.0
semisupervised.SelfTrainingClassifier -l trees.HoeffdingTree -s DistanceMeasure,SemiSupervisedStream -s generators.RandomTreeGenerator -t 0.95,1,80000.0,1.187382,3.220820136161313E-8,75924.0,80000.0,65.16499999999999,33.55274712338343,28.265849828824415,17.344880768774456,80000.0,165952.0
semisupervised.SelfTrainingClassifier -l trees.HoeffdingTree -s DistanceMeasure,SemiSupervisedStream -s generators.RandomTreeGenerator -t 0.95,1,81000.0,1.195275,3.2547160869257303E-8,76880.0,81000.0,65.16666666666666,33.564223051612366,28.246274350236494,17.369530838165513,81000.0,166000.0
semisupervised.SelfTrainingClassifier -l trees.HoeffdingTree -s DistanceMeasure,SemiSupervisedStream -s generators.RandomTreeGenerator -t 0.95,1,82000.0,1.202893,3.287435798802308E-8,77838.0,82000.0,65.18780487804878,33.6114092576603,28.36277855852239,17.461327164955907,82000.0,166024.0
semisupervised.SelfTrainingClassifier -l trees.HoeffdingTree -s DistanceMeasure,SemiSupervisedStream -s generators.RandomTreeGenerator -t 0.95,1,83000.0,1.210414,3.3197404471122543E-8,78788.0,83000.0,65.2,33.6393844417721,28.405710886377157,17.49078755677437,83000.0,166032.0
semisupervised.SelfTrainingClassifier -l trees.HoeffdingTree -s DistanceMeasure,SemiSupervisedStream -s generators.RandomTreeGenerator -t 0.95,1,84000.0,1.217291,3.349278948166303E-8,79742.0,84000.0,65.20833333333333,33.66859565203155,28.427987167242186,17.506421655799244,84000.0,166032.0
semisupervised.SelfTrainingClassifier -l trees.HoeffdingTree -s DistanceMeasure,SemiSupervisedStream -s generators.RandomTreeGenerator -t 0.95,1,85000.0,1.224266,3.379239828222327E-8,80701.0,85000.0,65.2,33.6673409121291,28.39332833038805,17.489539748953977,85000.0,166040.0
semisupervised.SelfTrainingClassifier -l trees.HoeffdingTree -s DistanceMeasure,SemiSupervisedStream -s generators.RandomTreeGenerator -t 0.95,1,86000.0,1.232743,3.415652499223748E-8,81652.0,86000.0,65.16627906976744,33.62832565162672,28.244987903901887,17.332634251338376,86000.0,166040.0
semisupervised.SelfTrainingClassifier -l trees.HoeffdingTree -s DistanceMeasure,SemiSupervisedStream -s generators.RandomTreeGenerator -t 0.95,1,87000.0,1.239799,3.445961312080423E-8,82600.0,87000.0,65.15862068965518,33.63201543714454,28.209743504724926,17.29782822219799,87000.0,166040.0
semisupervised.SelfTrainingClassifier -l trees.HoeffdingTree -s DistanceMeasure,SemiSupervisedStream -s generators.RandomTreeGenerator -t 0.95,1,88000.0,1.246568,3.475042929665909E-8,83557.0,88000.0,65.14999999999999,33.62781937140238,28.176303894704784,17.26556598683499,88000.0,166072.0
semisupervised.SelfTrainingClassifier -l trees.HoeffdingTree -s DistanceMeasure,SemiSupervisedStream -s generators.RandomTreeGenerator -t 0.95,1,89000.0,1.253494,3.504799065490563E-8,84504.0,89000.0,65.15730337078651,33.64822145371351,28.204297092054077,17.30666666666666,89000.0,166072.0
semisupervised.SelfTrainingClassifier -l trees.HoeffdingTree -s DistanceMeasure,SemiSupervisedStream -s generators.RandomTreeGenerator -t 0.95,1,90000.0,1.260685,3.535698184122641E-8,85448.0,90000.0,65.16888888888889,33.67713678983623,28.240814925031472,17.33122362869198,90000.0,166096.0
semisupervised.SelfTrainingClassifier -l trees.HoeffdingTree -s DistanceMeasure,SemiSupervisedStream -s generators.RandomTreeGenerator -t 0.95,1,91000.0,1.267378,3.564457438886165E-8,86397.0,91000.0,65.16813186813188,33.682843517677746,28.243497158897974,17.324395524139916,91000.0,166096.0
semisupervised.SelfTrainingClassifier -l trees.HoeffdingTree -s DistanceMeasure,SemiSupervisedStream -s generators.RandomTreeGenerator -t 0.95,1,92000.0,1.275214,3.59812968969345E-8,87350.0,92000.0,65.17608695652174,33.70995873661423,28.305771253384655,17.336223133885497,92000.0,166104.0
semisupervised.SelfTrainingClassifier -l trees.HoeffdingTree -s DistanceMeasure,SemiSupervisedStream -s generators.RandomTreeGenerator -t 0.95,1,93000.0,1.283867,3.635314480298095E-8,88296.0,93000.0,65.18817204301075,33.73504687962266,28.31362650015499,17.404393193356633,93000.0,166112.0
semisupervised.SelfTrainingClassifier -l trees.HoeffdingTree -s DistanceMeasure,SemiSupervisedStream -s generators.RandomTreeGenerator -t 0.95,1,94000.0,1.291059,3.666302738090356E-8,89236.0,94000.0,65.19574468085106,33.75569881999078,28.375331129452462,17.42137412287345,94000.0,166552.0
semisupervised.SelfTrainingClassifier -l trees.HoeffdingTree -s DistanceMeasure,SemiSupervisedStream -s generators.RandomTreeGenerator -t 0.95,1,95000.0,1.298749,3.6994367345339715E-8,90184.0,95000.0,65.19052631578947,33.76005351495158,28.316569843059057,17.366750793373146,95000.0,166552.0
semisupervised.SelfTrainingClassifier -l trees.HoeffdingTree -s DistanceMeasure,SemiSupervisedStream -s generators.RandomTreeGenerator -t 0.95,1,96000.0,1.305809,3.729856242322259E-8,91137.0,96000.0,65.17916666666666,33.75213989790323,28.289177303443097,17.316777560661897,96000.0,166552.0
semisupervised.SelfTrainingClassifier -l trees.HoeffdingTree -s DistanceMeasure,SemiSupervisedStream -s generators.RandomTreeGenerator -t 0.95,1,97000.0,1.312619,3.7591985720727175E-8,92086.0,97000.0,65.18144329896907,33.75788819623955,28.262531860662715,17.352257433011154,97000.0,166552.0
semisupervised.SelfTrainingClassifier -l trees.HoeffdingTree -s DistanceMeasure,SemiSupervisedStream -s generators.RandomTreeGenerator -t 0.95,1,98000.0,1.319432,3.7885580580267634E-8,93044.0,98000.0,65.19081632653061,33.77997667846978,28.29788128468135,17.41993270231668,98000.0,166576.0
semisupervised.SelfTrainingClassifier -l trees.HoeffdingTree -s DistanceMeasure,SemiSupervisedStream -s generators.RandomTreeGenerator -t 0.95,1,99000.0,1.326579,3.819356861213842E-8,93986.0,99000.0,65.20505050505051,33.813815491690654,28.35631538445541,17.446737124643523,99000.0,166576.0
semisupervised.SelfTrainingClassifier -l trees.HoeffdingTree -s DistanceMeasure,SemiSupervisedStream -s generators.RandomTreeGenerator -t 0.95,1,100000.0,1.334094,3.8517414989570765E-8,94938.0,100000.0,65.243,33.88030747044594,28.401038233355298,17.602294817694737,100000.0,166576.0
semisupervised.SelfTrainingClassifier -l trees.HoeffdingTree -s DistanceMeasure,SemiSupervisedStream -s generators.RandomTreeGenerator -t 0.95,1,101000.0,1.34154,3.883828792721032E-8,95892.0,101000.0,65.25247524752476,33.90463034754334,28.42429433839126,17.627039079920213,101000.0,166576.0
semisupervised.SelfTrainingClassifier -l trees.HoeffdingTree -s DistanceMeasure,SemiSupervisedStream -s generators.RandomTreeGenerator -t 0.95,1,102000.0,1.348113,3.9121540387471506E-8,96849.0,102000.0,65.25294117647059,33.91209285189677,28.44336765596609,17.64569197880845,102000.0,166576.0
semisupervised.SelfTrainingClassifier -l trees.HoeffdingTree -s DistanceMeasure,SemiSupervisedStream -s generators.RandomTreeGenerator -t 0.95,1,103000.0,1.355066,3.9421168313258215E-8,97799.0,103000.0,65.25825242718447,33.922147292775676,28.516350706166737,17.720907774022233,103000.0,166576.0
semisupervised.SelfTrainingClassifier -l trees.HoeffdingTree -s DistanceMeasure,SemiSupervisedStream -s generators.RandomTreeGenerator -t 0.95,1,104000.0,1.361778,3.971041074643531E-8,98749.0,104000.0,65.25576923076923,33.932820672755746,28.48576008866548,17.656442277015636,104000.0,166576.0
semisupervised.SelfTrainingClassifier -l trees.HoeffdingTree -s DistanceMeasure,SemiSupervisedStream -s generators.RandomTreeGenerator -t 0.95,1,105000.0,1.368184,3.9986466620531336E-8,99710.0,105000.0,65.26095238095239,33.95047387314419,28.472821397756697,17.67254999322892,105000.0,166576.0
semisupervised.SelfTrainingClassifier -l trees.HoeffdingTree -s DistanceMeasure,SemiSupervisedStream -s generators.RandomTreeGenerator -t 0.95,1,106000.0,1.374797,4.0271442814005735E-8,100661.0,106000.0,65.26415094339623,33.96665447409744,28.48958029870457,17.65258425961129,106000.0,166576.0
semisupervised.SelfTrainingClassifier -l trees.HoeffdingTree -s DistanceMeasure,SemiSupervisedStream -s generators.RandomTreeGenerator -t 0.95,1,107000.0,1.38227,4.059347927156421E-8,101620.0,107000.0,65.2607476635514,33.9679152566048,28.51180860066158,17.657613752159847,107000.0,166576.0
semisupervised.SelfTrainingClassifier -l trees.HoeffdingTree -s DistanceMeasure,SemiSupervisedStream -s generators.RandomTreeGenerator -t 0.95,1,108000.0,1.389956,4.0924694608483044E-8,102561.0,108000.0,65.27037037037037,33.99164607508405,28.49490039081116,17.664361760509266,108000.0,166576.0
semisupervised.SelfTrainingClassifier -l trees.HoeffdingTree -s DistanceMeasure,SemiSupervisedStream -s generators.RandomTreeGenerator -t 0.95,1,109000.0,1.39668,4.121445416162411E-8,103510.0,109000.0,65.28990825688074,34.030146399412956,28.557131257435287,17.721766739882124,109000.0,166576.0
semisupervised.SelfTrainingClassifier -l trees.HoeffdingTree -s DistanceMeasure,SemiSupervisedStream -s generators.RandomTreeGenerator -t 0.95,1,110000.0,1.403462,4.1506713127924336E-8,104463.0,110000.0,65.29545454545455,34.04438192672953,28.54067612594062,17.754653567735254,110000.0,166576.0
semisupervised.SelfTrainingClassifier -l trees.HoeffdingTree -s DistanceMeasure,SemiSupervisedStream -s generators.RandomTreeGenerator -t 0.95,1,111000.0,1.410395,4.1805479187104436E-8,105415.0,111000.0,65.31981981981983,34.09652275890686,28.55684644222561,17.789642285104115,111000.0,166576.0
semisupervised.SelfTrainingClassifier -l trees.HoeffdingTree -s DistanceMeasure,SemiSupervisedStream -s generators.RandomTreeGenerator -t 0.95,1,112000.0,1.41788,4.2128032764626874E-8,106366.0,112000.0,65.33125,34.118551823006776,28.5850913170624,17.841349103912314,112000.0,166576.0
semisupervised.SelfTrainingClassifier -l trees.HoeffdingTree -s DistanceMeasure,SemiSupervisedStream -s generators.RandomTreeGenerator -t 0.95,1,113000.0,1.424583,4.2416887357831E-8,107317.0,113000.0,65.3283185840708,34.121545387243714,28.57715796189956,17.837894516095222,113000.0,166576.0
semisupervised.SelfTrainingClassifier -l trees.HoeffdingTree -s DistanceMeasure,SemiSupervisedStream -s generators.RandomTreeGenerator -t 0.95,1,114000.0,1.433491,4.280076274441348E-8,108264.0,114000.0,65.32631578947368,34.12759911335785,28.585365853658544,17.810953549299306,114000.0,166576.0
semisupervised.SelfTrainingClassifier -l trees.HoeffdingTree -s DistanceMeasure,SemiSupervisedStream -s generators.RandomTreeGenerator -t 0.95,1,115000.0,1.441671,4.315326618651549E-8,109214.0,115000.0,65.30869565217391,34.10793890404996,28.490768955009845,17.73548333883207,115000.0,166576.0
semisupervised.SelfTrainingClassifier -l trees.HoeffdingTree -s DistanceMeasure,SemiSupervisedStream -s generators.RandomTreeGenerator -t 0.95,1,116000.0,1.453362,4.368900871525208E-8,110169.0,116000.0,65.29741379310346,34.096341616365365,28.482598113241085,17.68903611008875,116000.0,177136.0
semisupervised.SelfTrainingClassifier -l trees.HoeffdingTree -s DistanceMeasure,SemiSupervisedStream -s generators.RandomTreeGenerator -t 0.95,1,117000.0,1.462273,4.410569306049082E-8,111121.0,117000.0,65.3034188034188,34.11250362013859,28.51482707614284,17.717285552132306,117000.0,180752.0
semisupervised.SelfTrainingClassifier -l trees.HoeffdingTree -s DistanceMeasure,SemiSupervisedStream -s generators.RandomTreeGenerator -t 0.95,1,118000.0,1.469345,4.443748224940565E-8,112070.0,118000.0,65.29491525423728,34.09991576517416,28.516818237357956,17.70757977654528,118000.0,181352.0
semisupervised.SelfTrainingClassifier -l trees.HoeffdingTree -s DistanceMeasure,SemiSupervisedStream -s generators.RandomTreeGenerator -t 0.95,1,119000.0,1.476225,4.4760263587037726E-8,113028.0,119000.0,65.29159663865546,34.100767736969004,28.52915729364941,17.698515492677085,119000.0,181352.0
semisupervised.SelfTrainingClassifier -l trees.HoeffdingTree -s DistanceMeasure,SemiSupervisedStream -s generators.RandomTreeGenerator -t 0.95,1,120000.0,1.48451,4.514897889975045E-8,113972.0,120000.0,65.2975,34.11205779710184,28.51723427629772,17.751970136872657,120000.0,181360.0
semisupervised.SelfTrainingClassifier -l trees.HoeffdingTree -s DistanceMeasure,SemiSupervisedStream -s generators.RandomTreeGenerator -t 0.95,1,121000.0,1.492372,4.551784791466263E-8,114916.0,121000.0,65.29338842975207,34.11245794562123,28.521582244008712,17.7262308249907,121000.0,181360.0
semisupervised.SelfTrainingClassifier -l trees.HoeffdingTree -s DistanceMeasure,SemiSupervisedStream -s generators.RandomTreeGenerator -t 0.95,1,122000.0,1.499659,4.5859739101595356E-8,115861.0,122000.0,65.29508196721312,34.119058875974076,28.530434489044943,17.741684799502654,122000.0,181360.0
semisupervised.SelfTrainingClassifier -l trees.HoeffdingTree -s DistanceMeasure,SemiSupervisedStream -s generators.RandomTreeGenerator -t 0.95,1,123000.0,1.50802,4.625319684959121E-8,116812.0,123000.0,65.30731707317074,34.14931679453221,28.525007537435933,17.754991905018898,123000.0,181904.0
semisupervised.SelfTrainingClassifier -l trees.HoeffdingTree -s DistanceMeasure,SemiSupervisedStream -s generators.RandomTreeGenerator -t 0.95,1,124000.0,1.516474,4.665104855265883E-8,117764.0,124000.0,65.31048387096774,34.16058349543166,28.52157729440501,17.759635974304057,124000.0,181912.0
semisupervised.SelfTrainingClassifier -l trees.HoeffdingTree -s DistanceMeasure,SemiSupervisedStream -s generators.RandomTreeGenerator -t 0.95,1,125000.0,1.523614,4.698797858423658E-8,118716.0,125000.0,65.30160000000001,34.153119970766724,28.489934545694368,17.727953868624226,125000.0,182408.0
semisupervised.SelfTrainingClassifier -l trees.HoeffdingTree -s DistanceMeasure,SemiSupervisedStream -s generators.RandomTreeGenerator -t 0.95,1,126000.0,1.531886,4.737836089399127E-8,119677.0,126000.0,65.2984126984127,34.153369866436464,28.499476713762423,17.725425259671844,126000.0,182424.0
semisupervised.SelfTrainingClassifier -l trees.HoeffdingTree -s DistanceMeasure,SemiSupervisedStream -s generators.RandomTreeGenerator -t 0.95,1,127000.0,1.540264,4.777374568498798E-8,120627.0,127000.0,65.29055118110236,34.140330560945735,28.506090143860384,17.719416134692207,127000.0,182424.0
semisupervised.SelfTrainingClassifier -l trees.HoeffdingTree -s DistanceMeasure,SemiSupervisedStream -s generators.RandomTreeGenerator -t 0.95,1,128000.0,1.547769,4.812793079556691E-8,121566.0,128000.0,65.30078125,34.16321759927254,28.53120072088307,17.743906956070802,128000.0,182424.0
semisupervised.SelfTrainingClassifier -l trees.HoeffdingTree -s DistanceMeasure,SemiSupervisedStream -s generators.RandomTreeGenerator -t 0.95,1,129000.0,1.555155,4.847649991305339E-8,122510.0,129000.0,65.29457364341086,34.15619263240014,28.507553256044215,17.709769322672567,129000.0,182424.0
semisupervised.SelfTrainingClassifier -l trees.HoeffdingTree -s DistanceMeasure,SemiSupervisedStream -s generators.RandomTreeGenerator -t 0.95,1,130000.0,1.562125,4.88054366513259E-8,123461.0,130000.0,65.30307692307692,34.16970828713222,28.529099523062534,17.749817651349375,130000.0,182424.0
semisupervised.SelfTrainingClassifier -l trees.HoeffdingTree -s DistanceMeasure,SemiSupervisedStream -s generators.RandomTreeGenerator -t 0.95,1,131000.0,1.568832,4.912196157293188E-8,124413.0,131000.0,65.3236641221374,34.20964207756361,28.592313133694887,17.81669501031225,131000.0,182424.0
semisupervised.SelfTrainingClassifier -l trees.HoeffdingTree -s DistanceMeasure,SemiSupervisedStream -s generators.RandomTreeGenerator -t 0.95,1,132000.0,1.575662,4.944429126050738E-8,125362.0,132000.0,65.31666666666666,34.20171683749829,28.598387373477447,17.788392472345922,132000.0,182424.0
semisupervised.SelfTrainingClassifier -l trees.HoeffdingTree -s DistanceMeasure,SemiSupervisedStream -s generators.RandomTreeGenerator -t 0.95,1,133000.0,1.582529,4.976838130917815E-8,126315.0,133000.0,65.3187969924812,34.20462649897679,28.582045644566918,17.831694456320356,133000.0,182432.0
semisupervised.SelfTrainingClassifier -l trees.HoeffdingTree -s DistanceMeasure,SemiSupervisedStream -s generators.RandomTreeGenerator -t 0.95,1,134000.0,1.590362,5.0138062006897404E-8,127266.0,134000.0,65.30820895522388,34.1877611431144,28.58810697881623,17.831197525408744,134000.0,182432.0
semisupervised.SelfTrainingClassifier -l trees.HoeffdingTree -s DistanceMeasure,SemiSupervisedStream -s generators.RandomTreeGenerator -t 0.95,1,135000.0,1.597579,5.0478745088395154E-8,128219.0,135000.0,65.30074074074074,34.17601856484711,28.599082414986192,17.820427353426194,135000.0,182472.0
semisupervised.SelfTrainingClassifier -l trees.HoeffdingTree -s DistanceMeasure,SemiSupervisedStream -s generators.RandomTreeGenerator -t 0.95,1,136000.0,1.605351,5.0845627298371665E-8,129163.0,136000.0,65.30514705882354,34.18437213440317,28.62761113884226,17.836247126837097,136000.0,182472.0
semisupervised.SelfTrainingClassifier -l trees.HoeffdingTree -s DistanceMeasure,SemiSupervisedStream -s generators.RandomTreeGenerator -t 0.95,1,137000.0,1.617541,5.146940180617903E-8,130117.0,137000.0,65.2992700729927,34.177712676879864,28.628263447882418,17.83473616896247,137000.0,197800.0
semisupervised.SelfTrainingClassifier -l trees.HoeffdingTree -s DistanceMeasure,SemiSupervisedStream -s generators.RandomTreeGenerator -t 0.95,1,138000.0,1.626038,5.190430731823048E-8,131058.0,138000.0,65.29420289855072,34.17742267946617,28.629332697523324,17.796886531761157,138000.0,197848.0
semisupervised.SelfTrainingClassifier -l trees.HoeffdingTree -s DistanceMeasure,SemiSupervisedStream -s generators.RandomTreeGenerator -t 0.95,1,139000.0,1.633838,5.2304684134821105E-8,132004.0,139000.0,65.2956834532374,34.186444111241144,28.671132206597754,17.804321155943278,139000.0,198416.0
semisupervised.SelfTrainingClassifier -l trees.HoeffdingTree -s DistanceMeasure,SemiSupervisedStream -s generators.RandomTreeGenerator -t 0.95,1,140000.0,1.644758,5.286408167332412E-8,132950.0,140000.0,65.30285714285714,34.2012893033589,28.69054609512624,17.815450208100692,140000.0,198016.0
semisupervised.SelfTrainingClassifier -l trees.HoeffdingTree -s DistanceMeasure,SemiSupervisedStream -s generators.RandomTreeGenerator -t 0.95,1,141000.0,1.654886,5.3395379297435296E-8,133892.0,141000.0,65.29929078014185,34.19586735306679,28.695094581596653,17.823312059119903,141000.0,202776.0
semisupervised.SelfTrainingClassifier -l trees.HoeffdingTree -s DistanceMeasure,SemiSupervisedStream -s generators.RandomTreeGenerator -t 0.95,1,142000.0,1.663745,5.386021735146643E-8,134841.0,142000.0,65.29859154929576,34.193774892857526,28.681632003242008,17.85416597206013,142000.0,202824.0
semisupervised.SelfTrainingClassifier -l trees.HoeffdingTree -s DistanceMeasure,SemiSupervisedStream -s generators.RandomTreeGenerator -t 0.95,1,143000.0,1.672795,5.433507731184365E-8,135780.0,143000.0,65.31748251748252,34.233819488511976,28.712700511700106,17.891495455523735,143000.0,202824.0
semisupervised.SelfTrainingClassifier -l trees.HoeffdingTree -s DistanceMeasure,SemiSupervisedStream -s generators.RandomTreeGenerator -t 0.95,1,144000.0,1.681005,5.4765861872583644E-8,136734.0,144000.0,65.30902777777777,34.22423270470604,28.69784901728493,17.879041935855067,144000.0,202824.0
semisupervised.SelfTrainingClassifier -l trees.HoeffdingTree -s DistanceMeasure,SemiSupervisedStream -s generators.RandomTreeGenerator -t 0.95,1,145000.0,1.688645,5.5167924010505297E-8,137689.0,145000.0,65.3096551724138,34.227676026503,28.710724358338418,17.896025463151886,145000.0,203424.0
semisupervised.SelfTrainingClassifier -l trees.HoeffdingTree -s DistanceMeasure,SemiSupervisedStream -s generators.RandomTreeGenerator -t 0.95,1,146000.0,1.698423,5.56825611057381E-8,138637.0,146000.0,65.30410958904109,34.22155232411991,28.684658810941688,17.882211811240612,146000.0,203448.0
semisupervised.SelfTrainingClassifier -l trees.HoeffdingTree -s DistanceMeasure,SemiSupervisedStream -s generators.RandomTreeGenerator -t 0.95,1,147000.0,1.707265,5.6147934515029205E-8,139600.0,147000.0,65.29931972789116,34.217508220361246,28.710186854499458,17.882095366882396,147000.0,203448.0
semisupervised.SelfTrainingClassifier -l trees.HoeffdingTree -s DistanceMeasure,SemiSupervisedStream -s generators.RandomTreeGenerator -t 0.95,1,148000.0,1.721998,5.6977150887250915E-8,140548.0,148000.0,65.29054054054055,34.20753239916394,28.687443603803708,17.863195932333472,148000.0,217560.0
semisupervised.SelfTrainingClassifier -l trees.HoeffdingTree -s DistanceMeasure,SemiSupervisedStream -s generators.RandomTreeGenerator -t 0.95,1,149000.0,1.731451,5.7513419222086683E-8,141500.0,149000.0,65.30201342281879,34.23077396419061,28.676866196697343,17.897411465777353,149000.0,219288.0
semisupervised.SelfTrainingClassifier -l trees.HoeffdingTree -s DistanceMeasure,SemiSupervisedStream -s generators.RandomTreeGenerator -t 0.95,1,150000.0,1.740743,5.804188095654052E-8,142446.0,150000.0,65.294,34.22307571369961,28.655026861089777,17.847843582824392,150000.0,219840.0
semisupervised.SelfTrainingClassifier -l trees.HoeffdingTree -s DistanceMeasure,SemiSupervisedStream -s generators.RandomTreeGenerator -t 0.95,1,151000.0,1.751229,5.864165596870914E-8,143392.0,151000.0,65.28013245033112,34.201670122305984,28.63676580684681,17.809271481649887,151000.0,221096.0
semisupervised.SelfTrainingClassifier -l trees.HoeffdingTree -s DistanceMeasure,SemiSupervisedStream -s generators.RandomTreeGenerator -t 0.95,1,152000.0,1.760929,5.91965338194536E-8,144340.0,152000.0,65.27894736842104,34.20390772925214,28.619346461804795,17.790550960325234,152000.0,221120.0
semisupervised.SelfTrainingClassifier -l trees.HoeffdingTree -s DistanceMeasure,SemiSupervisedStream -s generators.RandomTreeGenerator -t 0.95,1,153000.0,1.770786,5.976057628376617E-8,145289.0,153000.0,65.27385620915032,34.194980877743824,28.623821166608458,17.78950300179488,153000.0,221192.0
semisupervised.SelfTrainingClassifier -l trees.HoeffdingTree -s DistanceMeasure,SemiSupervisedStream -s generators.RandomTreeGenerator -t 0.95,1,154000.0,1.780408,6.031117145386008E-8,146239.0,154000.0,65.28636363636363,34.21729538788814,28.64426914400886,17.84512301947103,154000.0,221192.0
semisupervised.SelfTrainingClassifier -l trees.HoeffdingTree -s DistanceMeasure,SemiSupervisedStream -s generators.RandomTreeGenerator -t 0.95,1,155000.0,1.789748,6.084566853112645E-8,147186.0,155000.0,65.31225806451613,34.26478102944366,28.67433438134278,17.89820880480094,155000.0,221208.0
semisupervised.SelfTrainingClassifier -l trees.HoeffdingTree -s DistanceMeasure,SemiSupervisedStream -s generators.RandomTreeGenerator -t 0.95,1,156000.0,1.799013,6.137587360830772E-8,148139.0,156000.0,65.3198717948718,34.28298109594802,28.69062055148415,17.899417263566843,156000.0,221208.0
semisupervised.SelfTrainingClassifier -l trees.HoeffdingTree -s DistanceMeasure,SemiSupervisedStream -s generators.RandomTreeGenerator -t 0.95,1,157000.0,1.808433,6.19150462974277E-8,149090.0,157000.0,65.31656050955415,34.280220214924746,28.683500536972534,17.873733108108116,157000.0,221248.0
semisupervised.SelfTrainingClassifier -l trees.HoeffdingTree -s DistanceMeasure,SemiSupervisedStream -s generators.RandomTreeGenerator -t 0.95,1,158000.0,1.819055,6.252308382963142E-8,150054.0,158000.0,65.31518987341772,34.27924333353048,28.68501529051988,17.87378800821232,158000.0,221272.0
semisupervised.SelfTrainingClassifier -l trees.HoeffdingTree -s DistanceMeasure,SemiSupervisedStream -s generators.RandomTreeGenerator -t 0.95,1,159000.0,1.830195,6.316084251842566E-8,150999.0,159000.0,65.3245283018868,34.2959204128587,28.7250820901311,17.90526958412128,159000.0,221296.0
semisupervised.SelfTrainingClassifier -l trees.HoeffdingTree -s DistanceMeasure,SemiSupervisedStream -s generators.RandomTreeGenerator -t 0.95,1,160000.0,1.842609,6.387156267753906E-8,151947.0,160000.0,65.33312500000001,34.31620048044295,28.769744445871336,17.89721424553718,160000.0,221304.0
semisupervised.SelfTrainingClassifier -l trees.HoeffdingTree -s DistanceMeasure,SemiSupervisedStream -s generators.RandomTreeGenerator -t 0.95,1,161000.0,1.855168,6.459063628895416E-8,152895.0,161000.0,65.3416149068323,34.33286208988638,28.799285440857474,17.913411889315523,161000.0,221320.0
semisupervised.SelfTrainingClassifier -l trees.HoeffdingTree -s DistanceMeasure,SemiSupervisedStream -s generators.RandomTreeGenerator -t 0.95,1,162000.0,1.867161,6.527732802761926E-8,153842.0,162000.0,65.33827160493827,34.33167590879511,28.807972208839406,17.880019889438127,162000.0,221328.0
semisupervised.SelfTrainingClassifier -l trees.HoeffdingTree -s DistanceMeasure,SemiSupervisedStream -s generators.RandomTreeGenerator -t 0.95,1,163000.0,1.878457,6.59241345193651E-8,154797.0,163000.0,65.34785276073619,34.3507518002696,28.82955533434974,17.897842897842878,163000.0,221336.0
semisupervised.SelfTrainingClassifier -l trees.HoeffdingTree -s DistanceMeasure,SemiSupervisedStream -s generators.RandomTreeGenerator -t 0.95,1,164000.0,1.889914,6.658015983593134E-8,155755.0,164000.0,65.35121951219513,34.35256896859733,28.830329521686316,17.930646023195017,164000.0,221336.0
semisupervised.SelfTrainingClassifier -l trees.HoeffdingTree -s DistanceMeasure,SemiSupervisedStream -s generators.RandomTreeGenerator -t 0.95,1,165000.0,1.902557,6.730414758539863E-8,156704.0,165000.0,65.35818181818182,34.36565576055907,28.827931416617897,17.9575139945457,165000.0,221352.0
semisupervised.SelfTrainingClassifier -l trees.HoeffdingTree -s DistanceMeasure,SemiSupervisedStream -s generators.RandomTreeGenerator -t 0.95,1,166000.0,1.914401,6.798243048704334E-8,157670.0,166000.0,65.37831325301204,34.404483032996794,28.89240819558546,17.99671827067132,166000.0,221368.0
semisupervised.SelfTrainingClassifier -l trees.HoeffdingTree -s DistanceMeasure,SemiSupervisedStream -s generators.RandomTreeGenerator -t 0.95,1,167000.0,1.926007,6.864713163011605E-8,158630.0,167000.0,65.4,34.44250398124293,28.93442219707779,18.060637000482156,167000.0,221384.0
semisupervised.SelfTrainingClassifier -l trees.HoeffdingTree -s DistanceMeasure,SemiSupervisedStream -s generators.RandomTreeGenerator -t 0.95,1,168000.0,1.938786,6.937903951025672E-8,159583.0,168000.0,65.41190476190476,34.46804566513062,28.952902626302148,18.068891614849914,168000.0,221392.0
semisupervised.SelfTrainingClassifier -l trees.HoeffdingTree -s DistanceMeasure,SemiSupervisedStream -s generators.RandomTreeGenerator -t 0.95,1,169000.0,1.950986,7.007778558880091E-8,160526.0,169000.0,65.41834319526627,34.47697822797588,28.949000060786584,18.104620041197812,169000.0,221392.0
semisupervised.SelfTrainingClassifier -l trees.HoeffdingTree -s DistanceMeasure,SemiSupervisedStream -s generators.RandomTreeGenerator -t 0.95,1,170000.0,1.963028,7.076748233288527E-8,161487.0,170000.0,65.42999999999999,34.49580991645941,28.97491056753359,18.15700419179188,170000.0,221392.0
semisupervised.SelfTrainingClassifier -l trees.HoeffdingTree -s DistanceMeasure,SemiSupervisedStream -s generators.RandomTreeGenerator -t 0.95,1,171000.0,1.975711,7.149391813203694E-8,162448.0,171000.0,65.43333333333334,34.50843409929573,28.976869930910176,18.13498054097474,171000.0,221400.0
semisupervised.SelfTrainingClassifier -l trees.HoeffdingTree -s DistanceMeasure,SemiSupervisedStream -s generators.RandomTreeGenerator -t 0.95,1,172000.0,1.988957,7.225265533766813E-8,163396.0,172000.0,65.44127906976745,34.52686120894576,28.97648520766622,18.14112980967859,172000.0,221416.0
semisupervised.SelfTrainingClassifier -l trees.HoeffdingTree -s DistanceMeasure,SemiSupervisedStream -s generators.RandomTreeGenerator -t 0.95,1,173000.0,2.000401,7.290822049188946E-8,164340.0,173000.0,65.442774566474,34.53290425052318,28.9900345642646,18.128783106461075,173000.0,221432.0
Learner,stream,randomSeed,learning evaluation instances,evaluation time (cpu seconds),model cost (RAM-Hours),Unlabeled instances,classified instances,classifications correct (percent),Kappa Statistic (percent),Kappa Temporal Statistic (percent),Kappa M Statistic (percent),model training instances,model serialized size (bytes)
semisupervised.SelfTrainingClassifier -l trees.HoeffdingTree -s DistanceMeasure,SemiSupervisedStream -s generators.RandomTreeGenerator -t 0.95,1,1000.0,0.088567,1.661053453054693E-9,942.0,1000.0,48.5,9.010600706713788,-7.068607068607075,-37.7005347593583,1000.0,72688.0
semisupervised.SelfTrainingClassifier -l trees.HoeffdingTree -s DistanceMeasure,SemiSupervisedStream -s generators.RandomTreeGenerator -t 0.95,1,2000.0,0.11026,2.0689781175719366E-9,1885.0,2000.0,56.2,16.479237558409714,4.6789989118607345,-12.596401028277619,2000.0,72688.0
semisupervised.SelfTrainingClassifier -l trees.HoeffdingTree -s DistanceMeasure,SemiSupervisedStream -s generators.RandomTreeGenerator -t 0.95,1,3000.0,0.129803,2.436473241282834E-9,2829.0,3000.0,60.8,23.066221055519247,15.939957112223022,0.8431703204047132,3000.0,72688.0
semisupervised.SelfTrainingClassifier -l trees.HoeffdingTree -s DistanceMeasure,SemiSupervisedStream -s generators.RandomTreeGenerator -t 0.95,1,4000.0,0.166651,3.2766388232509295E-9,3776.0,4000.0,63.375,26.699459277171616,21.908315565031984,8.722741433021815,4000.0,88136.0
semisupervised.SelfTrainingClassifier -l trees.HoeffdingTree -s DistanceMeasure,SemiSupervisedStream -s generators.RandomTreeGenerator -t 0.95,1,5000.0,0.186208,3.738421282420555E-9,4726.0,5000.0,61.96,24.733373317244805,18.50899742930592,5.18444666001995,5000.0,91272.0
semisupervised.SelfTrainingClassifier -l trees.HoeffdingTree -s DistanceMeasure,SemiSupervisedStream -s generators.RandomTreeGenerator -t 0.95,1,6000.0,0.205014,4.182665635728173E-9,5671.0,6000.0,62.483333333333334,25.98859963591607,19.520915266356806,7.02189178025609,6000.0,91312.0
semisupervised.SelfTrainingClassifier -l trees.HoeffdingTree -s DistanceMeasure,SemiSupervisedStream -s generators.RandomTreeGenerator -t 0.95,1,7000.0,0.216646,4.4574423196415105E-9,6621.0,7000.0,62.97142857142857,27.10379320618923,21.383075523202898,9.14826498422712,7000.0,91312.0
semisupervised.SelfTrainingClassifier -l trees.HoeffdingTree -s DistanceMeasure,SemiSupervisedStream -s generators.RandomTreeGenerator -t 0.95,1,8000.0,0.226514,4.690569372226794E-9,7575.0,8000.0,63.3,27.80866345215235,22.2457627118644,9.911015648972088,8000.0,91320.0
semisupervised.SelfTrainingClassifier -l trees.HoeffdingTree -s DistanceMeasure,SemiSupervisedStream -s generators.RandomTreeGenerator -t 0.95,1,9000.0,0.240307,5.019049019449287E-9,8524.0,9000.0,63.62222222222223,28.39445078135492,22.94657566486233,11.321776814734577,9000.0,92056.0
semisupervised.SelfTrainingClassifier -l trees.HoeffdingTree -s DistanceMeasure,SemiSupervisedStream -s generators.RandomTreeGenerator -t 0.95,1,10000.0,0.261829,5.610522958967421E-9,9474.0,10000.0,64.05,29.13776328425473,24.220067453625628,12.210012210012195,10000.0,106232.0
semisupervised.SelfTrainingClassifier -l trees.HoeffdingTree -s DistanceMeasure,SemiSupervisedStream -s generators.RandomTreeGenerator -t 0.95,1,11000.0,0.272943,5.91938841674063E-9,10424.0,11000.0,64.03636363636363,29.185329913434128,24.243584833397172,12.728877123317883,11000.0,107424.0
semisupervised.SelfTrainingClassifier -l trees.HoeffdingTree -s DistanceMeasure,SemiSupervisedStream -s generators.RandomTreeGenerator -t 0.95,1,12000.0,0.284609,6.247191780971156E-9,11371.0,12000.0,64.4,29.923691131779144,25.183887915936953,14.044265593561375,12000.0,108616.0
semisupervised.SelfTrainingClassifier -l trees.HoeffdingTree -s DistanceMeasure,SemiSupervisedStream -s generators.RandomTreeGenerator -t 0.95,1,13000.0,0.294803,6.53380214340157E-9,12321.0,13000.0,64.6923076923077,30.490377745831026,25.81218684338128,14.269704893537549,13000.0,108680.0
semisupervised.SelfTrainingClassifier -l trees.HoeffdingTree -s DistanceMeasure,SemiSupervisedStream -s generators.RandomTreeGenerator -t 0.95,1,14000.0,0.305706,6.842061395032539E-9,13263.0,14000.0,64.82857142857142,30.74285740004973,26.49649201373339,15.030198446937003,14000.0,109288.0
semisupervised.SelfTrainingClassifier -l trees.HoeffdingTree -s DistanceMeasure,SemiSupervisedStream -s generators.RandomTreeGenerator -t 0.95,1,15000.0,0.314625,7.094227245284452E-9,14228.0,15000.0,65.16,31.35817195542363,27.315716272600817,16.155944168137317,15000.0,109288.0
semisupervised.SelfTrainingClassifier -l trees.HoeffdingTree -s DistanceMeasure,SemiSupervisedStream -s generators.RandomTreeGenerator -t 0.95,1,16000.0,0.327318,7.45325257587764E-9,15185.0,16000.0,65.41875,31.84538535026228,27.78647872618117,16.734386756960124,16000.0,109336.0
semisupervised.SelfTrainingClassifier -l trees.HoeffdingTree -s DistanceMeasure,SemiSupervisedStream -s generators.RandomTreeGenerator -t 0.95,1,17000.0,0.337514,7.741670610590114E-9,16131.0,17000.0,65.66470588235293,32.29554542911654,28.33640270104358,17.47490456666195,17000.0,109344.0
semisupervised.SelfTrainingClassifier -l trees.HoeffdingTree -s DistanceMeasure,SemiSupervisedStream -s generators.RandomTreeGenerator -t 0.95,1,18000.0,0.346227,7.9881384741101E-9,17081.0,18000.0,65.85,32.637425897576485,28.76347201297948,17.908653846153847,18000.0,109344.0
semisupervised.SelfTrainingClassifier -l trees.HoeffdingTree -s DistanceMeasure,SemiSupervisedStream -s generators.RandomTreeGenerator -t 0.95,1,19000.0,0.352307,8.160125689787997E-9,18037.0,19000.0,66.16315789473684,33.240876575584394,29.413702239789203,18.928121059268616,19000.0,109344.0
semisupervised.SelfTrainingClassifier -l trees.HoeffdingTree -s DistanceMeasure,SemiSupervisedStream -s generators.RandomTreeGenerator -t 0.95,1,20000.0,0.358773,8.34303183067176E-9,18989.0,20000.0,66.4,33.68890879800461,29.846539304729102,19.443778470390807,20000.0,109344.0
semisupervised.SelfTrainingClassifier -l trees.HoeffdingTree -s DistanceMeasure,SemiSupervisedStream -s generators.RandomTreeGenerator -t 0.95,1,21000.0,0.365827,8.54257094570332E-9,19925.0,21000.0,66.60000000000001,34.069427801108674,30.30604133545311,19.949783154530927,21000.0,109344.0
semisupervised.SelfTrainingClassifier -l trees.HoeffdingTree -s DistanceMeasure,SemiSupervisedStream -s generators.RandomTreeGenerator -t 0.95,1,22000.0,0.373084,8.74791247356269E-9,20878.0,22000.0,66.72727272727272,34.28302737982749,30.44469783352336,19.99999999999999,22000.0,109376.0
semisupervised.SelfTrainingClassifier -l trees.HoeffdingTree -s DistanceMeasure,SemiSupervisedStream -s generators.RandomTreeGenerator -t 0.95,1,23000.0,0.379561,8.931196799708737E-9,21820.0,23000.0,66.8608695652174,34.54100119117858,30.80344984112575,20.221896587816637,23000.0,109384.0
semisupervised.SelfTrainingClassifier -l trees.HoeffdingTree -s DistanceMeasure,SemiSupervisedStream -s generators.RandomTreeGenerator -t 0.95,1,24000.0,0.386033,9.114339637259641E-9,22772.0,24000.0,67.02083333333333,34.82729466384716,31.233709817549954,20.468247588424422,24000.0,109384.0
semisupervised.SelfTrainingClassifier -l trees.HoeffdingTree -s DistanceMeasure,SemiSupervisedStream -s generators.RandomTreeGenerator -t 0.95,1,25000.0,0.392963,9.31044283012549E-9,23720.0,25000.0,67.288,35.329889996601544,31.741924714130715,21.221462286870263,25000.0,109384.0
semisupervised.SelfTrainingClassifier -l trees.HoeffdingTree -s DistanceMeasure,SemiSupervisedStream -s generators.RandomTreeGenerator -t 0.95,1,26000.0,0.399199,9.486907405985727E-9,24669.0,26000.0,67.48846153846154,35.706757896149654,32.186121139189744,21.83280932125024,26000.0,109384.0
semisupervised.SelfTrainingClassifier -l trees.HoeffdingTree -s DistanceMeasure,SemiSupervisedStream -s generators.RandomTreeGenerator -t 0.95,1,27000.0,0.405936,9.67754913907912E-9,25608.0,27000.0,67.6962962962963,36.11660440928733,32.75250578257518,22.46421904169261,27000.0,109384.0
semisupervised.SelfTrainingClassifier -l trees.HoeffdingTree -s DistanceMeasure,SemiSupervisedStream -s generators.RandomTreeGenerator -t 0.95,1,28000.0,0.414296,9.914135372059212E-9,26554.0,28000.0,67.71071428571429,36.1429616284351,32.93524219271568,22.381524725274744,28000.0,109392.0
semisupervised.SelfTrainingClassifier -l trees.HoeffdingTree -s DistanceMeasure,SemiSupervisedStream -s generators.RandomTreeGenerator -t 0.95,1,29000.0,0.421392,1.0114950672205951E-8,27509.0,29000.0,67.85172413793103,36.41467964627797,33.23546261816098,22.73970332311263,29000.0,109392.0
semisupervised.SelfTrainingClassifier -l trees.HoeffdingTree -s DistanceMeasure,SemiSupervisedStream -s generators.RandomTreeGenerator -t 0.95,1,30000.0,0.427566,1.0289673567232158E-8,28460.0,30000.0,67.93666666666667,36.5852877709405,33.556676106928236,22.974055092889177,30000.0,109392.0
semisupervised.SelfTrainingClassifier -l trees.HoeffdingTree -s DistanceMeasure,SemiSupervisedStream -s generators.RandomTreeGenerator -t 0.95,1,31000.0,0.433504,1.0457717712140746E-8,29417.0,31000.0,67.95161290322581,36.62117376355593,33.51401994244797,23.05607187112765,31000.0,109392.0
semisupervised.SelfTrainingClassifier -l trees.HoeffdingTree -s DistanceMeasure,SemiSupervisedStream -s generators.RandomTreeGenerator -t 0.95,1,32000.0,0.439772,1.0635100787298547E-8,30365.0,32000.0,68.071875,36.857924853808015,33.80628441852932,23.439490445859875,32000.0,109392.0
semisupervised.SelfTrainingClassifier -l trees.HoeffdingTree -s DistanceMeasure,SemiSupervisedStream -s generators.RandomTreeGenerator -t 0.95,1,33000.0,0.44584,1.0806823904729551E-8,31310.0,33000.0,68.11818181818182,36.945657247988585,33.94650929181317,23.672373766686018,33000.0,109392.0
semisupervised.SelfTrainingClassifier -l trees.HoeffdingTree -s DistanceMeasure,SemiSupervisedStream -s generators.RandomTreeGenerator -t 0.95,1,34000.0,0.451613,1.0970198584513532E-8,32265.0,34000.0,68.22941176470589,37.17127625562376,34.17428397318709,23.854504440998163,34000.0,109392.0
semisupervised.SelfTrainingClassifier -l trees.HoeffdingTree -s DistanceMeasure,SemiSupervisedStream -s generators.RandomTreeGenerator -t 0.95,1,35000.0,0.457773,1.1144525282498862E-8,33225.0,35000.0,68.30857142857143,37.330513965172244,34.40179785912828,24.05860605230728,35000.0,109392.0
semisupervised.SelfTrainingClassifier -l trees.HoeffdingTree -s DistanceMeasure,SemiSupervisedStream -s generators.RandomTreeGenerator -t 0.95,1,36000.0,0.463807,1.1315286207116312E-8,34184.0,36000.0,68.37222222222222,37.46575324095707,34.48037748877893,24.29521276595745,36000.0,109392.0
semisupervised.SelfTrainingClassifier -l trees.HoeffdingTree -s DistanceMeasure,SemiSupervisedStream -s generators.RandomTreeGenerator -t 0.95,1,37000.0,0.469623,1.1479877777811553E-8,35138.0,37000.0,68.45675675675676,37.631712994086044,34.68942361499719,24.532816036210793,37000.0,109392.0
semisupervised.SelfTrainingClassifier -l trees.HoeffdingTree -s DistanceMeasure,SemiSupervisedStream -s generators.RandomTreeGenerator -t 0.95,1,38000.0,0.475442,1.1644554247872697E-8,36089.0,38000.0,68.50526315789473,37.73425589293644,34.807713258524885,24.587271581600508,38000.0,109392.0
semisupervised.SelfTrainingClassifier -l trees.HoeffdingTree -s DistanceMeasure,SemiSupervisedStream -s generators.RandomTreeGenerator -t 0.95,1,39000.0,0.482087,1.1832620095875527E-8,37037.0,39000.0,68.5923076923077,37.90463357147457,35.042689717346356,24.77430448934472,39000.0,109400.0
semisupervised.SelfTrainingClassifier -l trees.HoeffdingTree -s DistanceMeasure,SemiSupervisedStream -s generators.RandomTreeGenerator -t 0.95,1,40000.0,0.488335,1.2009450106157196E-8,37978.0,40000.0,68.66,38.03871757197577,35.21781820060978,25.02392344497608,40000.0,109400.0
semisupervised.SelfTrainingClassifier -l trees.HoeffdingTree -s DistanceMeasure,SemiSupervisedStream -s generators.RandomTreeGenerator -t 0.95,1,41000.0,0.49436,1.2179968802051412E-8,38927.0,41000.0,68.70243902439024,38.1149488194893,35.3225806451613,25.077363227652267,41000.0,109400.0
semisupervised.SelfTrainingClassifier -l trees.HoeffdingTree -s DistanceMeasure,SemiSupervisedStream -s generators.RandomTreeGenerator -t 0.95,1,42000.0,0.500591,1.2356317680743006E-8,39872.0,42000.0,68.75714285714287,38.225372471219856,35.4327609112828,25.192406362237048,42000.0,109400.0
semisupervised.SelfTrainingClassifier -l trees.HoeffdingTree -s DistanceMeasure,SemiSupervisedStream -s generators.RandomTreeGenerator -t 0.95,1,43000.0,0.506545,1.2524826944702201E-8,40817.0,43000.0,68.7720930232558,38.249745985127674,35.43609962496394,25.229689849100723,43000.0,109400.0
semisupervised.SelfTrainingClassifier -l trees.HoeffdingTree -s DistanceMeasure,SemiSupervisedStream -s generators.RandomTreeGenerator -t 0.95,1,44000.0,0.512571,1.2695373942454655E-8,41768.0,44000.0,68.76590909090909,38.23783375451732,35.409127226582704,25.19187850416419,44000.0,109400.0
semisupervised.SelfTrainingClassifier -l trees.HoeffdingTree -s DistanceMeasure,SemiSupervisedStream -s generators.RandomTreeGenerator -t 0.95,1,45000.0,0.521745,1.2955015189945696E-8,42706.0,45000.0,68.84444444444443,38.38832350429011,35.56689186083919,25.362010221465077,45000.0,109400.0
semisupervised.SelfTrainingClassifier -l trees.HoeffdingTree -s DistanceMeasure,SemiSupervisedStream -s generators.RandomTreeGenerator -t 0.95,1,46000.0,0.5292,1.3166005543122688E-8,43649.0,46000.0,68.88043478260869,38.45077471508584,35.59055118110235,25.43494113970204,46000.0,109400.0
semisupervised.SelfTrainingClassifier -l trees.HoeffdingTree -s DistanceMeasure,SemiSupervisedStream -s generators.RandomTreeGenerator -t 0.95,1,47000.0,0.536143,1.336250534488095E-8,44588.0,47000.0,68.96170212765958,38.600348724543665,35.65915405989504,25.57522575378806,47000.0,109400.0
semisupervised.SelfTrainingClassifier -l trees.HoeffdingTree -s DistanceMeasure,SemiSupervisedStream -s generators.RandomTreeGenerator -t 0.95,1,48000.0,0.542075,1.3530391967958873E-8,45537.0,48000.0,69.00416666666666,38.680730527928795,35.73218142548596,25.77329874276591,48000.0,109400.0
semisupervised.SelfTrainingClassifier -l trees.HoeffdingTree -s DistanceMeasure,SemiSupervisedStream -s generators.RandomTreeGenerator -t 0.95,1,49000.0,0.548144,1.3702155945615635E-8,46490.0,49000.0,69.0469387755102,38.763954445997626,35.898736317146366,25.85911912792686,49000.0,109400.0
semisupervised.SelfTrainingClassifier -l trees.HoeffdingTree -s DistanceMeasure,SemiSupervisedStream -s generators.RandomTreeGenerator -t 0.95,1,50000.0,0.554291,1.3876127468215094E-8,47434.0,50000.0,69.092,38.857132201424896,36.02947263846345,26.04326186830014,50000.0,109400.0
semisupervised.SelfTrainingClassifier -l trees.HoeffdingTree -s DistanceMeasure,SemiSupervisedStream -s generators.RandomTreeGenerator -t 0.95,1,51000.0,0.560324,1.4046885064906543E-8,48377.0,51000.0,69.13921568627451,38.951309522623426,36.1501014198783,26.277577404093865,51000.0,109408.0
semisupervised.SelfTrainingClassifier -l trees.HoeffdingTree -s DistanceMeasure,SemiSupervisedStream -s generators.RandomTreeGenerator -t 0.95,1,52000.0,0.566372,1.4218067220515674E-8,49326.0,52000.0,69.14423076923077,38.97348417855724,36.13930348258707,26.311196840268224,52000.0,109408.0
semisupervised.SelfTrainingClassifier -l trees.HoeffdingTree -s DistanceMeasure,SemiSupervisedStream -s generators.RandomTreeGenerator -t 0.95,1,53000.0,0.57227,1.438500378694799E-8,50278.0,53000.0,69.18301886792453,39.05023407426789,36.273897776043704,26.484223792591262,53000.0,109408.0
semisupervised.SelfTrainingClassifier -l trees.HoeffdingTree -s DistanceMeasure,SemiSupervisedStream -s generators.RandomTreeGenerator -t 0.95,1,54000.0,0.578087,1.4549647735224828E-8,51231.0,54000.0,69.2462962962963,39.183209379687426,36.337499041631524,26.65400582987368,54000.0,109408.0
semisupervised.SelfTrainingClassifier -l trees.HoeffdingTree -s DistanceMeasure,SemiSupervisedStream -s generators.RandomTreeGenerator -t 0.95,1,55000.0,0.583782,1.4710838604304524E-8,52190.0,55000.0,69.29272727272728,39.272136081272826,36.39034311325374,26.83043063859285,55000.0,109408.0
semisupervised.SelfTrainingClassifier -l trees.HoeffdingTree -s DistanceMeasure,SemiSupervisedStream -s generators.RandomTreeGenerator -t 0.95,1,56000.0,0.589682,1.4877831778592531E-8,53137.0,56000.0,69.32321428571429,39.326956465427536,36.489334171318724,26.900982936896302,56000.0,109408.0
semisupervised.SelfTrainingClassifier -l trees.HoeffdingTree -s DistanceMeasure,SemiSupervisedStream -s generators.RandomTreeGenerator -t 0.95,1,57000.0,0.595399,1.5039645334084826E-8,54093.0,57000.0,69.36842105263158,39.4162097466166,36.63121983087141,27.061575737321412,57000.0,109408.0
semisupervised.SelfTrainingClassifier -l trees.HoeffdingTree -s DistanceMeasure,SemiSupervisedStream -s generators.RandomTreeGenerator -t 0.95,1,58000.0,0.60764,1.541955465243922E-8,55054.0,58000.0,69.38103448275862,39.439985117088625,36.70385287094129,27.115652959041288,58000.0,119968.0
semisupervised.SelfTrainingClassifier -l trees.HoeffdingTree -s DistanceMeasure,SemiSupervisedStream -s generators.RandomTreeGenerator -t 0.95,1,59000.0,0.614528,1.5634369941221338E-8,56004.0,59000.0,69.44576271186442,39.56197339442826,36.81830926678817,27.240071036486935,59000.0,120552.0
semisupervised.SelfTrainingClassifier -l trees.HoeffdingTree -s DistanceMeasure,SemiSupervisedStream -s generators.RandomTreeGenerator -t 0.95,1,60000.0,0.622207,1.58811328249673E-8,56945.0,60000.0,69.46333333333334,39.597918023772586,36.853351714630364,27.299420680898344,60000.0,124216.0
semisupervised.SelfTrainingClassifier -l trees.HoeffdingTree -s DistanceMeasure,SemiSupervisedStream -s generators.RandomTreeGenerator -t 0.95,1,61000.0,0.628623,1.60873094966842E-8,57893.0,61000.0,69.50491803278689,39.67699520517164,36.91029336950993,27.401163017601384,61000.0,124216.0
semisupervised.SelfTrainingClassifier -l trees.HoeffdingTree -s DistanceMeasure,SemiSupervisedStream -s generators.RandomTreeGenerator -t 0.95,1,62000.0,0.634584,1.6278877185864575E-8,58855.0,62000.0,69.50967741935484,39.6917358800178,36.953041622198505,27.451356641209674,62000.0,124224.0
semisupervised.SelfTrainingClassifier -l trees.HoeffdingTree -s DistanceMeasure,SemiSupervisedStream -s generators.RandomTreeGenerator -t 0.95,1,63000.0,0.640781,1.647802916872832E-8,59814.0,63000.0,69.56190476190476,39.793937974047275,37.0762920426579,27.561196736174065,63000.0,124224.0
semisupervised.SelfTrainingClassifier -l trees.HoeffdingTree -s DistanceMeasure,SemiSupervisedStream -s generators.RandomTreeGenerator -t 0.95,1,64000.0,0.646623,1.666577257422937E-8,60764.0,64000.0,69.628125,39.92642232601846,37.27654081961923,27.755890879357754,64000.0,124224.0
semisupervised.SelfTrainingClassifier -l trees.HoeffdingTree -s DistanceMeasure,SemiSupervisedStream -s generators.RandomTreeGenerator -t 0.95,1,65000.0,0.652368,1.68503987064792E-8,61723.0,65000.0,69.62153846153846,39.912693844985725,37.26648875333587,27.694166758211576,65000.0,124224.0
semisupervised.SelfTrainingClassifier -l trees.HoeffdingTree -s DistanceMeasure,SemiSupervisedStream -s generators.RandomTreeGenerator -t 0.95,1,66000.0,0.6583,1.704184470284316E-8,62667.0,66000.0,69.64848484848486,39.95850321453879,37.34713664654553,27.807409543030136,66000.0,124752.0
semisupervised.SelfTrainingClassifier -l trees.HoeffdingTree -s DistanceMeasure,SemiSupervisedStream -s generators.RandomTreeGenerator -t 0.95,1,67000.0,0.665385,1.7270501965863834E-8,63612.0,67000.0,69.71791044776118,40.095303465939466,37.49537892791126,28.03277525539159,67000.0,124752.0
semisupervised.SelfTrainingClassifier -l trees.HoeffdingTree -s DistanceMeasure,SemiSupervisedStream -s generators.RandomTreeGenerator -t 0.95,1,68000.0,0.671767,1.7476550255798627E-8,64559.0,68000.0,69.79411764705883,40.2517941647616,37.68203883495147,28.26709506181464,68000.0,124800.0
semisupervised.SelfTrainingClassifier -l trees.HoeffdingTree -s DistanceMeasure,SemiSupervisedStream -s generators.RandomTreeGenerator -t 0.95,1,69000.0,0.678222,1.7684968772033847E-8,65512.0,69000.0,69.83188405797101,40.32887790888277,37.78654472638156,28.378750344068276,69000.0,124808.0
semisupervised.SelfTrainingClassifier -l trees.HoeffdingTree -s DistanceMeasure,SemiSupervisedStream -s generators.RandomTreeGenerator -t 0.95,1,70000.0,0.684845,1.7898811658637388E-8,66448.0,70000.0,69.85428571428571,40.382223347538435,37.86036102358727,28.477494577006496,70000.0,124808.0
semisupervised.SelfTrainingClassifier -l trees.HoeffdingTree -s DistanceMeasure,SemiSupervisedStream -s generators.RandomTreeGenerator -t 0.95,1,71000.0,0.691192,1.810464944897426E-8,67401.0,71000.0,69.87605633802816,40.42913525841269,37.9374383378794,28.597182346264283,71000.0,125360.0
semisupervised.SelfTrainingClassifier -l trees.HoeffdingTree -s DistanceMeasure,SemiSupervisedStream -s generators.RandomTreeGenerator -t 0.95,1,72000.0,0.697782,1.8318367904673017E-8,68340.0,72000.0,69.8875,40.45924892697027,37.98340961098398,28.565780369674815,72000.0,125360.0
semisupervised.SelfTrainingClassifier -l trees.HoeffdingTree -s DistanceMeasure,SemiSupervisedStream -s generators.RandomTreeGenerator -t 0.95,1,73000.0,0.704482,1.8535653739753693E-8,69278.0,73000.0,69.94109589041095,40.561229397709376,38.085832792528414,28.66384915474641,73000.0,125360.0
semisupervised.SelfTrainingClassifier -l trees.HoeffdingTree -s DistanceMeasure,SemiSupervisedStream -s generators.RandomTreeGenerator -t 0.95,1,74000.0,0.711024,1.8747815520813065E-8,70229.0,74000.0,70.00135135135135,40.6814536741568,38.23832178727429,28.803720333547144,74000.0,125360.0
semisupervised.SelfTrainingClassifier -l trees.HoeffdingTree -s DistanceMeasure,SemiSupervisedStream -s generators.RandomTreeGenerator -t 0.95,1,75000.0,0.717753,1.89660418468217E-8,71183.0,75000.0,70.048,40.77953767344298,38.31113552107649,28.91364197335527,75000.0,125360.0
semisupervised.SelfTrainingClassifier -l trees.HoeffdingTree -s DistanceMeasure,SemiSupervisedStream -s generators.RandomTreeGenerator -t 0.95,1,76000.0,0.724196,1.9174992986437344E-8,72139.0,76000.0,70.08684210526316,40.86641985094351,38.46362061498484,29.069295809803126,76000.0,125360.0
semisupervised.SelfTrainingClassifier -l trees.HoeffdingTree -s DistanceMeasure,SemiSupervisedStream -s generators.RandomTreeGenerator -t 0.95,1,77000.0,0.731663,1.941715318502651E-8,73088.0,77000.0,70.11688311688312,40.93259451130762,38.528531737550765,29.099648733592172,77000.0,125360.0
semisupervised.SelfTrainingClassifier -l trees.HoeffdingTree -s DistanceMeasure,SemiSupervisedStream -s generators.RandomTreeGenerator -t 0.95,1,78000.0,0.744139,1.9855712695668137E-8,74040.0,78000.0,70.15384615384616,41.01121620084716,38.537898988832275,29.20353982300885,78000.0,135880.0
semisupervised.SelfTrainingClassifier -l trees.HoeffdingTree -s DistanceMeasure,SemiSupervisedStream -s generators.RandomTreeGenerator -t 0.95,1,79000.0,0.755651,2.0306296789397793E-8,74991.0,79000.0,70.08481012658227,40.913583692492786,38.40439949958297,29.00871132472213,79000.0,151296.0
semisupervised.SelfTrainingClassifier -l trees.HoeffdingTree -s DistanceMeasure,SemiSupervisedStream -s generators.RandomTreeGenerator -t 0.95,1,80000.0,0.764204,2.066150953372319E-8,75955.0,80000.0,69.99625,40.770273378241825,38.21462585909548,28.808280934867724,80000.0,160536.0
semisupervised.SelfTrainingClassifier -l trees.HoeffdingTree -s DistanceMeasure,SemiSupervisedStream -s generators.RandomTreeGenerator -t 0.95,1,81000.0,0.77264,2.1021849835912383E-8,76907.0,81000.0,69.98395061728395,40.76810558485916,38.16947255989014,28.796930826451128,81000.0,165112.0
semisupervised.SelfTrainingClassifier -l trees.HoeffdingTree -s DistanceMeasure,SemiSupervisedStream -s generators.RandomTreeGenerator -t 0.95,1,82000.0,0.781181,2.1403786024699605E-8,77860.0,82000.0,70.00975609756097,40.83358310121805,38.28548484240111,28.89402920341187,82000.0,172856.0
semisupervised.SelfTrainingClassifier -l trees.HoeffdingTree -s DistanceMeasure,SemiSupervisedStream -s generators.RandomTreeGenerator -t 0.95,1,83000.0,0.788352,2.1724696051743294E-8,78813.0,83000.0,70.0144578313253,40.85735133871693,38.31052944675788,28.905647441940204,83000.0,172984.0
semisupervised.SelfTrainingClassifier -l trees.HoeffdingTree -s DistanceMeasure,SemiSupervisedStream -s generators.RandomTreeGenerator -t 0.95,1,84000.0,0.796105,2.207526148193412E-8,79750.0,84000.0,70.04047619047618,40.91827466900321,38.36847647735899,28.96378468399806,84000.0,174784.0
semisupervised.SelfTrainingClassifier -l trees.HoeffdingTree -s DistanceMeasure,SemiSupervisedStream -s generators.RandomTreeGenerator -t 0.95,1,85000.0,0.809239,2.2717576904429325E-8,80697.0,85000.0,70.05176470588236,40.947608907808124,38.37662494855843,28.99302649930266,85000.0,189040.0
semisupervised.SelfTrainingClassifier -l trees.HoeffdingTree -s DistanceMeasure,SemiSupervisedStream -s generators.RandomTreeGenerator -t 0.95,1,86000.0,0.817697,2.3135099609692886E-8,81639.0,86000.0,70.06627906976745,40.98791749829291,38.33864284174472,28.961311330647398,86000.0,190816.0
semisupervised.SelfTrainingClassifier -l trees.HoeffdingTree -s DistanceMeasure,SemiSupervisedStream -s generators.RandomTreeGenerator -t 0.95,1,87000.0,0.825881,2.3541704912980393E-8,82592.0,87000.0,70.09770114942529,41.06420662120544,38.3866612983445,29.02160864345738,87000.0,192048.0
semisupervised.SelfTrainingClassifier -l trees.HoeffdingTree -s DistanceMeasure,SemiSupervisedStream -s generators.RandomTreeGenerator -t 0.95,1,88000.0,0.834596,2.397481812164187E-8,83549.0,88000.0,70.11818181818181,41.11689678668781,38.41541956486098,29.060105751591646,88000.0,192104.0
semisupervised.SelfTrainingClassifier -l trees.HoeffdingTree -s DistanceMeasure,SemiSupervisedStream -s generators.RandomTreeGenerator -t 0.95,1,89000.0,0.842313,2.436068104166123E-8,84496.0,89000.0,70.14606741573034,41.18004741940891,38.483978514539736,29.146666666666675,89000.0,193280.0
semisupervised.SelfTrainingClassifier -l trees.HoeffdingTree -s DistanceMeasure,SemiSupervisedStream -s generators.RandomTreeGenerator -t 0.95,1,90000.0,0.850662,2.477831781117452E-8,85446.0,90000.0,70.17777777777778,41.24674183254712,38.56014650337643,29.219409282700408,90000.0,193360.0
semisupervised.SelfTrainingClassifier -l trees.HoeffdingTree -s DistanceMeasure,SemiSupervisedStream -s generators.RandomTreeGenerator -t 0.95,1,91000.0,0.858643,2.517771152365538E-8,86392.0,91000.0,70.21318681318681,41.32014526487857,38.63672379055078,29.29914708260517,91000.0,193440.0
semisupervised.SelfTrainingClassifier -l trees.HoeffdingTree -s DistanceMeasure,SemiSupervisedStream -s generators.RandomTreeGenerator -t 0.95,1,92000.0,0.866953,2.559370699235134E-8,87339.0,92000.0,70.23695652173913,41.37520182486877,38.724908810168515,29.34953685785795,92000.0,193504.0
semisupervised.SelfTrainingClassifier -l trees.HoeffdingTree -s DistanceMeasure,SemiSupervisedStream -s generators.RandomTreeGenerator -t 0.95,1,93000.0,0.874669,2.597998301395111E-8,88298.0,93000.0,70.28924731182795,41.483753260694066,38.81803285948362,29.507360257162528,93000.0,193512.0
semisupervised.SelfTrainingClassifier -l trees.HoeffdingTree -s DistanceMeasure,SemiSupervisedStream -s generators.RandomTreeGenerator -t 0.95,1,94000.0,0.882645,2.6379291582852593E-8,89266.0,94000.0,70.32340425531915,41.55468905458114,38.92768789543971,29.587561209551204,94000.0,193520.0
semisupervised.SelfTrainingClassifier -l trees.HoeffdingTree -s DistanceMeasure,SemiSupervisedStream -s generators.RandomTreeGenerator -t 0.95,1,95000.0,0.891241,2.6810831636604327E-8,90208.0,95000.0,70.34947368421052,41.61144487249007,38.94043180438742,29.61343361903096,95000.0,194056.0
semisupervised.SelfTrainingClassifier -l trees.HoeffdingTree -s DistanceMeasure,SemiSupervisedStream -s generators.RandomTreeGenerator -t 0.95,1,96000.0,0.900337,2.726756702901588E-8,91166.0,96000.0,70.38229166666666,41.68219600794996,39.00461224927598,29.67177026391945,96000.0,194096.0
semisupervised.SelfTrainingClassifier -l trees.HoeffdingTree -s DistanceMeasure,SemiSupervisedStream -s generators.RandomTreeGenerator -t 0.95,1,97000.0,0.90892,2.7698578795211177E-8,92114.0,97000.0,70.42886597938144,41.77831032182109,39.07391673746813,29.807904074391285,97000.0,194112.0
semisupervised.SelfTrainingClassifier -l trees.HoeffdingTree -s DistanceMeasure,SemiSupervisedStream -s generators.RandomTreeGenerator -t 0.95,1,98000.0,0.91679,2.809388362906045E-8,93057.0,98000.0,70.45102040816327,41.8283934861077,39.13317639145789,29.899053475029657,98000.0,194160.0
semisupervised.SelfTrainingClassifier -l trees.HoeffdingTree -s DistanceMeasure,SemiSupervisedStream -s generators.RandomTreeGenerator -t 0.95,1,99000.0,0.924554,2.8483864153838814E-8,94011.0,99000.0,70.4969696969697,41.92239602328717,39.252511387034396,30.00215687684234,99000.0,194160.0
semisupervised.SelfTrainingClassifier -l trees.HoeffdingTree -s DistanceMeasure,SemiSupervisedStream -s generators.RandomTreeGenerator -t 0.95,1,100000.0,0.932157,2.8865757756349107E-8,94959.0,100000.0,70.552,42.03148668304765,39.33750823994727,30.188231947276094,100000.0,194160.0
semisupervised.SelfTrainingClassifier -l trees.HoeffdingTree -s DistanceMeasure,SemiSupervisedStream -s generators.RandomTreeGenerator -t 0.95,1,101000.0,0.939776,2.9248470796479112E-8,95917.0,101000.0,70.6,42.12686776486274,39.43954968184042,30.303954934866795,101000.0,194168.0
semisupervised.SelfTrainingClassifier -l trees.HoeffdingTree -s DistanceMeasure,SemiSupervisedStream -s generators.RandomTreeGenerator -t 0.95,1,102000.0,0.947412,2.963208518094486E-8,96867.0,102000.0,70.62549019607843,42.18083612161275,39.507369271148804,30.379217399386572,102000.0,194192.0
semisupervised.SelfTrainingClassifier -l trees.HoeffdingTree -s DistanceMeasure,SemiSupervisedStream -s generators.RandomTreeGenerator -t 0.95,1,103000.0,0.955155,3.002107498960362E-8,97825.0,103000.0,70.66504854368932,42.26360656864692,39.64122335643941,30.525855924214223,103000.0,194192.0
semisupervised.SelfTrainingClassifier -l trees.HoeffdingTree -s DistanceMeasure,SemiSupervisedStream -s generators.RandomTreeGenerator -t 0.95,1,104000.0,0.963145,3.042255616850323E-8,98771.0,104000.0,70.7076923076923,42.350402897782544,39.707483127832646,30.577457727542033,104000.0,194232.0
semisupervised.SelfTrainingClassifier -l trees.HoeffdingTree -s DistanceMeasure,SemiSupervisedStream -s generators.RandomTreeGenerator -t 0.95,1,105000.0,0.970602,3.079725518615709E-8,99733.0,105000.0,70.74952380952381,42.43739199758477,39.77370774178367,30.679817631923434,105000.0,194232.0
semisupervised.SelfTrainingClassifier -l trees.HoeffdingTree -s DistanceMeasure,SemiSupervisedStream -s generators.RandomTreeGenerator -t 0.95,1,106000.0,0.978594,3.119883686097131E-8,100683.0,106000.0,70.79811320754717,42.53497594813417,39.88230495834062,30.77181133003825,106000.0,194232.0
semisupervised.SelfTrainingClassifier -l trees.HoeffdingTree -s DistanceMeasure,SemiSupervisedStream -s generators.RandomTreeGenerator -t 0.95,1,107000.0,0.986819,3.1612126309838557E-8,101627.0,107000.0,70.80747663551402,42.560985469624114,39.92614816524348,30.805015285100357,107000.0,194232.0
semisupervised.SelfTrainingClassifier -l trees.HoeffdingTree -s DistanceMeasure,SemiSupervisedStream -s generators.RandomTreeGenerator -t 0.95,1,108000.0,0.99445,3.199560005838672E-8,102582.0,108000.0,70.86481481481482,42.66992960495571,40.01334477170908,30.927450334760177,108000.0,194248.0
semisupervised.SelfTrainingClassifier -l trees.HoeffdingTree -s DistanceMeasure,SemiSupervisedStream -s generators.RandomTreeGenerator -t 0.95,1,109000.0,1.002296,3.238991048393977E-8,103525.0,109000.0,70.91559633027524,42.76975746282451,40.13633702815493,31.057129808842397,109000.0,194264.0
semisupervised.SelfTrainingClassifier -l trees.HoeffdingTree -s DistanceMeasure,SemiSupervisedStream -s generators.RandomTreeGenerator -t 0.95,1,110000.0,1.009869,3.2770500957138E-8,104484.0,110000.0,70.95636363636363,42.855246930530654,40.19692261615065,31.17028610823854,110000.0,194264.0
semisupervised.SelfTrainingClassifier -l trees.HoeffdingTree -s DistanceMeasure,SemiSupervisedStream -s generators.RandomTreeGenerator -t 0.95,1,111000.0,1.019245,3.324170342336098E-8,105432.0,111000.0,71.01441441441442,42.969295173426296,40.288036821201885,31.288841430859588,111000.0,194264.0
semisupervised.SelfTrainingClassifier -l trees.HoeffdingTree -s DistanceMeasure,SemiSupervisedStream -s generators.RandomTreeGenerator -t 0.95,1,112000.0,1.028916,3.372773147912489E-8,106385.0,112000.0,71.05267857142857,43.04406344356575,40.370785896893565,31.4000973318381,112000.0,194264.0
semisupervised.SelfTrainingClassifier -l trees.HoeffdingTree -s DistanceMeasure,SemiSupervisedStream -s generators.RandomTreeGenerator -t 0.95,1,113000.0,1.037908,3.417963555082679E-8,107338.0,113000.0,71.1,43.1383797706424,40.46668489654543,31.515151515151512,113000.0,194264.0
semisupervised.SelfTrainingClassifier -l trees.HoeffdingTree -s DistanceMeasure,SemiSupervisedStream -s generators.RandomTreeGenerator -t 0.95,1,114000.0,1.047155,3.464435496264034E-8,108292.0,114000.0,71.12543859649124,43.1910210331158,40.52935862691961,31.55695097101511,114000.0,194264.0
semisupervised.SelfTrainingClassifier -l trees.HoeffdingTree -s DistanceMeasure,SemiSupervisedStream -s generators.RandomTreeGenerator -t 0.95,1,115000.0,1.057425,3.516050775845846E-8,109226.0,115000.0,71.13391304347826,43.21157134519849,40.49829718587559,31.548993731441772,115000.0,194272.0
semisupervised.SelfTrainingClassifier -l trees.HoeffdingTree -s DistanceMeasure,SemiSupervisedStream -s generators.RandomTreeGenerator -t 0.95,1,116000.0,1.067533,3.5668518708811866E-8,110182.0,116000.0,71.16034482758621,43.26641575378245,40.56531703590528,31.595305279515806,116000.0,194272.0
semisupervised.SelfTrainingClassifier -l trees.HoeffdingTree -s DistanceMeasure,SemiSupervisedStream -s generators.RandomTreeGenerator -t 0.95,1,117000.0,1.075772,3.608259688648913E-8,111138.0,117000.0,71.19572649572649,43.339621319758656,40.65471578502501,31.690854548402786,117000.0,194272.0
semisupervised.SelfTrainingClassifier -l trees.HoeffdingTree -s DistanceMeasure,SemiSupervisedStream -s generators.RandomTreeGenerator -t 0.95,1,118000.0,1.083844,3.648828192717499E-8,112090.0,118000.0,71.20847457627119,43.36843197274457,40.69716699540925,31.72976448838517,118000.0,194272.0
semisupervised.SelfTrainingClassifier -l trees.HoeffdingTree -s DistanceMeasure,SemiSupervisedStream -s generators.RandomTreeGenerator -t 0.95,1,119000.0,1.091387,3.686738032433722E-8,113040.0,119000.0,71.22521008403362,43.40542606330066,40.74753417546289,31.768456710172376,119000.0,194272.0
semisupervised.SelfTrainingClassifier -l trees.HoeffdingTree -s DistanceMeasure,SemiSupervisedStream -s generators.RandomTreeGenerator -t 0.95,1,120000.0,1.098994,3.724969525304105E-8,113988.0,120000.0,71.25166666666667,43.46286426300664,40.78206536665752,31.863877861389273,120000.0,194272.0
semisupervised.SelfTrainingClassifier -l trees.HoeffdingTree -s DistanceMeasure,SemiSupervisedStream -s generators.RandomTreeGenerator -t 0.95,1,121000.0,1.107525,3.7678448855876916E-8,114940.0,121000.0,71.28264462809918,43.5258748048719,40.856481481481495,31.924064024449994,121000.0,194272.0
semisupervised.SelfTrainingClassifier -l trees.HoeffdingTree -s DistanceMeasure,SemiSupervisedStream -s generators.RandomTreeGenerator -t 0.95,1,122000.0,1.115487,3.8078605482975635E-8,115898.0,122000.0,71.31229508196722,43.58711031406942,40.92198102697411,32.003807895554864,122000.0,194272.0
semisupervised.SelfTrainingClassifier -l trees.HoeffdingTree -s DistanceMeasure,SemiSupervisedStream -s generators.RandomTreeGenerator -t 0.95,1,123000.0,1.123619,3.8488568274511225E-8,116840.0,123000.0,71.33495934959349,43.63749690797878,40.94335198150815,32.04456094364351,123000.0,194872.0
semisupervised.SelfTrainingClassifier -l trees.HoeffdingTree -s DistanceMeasure,SemiSupervisedStream -s generators.RandomTreeGenerator -t 0.95,1,124000.0,1.13152,3.888690189354949E-8,117797.0,124000.0,71.3516129032258,43.6772779794373,40.96944116718455,32.08167635362495,124000.0,194880.0
semisupervised.SelfTrainingClassifier -l trees.HoeffdingTree -s DistanceMeasure,SemiSupervisedStream -s generators.RandomTreeGenerator -t 0.95,1,125000.0,1.13942,3.928520144687758E-8,118744.0,125000.0,71.3632,43.70400940284082,40.98230920152343,32.100381266716,125000.0,194888.0
semisupervised.SelfTrainingClassifier -l trees.HoeffdingTree -s DistanceMeasure,SemiSupervisedStream -s generators.RandomTreeGenerator -t 0.95,1,126000.0,1.147572,3.9696206251780186E-8,119683.0,126000.0,71.38412698412698,43.752179491058094,41.038723181580316,32.154147222640376,126000.0,194888.0
semisupervised.SelfTrainingClassifier -l trees.HoeffdingTree -s DistanceMeasure,SemiSupervisedStream -s generators.RandomTreeGenerator -t 0.95,1,127000.0,1.155126,4.0077061293025805E-8,120648.0,127000.0,71.4015748031496,43.79194269494093,41.09346870590524,32.20592078246911,127000.0,194888.0
semisupervised.SelfTrainingClassifier -l trees.HoeffdingTree -s DistanceMeasure,SemiSupervisedStream -s generators.RandomTreeGenerator -t 0.95,1,128000.0,1.162588,4.045327790909343E-8,121607.0,128000.0,71.43906249999999,43.86772571707723,41.17400959031956,32.29498481368989,128000.0,194888.0
semisupervised.SelfTrainingClassifier -l trees.HoeffdingTree -s DistanceMeasure,SemiSupervisedStream -s generators.RandomTreeGenerator -t 0.95,1,129000.0,1.170115,4.083277167338464E-8,122567.0,129000.0,71.45426356589148,43.90213059894478,41.196384657149245,32.3150445731091,129000.0,194888.0
semisupervised.SelfTrainingClassifier -l trees.HoeffdingTree -s DistanceMeasure,SemiSupervisedStream -s generators.RandomTreeGenerator -t 0.95,1,130000.0,1.1777,4.121520536020398E-8,123521.0,130000.0,71.46538461538462,43.92714093608335,41.22260778628132,32.35776805251642,130000.0,194896.0
semisupervised.SelfTrainingClassifier -l trees.HoeffdingTree -s DistanceMeasure,SemiSupervisedStream -s generators.RandomTreeGenerator -t 0.95,1,131000.0,1.185292,4.159799198516541E-8,124480.0,131000.0,71.50076335877863,44.00207977874592,41.31258351017843,32.45648948872888,131000.0,194896.0
semisupervised.SelfTrainingClassifier -l trees.HoeffdingTree -s DistanceMeasure,SemiSupervisedStream -s generators.RandomTreeGenerator -t 0.95,1,132000.0,1.193072,4.1990257520228624E-8,125436.0,132000.0,71.52121212121212,44.04702086957479,41.37151234423494,32.495331130584674,132000.0,194896.0
semisupervised.SelfTrainingClassifier -l trees.HoeffdingTree -s DistanceMeasure,SemiSupervisedStream -s generators.RandomTreeGenerator -t 0.95,1,133000.0,1.200837,4.238179890024993E-8,126385.0,133000.0,71.54060150375939,44.09313107707062,41.394419843309684,32.57268063274903,133000.0,194912.0
semisupervised.SelfTrainingClassifier -l trees.HoeffdingTree -s DistanceMeasure,SemiSupervisedStream -s generators.RandomTreeGenerator -t 0.95,1,134000.0,1.208646,4.2775607415371473E-8,127334.0,134000.0,71.5686567164179,44.15248505086994,41.47502957125521,32.65930181175431,134000.0,194936.0
semisupervised.SelfTrainingClassifier -l trees.HoeffdingTree -s DistanceMeasure,SemiSupervisedStream -s generators.RandomTreeGenerator -t 0.95,1,135000.0,1.21627,4.316008636520969E-8,128298.0,135000.0,71.57629629629629,44.17266845506088,41.512338622403085,32.68306375214905,135000.0,194936.0
semisupervised.SelfTrainingClassifier -l trees.HoeffdingTree -s DistanceMeasure,SemiSupervisedStream -s generators.RandomTreeGenerator -t 0.95,1,136000.0,1.223831,4.354138821984331E-8,129254.0,136000.0,71.60073529411764,44.22310040149528,41.57855727488617,32.745350700006966,136000.0,194936.0
semisupervised.SelfTrainingClassifier -l trees.HoeffdingTree -s DistanceMeasure,SemiSupervisedStream -s generators.RandomTreeGenerator -t 0.95,1,137000.0,1.231556,4.393097659572959E-8,130204.0,137000.0,71.63138686131387,44.28745287609191,41.65202900508941,32.828082061563464,137000.0,194944.0
semisupervised.SelfTrainingClassifier -l trees.HoeffdingTree -s DistanceMeasure,SemiSupervisedStream -s generators.RandomTreeGenerator -t 0.95,1,138000.0,1.239351,4.4324095222271154E-8,131151.0,138000.0,71.6340579710145,44.30019107378861,41.66691502995263,32.81327772342655,138000.0,194944.0
semisupervised.SelfTrainingClassifier -l trees.HoeffdingTree -s DistanceMeasure,SemiSupervisedStream -s generators.RandomTreeGenerator -t 0.95,1,139000.0,1.247115,4.471566652051277E-8,132098.0,139000.0,71.66474820143884,44.36636157380428,41.761670289372894,32.889176663031606,139000.0,194952.0
semisupervised.SelfTrainingClassifier -l trees.HoeffdingTree -s DistanceMeasure,SemiSupervisedStream -s generators.RandomTreeGenerator -t 0.95,1,140000.0,1.255067,4.51167194524573E-8,133049.0,140000.0,71.68785714285715,44.41347404503191,41.81297709923665,32.9391263154333,140000.0,194952.0
semisupervised.SelfTrainingClassifier -l trees.HoeffdingTree -s DistanceMeasure,SemiSupervisedStream -s generators.RandomTreeGenerator -t 0.95,1,141000.0,1.262978,4.5515704581307045E-8,134005.0,141000.0,71.72340425531914,44.484214823327,41.89571249526362,33.03661404098084,141000.0,194952.0
semisupervised.SelfTrainingClassifier -l trees.HoeffdingTree -s DistanceMeasure,SemiSupervisedStream -s generators.RandomTreeGenerator -t 0.95,1,142000.0,1.270829,4.591166365684735E-8,134945.0,142000.0,71.75070422535211,44.5384683167413,41.94202017570522,33.12772980362084,142000.0,194952.0
semisupervised.SelfTrainingClassifier -l trees.HoeffdingTree -s DistanceMeasure,SemiSupervisedStream -s generators.RandomTreeGenerator -t 0.95,1,143000.0,1.278363,4.6291635084069444E-8,135904.0,143000.0,71.79230769230769,44.6229742258987,42.02121543149542,33.220204294488674,143000.0,194952.0
semisupervised.SelfTrainingClassifier -l trees.HoeffdingTree -s DistanceMeasure,SemiSupervisedStream -s generators.RandomTreeGenerator -t 0.95,1,144000.0,1.2862,4.668688808050421E-8,136859.0,144000.0,71.81597222222223,44.674489820381794,42.07190876521889,33.28237247456068,144000.0,194952.0
semisupervised.SelfTrainingClassifier -l trees.HoeffdingTree -s DistanceMeasure,SemiSupervisedStream -s generators.RandomTreeGenerator -t 0.95,1,145000.0,1.293779,4.7069129047708384E-8,137806.0,145000.0,71.85034482758621,44.74384101705536,42.1519579359118,33.37631600424387,145000.0,194952.0
semisupervised.SelfTrainingClassifier -l trees.HoeffdingTree -s DistanceMeasure,SemiSupervisedStream -s generators.RandomTreeGenerator -t 0.95,1,146000.0,1.302151,4.7491364352818996E-8,138753.0,146000.0,71.88219178082191,44.809171281756626,42.20551590150778,33.45113232934004,146000.0,194952.0
semisupervised.SelfTrainingClassifier -l trees.HoeffdingTree -s DistanceMeasure,SemiSupervisedStream -s generators.RandomTreeGenerator -t 0.95,1,147000.0,1.309621,4.786138290953306E-8,139706.0,147000.0,71.89591836734694,44.840702240251034,42.26237893589366,33.4927074277987,147000.0,191472.0
semisupervised.SelfTrainingClassifier -l trees.HoeffdingTree -s DistanceMeasure,SemiSupervisedStream -s generators.RandomTreeGenerator -t 0.95,1,148000.0,1.317953,4.827409972540207E-8,140654.0,148000.0,71.91621621621621,44.8842149007442,42.3002707017422,33.54225960154774,148000.0,191472.0
semisupervised.SelfTrainingClassifier -l trees.HoeffdingTree -s DistanceMeasure,SemiSupervisedStream -s generators.RandomTreeGenerator -t 0.95,1,149000.0,1.328803,4.885095192533401E-8,141608.0,149000.0,71.94026845637585,44.934904851629845,42.322071543863046,33.60489121804034,149000.0,205512.0
semisupervised.SelfTrainingClassifier -l trees.HoeffdingTree -s DistanceMeasure,SemiSupervisedStream -s generators.RandomTreeGenerator -t 0.95,1,150000.0,1.337858,4.934301545222601E-8,142563.0,150000.0,71.942,44.94209882946677,42.32129152505206,33.58424466221652,150000.0,210056.0
semisupervised.SelfTrainingClassifier -l trees.HoeffdingTree -s DistanceMeasure,SemiSupervisedStream -s generators.RandomTreeGenerator -t 0.95,1,151000.0,1.345792,4.97742112643189E-8,143515.0,151000.0,71.95894039735099,44.97851324542303,42.364391206697064,33.61970307429413,151000.0,210080.0
semisupervised.SelfTrainingClassifier -l trees.HoeffdingTree -s DistanceMeasure,SemiSupervisedStream -s generators.RandomTreeGenerator -t 0.95,1,152000.0,1.353977,5.021913308443295E-8,144474.0,152000.0,71.96249999999999,44.991542917540315,42.35960830988963,33.615277972490915,152000.0,210120.0
semisupervised.SelfTrainingClassifier -l trees.HoeffdingTree -s DistanceMeasure,SemiSupervisedStream -s generators.RandomTreeGenerator -t 0.95,1,153000.0,1.362216,5.066707550444538E-8,145413.0,153000.0,71.97320261437909,45.01643785828898,42.393669899782374,33.649501763941316,153000.0,210160.0
semisupervised.SelfTrainingClassifier -l trees.HoeffdingTree -s DistanceMeasure,SemiSupervisedStream -s generators.RandomTreeGenerator -t 0.95,1,154000.0,1.370371,5.111045096690457E-8,146354.0,154000.0,71.99285714285715,45.0577750023492,42.42982421014697,33.7170167970371,154000.0,210160.0
semisupervised.SelfTrainingClassifier -l trees.HoeffdingTree -s DistanceMeasure,SemiSupervisedStream -s generators.RandomTreeGenerator -t 0.95,1,155000.0,1.378188,5.153551457449795E-8,147303.0,155000.0,72.02967741935484,45.12971971257435,42.4868335522214,33.79754760486815,155000.0,210192.0
semisupervised.SelfTrainingClassifier -l trees.HoeffdingTree -s DistanceMeasure,SemiSupervisedStream -s generators.RandomTreeGenerator -t 0.95,1,156000.0,1.386769,5.200217535098395E-8,148257.0,156000.0,72.06602564102565,45.20231080418866,42.56208150999104,33.870037635061315,156000.0,210216.0
semisupervised.SelfTrainingClassifier -l trees.HoeffdingTree -s DistanceMeasure,SemiSupervisedStream -s generators.RandomTreeGenerator -t 0.95,1,157000.0,1.394708,5.243392222250503E-8,149208.0,157000.0,72.07515923566879,45.22296543341451,42.58061136286247,33.87729247104248,157000.0,210216.0
semisupervised.SelfTrainingClassifier -l trees.HoeffdingTree -s DistanceMeasure,SemiSupervisedStream -s generators.RandomTreeGenerator -t 0.95,1,158000.0,1.402478,5.285651052370669E-8,150160.0,158000.0,72.09113924050634,45.25809093249257,42.61695621055371,33.91778686927722,158000.0,210232.0
semisupervised.SelfTrainingClassifier -l trees.HoeffdingTree -s DistanceMeasure,SemiSupervisedStream -s generators.RandomTreeGenerator -t 0.95,1,159000.0,1.410161,5.327436714122695E-8,151117.0,159000.0,72.11698113207548,45.31050556836972,42.68686816454224,33.98650962640898,159000.0,210232.0
semisupervised.SelfTrainingClassifier -l trees.HoeffdingTree -s DistanceMeasure,SemiSupervisedStream -s generators.RandomTreeGenerator -t 0.95,1,160000.0,1.417724,5.368569729849698E-8,152075.0,160000.0,72.13374999999999,45.34596577725871,42.74303326056248,34.003374877882706,160000.0,210232.0
semisupervised.SelfTrainingClassifier -l trees.HoeffdingTree -s DistanceMeasure,SemiSupervisedStream -s generators.RandomTreeGenerator -t 0.95,1,161000.0,1.425452,5.410601733252408E-8,153025.0,161000.0,72.15590062111801,45.392224604256434,42.798264642082415,34.05269429365815,161000.0,210240.0
semisupervised.SelfTrainingClassifier -l trees.HoeffdingTree -s DistanceMeasure,SemiSupervisedStream -s generators.RandomTreeGenerator -t 0.95,1,162000.0,1.433444,5.45407126657665E-8,153980.0,162000.0,72.1641975308642,45.41238139045044,42.82780130334456,34.051888034163035,162000.0,210248.0
semisupervised.SelfTrainingClassifier -l trees.HoeffdingTree -s DistanceMeasure,SemiSupervisedStream -s generators.RandomTreeGenerator -t 0.95,1,163000.0,1.441165,5.496066795455087E-8,154935.0,163000.0,72.18895705521471,45.46335224246017,42.880183460806656,34.10663410663409,163000.0,210248.0
semisupervised.SelfTrainingClassifier -l trees.HoeffdingTree -s DistanceMeasure,SemiSupervisedStream -s generators.RandomTreeGenerator -t 0.95,1,164000.0,1.449052,5.5389652200457146E-8,155884.0,164000.0,72.19939024390244,45.484721908660376,42.89668474380973,34.15127312641719,164000.0,210248.0
semisupervised.SelfTrainingClassifier -l trees.HoeffdingTree -s DistanceMeasure,SemiSupervisedStream -s generators.RandomTreeGenerator -t 0.95,1,165000.0,1.457014,5.5822715794460664E-8,156833.0,165000.0,72.22242424242424,45.5310724986993,42.930607264260196,34.21415243289794,165000.0,210248.0
semisupervised.SelfTrainingClassifier -l trees.HoeffdingTree -s DistanceMeasure,SemiSupervisedStream -s generators.RandomTreeGenerator -t 0.95,1,166000.0,1.464702,5.624087617008225E-8,157787.0,166000.0,72.25060240963856,45.587712348904056,43.007027615559736,34.27409574088607,166000.0,210248.0
semisupervised.SelfTrainingClassifier -l trees.HoeffdingTree -s DistanceMeasure,SemiSupervisedStream -s generators.RandomTreeGenerator -t 0.95,1,167000.0,1.472593,5.6670094312479124E-8,158733.0,167000.0,72.27544910179641,45.635234077978396,43.05603384660797,34.34300462293315,167000.0,210256.0
semisupervised.SelfTrainingClassifier -l trees.HoeffdingTree -s DistanceMeasure,SemiSupervisedStream -s generators.RandomTreeGenerator -t 0.95,1,168000.0,1.480511,5.710078107607036E-8,159674.0,168000.0,72.30535714285715,45.69507270351727,43.11268156697804,34.39786811048602,168000.0,210256.0
semisupervised.SelfTrainingClassifier -l trees.HoeffdingTree -s DistanceMeasure,SemiSupervisedStream -s generators.RandomTreeGenerator -t 0.95,1,169000.0,1.488307,5.752484798224438E-8,160633.0,169000.0,72.31715976331361,45.71999259292029,43.12321439426176,34.44221795608368,169000.0,210264.0
semisupervised.SelfTrainingClassifier -l trees.HoeffdingTree -s DistanceMeasure,SemiSupervisedStream -s generators.RandomTreeGenerator -t 0.95,1,170000.0,1.49627,5.795799892809658E-8,161581.0,170000.0,72.32882352941176,45.74622843271586,43.14874794547037,34.489673708691356,170000.0,210264.0
semisupervised.SelfTrainingClassifier -l trees.HoeffdingTree -s DistanceMeasure,SemiSupervisedStream -s generators.RandomTreeGenerator -t 0.95,1,171000.0,1.504404,5.8401545716656603E-8,162544.0,171000.0,72.3327485380117,45.75791903040455,43.15289876839891,34.47502181349804,171000.0,210784.0
semisupervised.SelfTrainingClassifier -l trees.HoeffdingTree -s DistanceMeasure,SemiSupervisedStream -s generators.RandomTreeGenerator -t 0.95,1,172000.0,1.512454,5.884051198760671E-8,163500.0,172000.0,72.34767441860464,45.789162898429645,43.17019547865984,34.500234114633535,172000.0,210784.0
semisupervised.SelfTrainingClassifier -l trees.HoeffdingTree -s DistanceMeasure,SemiSupervisedStream -s generators.RandomTreeGenerator -t 0.95,1,173000.0,1.522696,5.939900795618696E-8,164451.0,173000.0,72.36416184971098,45.82310969877573,43.21245738855698,34.52658103037441,173000.0,210784.0
semisupervised.SelfTrainingClassifier -l trees.HoeffdingTree -s DistanceMeasure,SemiSupervisedStream -s generators.RandomTreeGenerator -t 0.95,1,174000.0,1.531173,5.986125852498747E-8,165402.0,174000.0,72.38103448275862,45.85815669897191,43.259421932558794,34.56914509782564,174000.0,210784.0
semisupervised.SelfTrainingClassifier -l trees.HoeffdingTree -s DistanceMeasure,SemiSupervisedStream -s generators.RandomTreeGenerator -t 0.95,1,175000.0,1.53945,6.031260309947865E-8,166343.0,175000.0,72.39257142857143,45.88205412128841,43.28528161904539,34.60965838341184,175000.0,210784.0
semisupervised.SelfTrainingClassifier -l trees.HoeffdingTree -s DistanceMeasure,SemiSupervisedStream -s generators.RandomTreeGenerator -t 0.95,1,176000.0,1.547501,6.075162390040031E-8,167285.0,176000.0,72.40681818181818,45.91280439867556,43.31006466976396,34.654664352319045,176000.0,210784.0
semisupervised.SelfTrainingClassifier -l trees.HoeffdingTree -s DistanceMeasure,SemiSupervisedStream -s generators.RandomTreeGenerator -t 0.95,1,177000.0,1.55566,6.119653393824899E-8,168238.0,177000.0,72.42598870056497,45.95046764744917,43.34699183971954,34.711186023490384,177000.0,210784.0
semisupervised.SelfTrainingClassifier -l trees.HoeffdingTree -s DistanceMeasure,SemiSupervisedStream -s generators.RandomTreeGenerator -t 0.95,1,178000.0,1.563996,6.165226893292536E-8,169173.0,178000.0,72.43258426966293,45.967513295697785,43.35942008911052,34.72477186261208,178000.0,211328.0
semisupervised.SelfTrainingClassifier -l trees.HoeffdingTree -s DistanceMeasure,SemiSupervisedStream -s generators.RandomTreeGenerator -t 0.95,1,179000.0,1.572095,6.20950469705794E-8,170118.0,179000.0,72.46536312849162,46.03347594251171,43.432152325861665,34.79693081095383,179000.0,211328.0
semisupervised.SelfTrainingClassifier -l trees.HoeffdingTree -s DistanceMeasure,SemiSupervisedStream -s generators.RandomTreeGenerator -t 0.95,1,180000.0,1.579932,6.252350128359268E-8,171075.0,180000.0,72.47833333333334,46.06060013342791,43.46153846153846,34.82825306197624,180000.0,211328.0
semisupervised.SelfTrainingClassifier -l trees.HoeffdingTree -s DistanceMeasure,SemiSupervisedStream -s generators.RandomTreeGenerator -t 0.95,1,181000.0,1.588007,6.296500064846546E-8,172016.0,181000.0,72.50165745856354,46.10862551096035,43.53138720913083,34.895158864079335,181000.0,211344.0
semisupervised.SelfTrainingClassifier -l trees.HoeffdingTree -s DistanceMeasure,SemiSupervisedStream -s generators.RandomTreeGenerator -t 0.95,1,182000.0,1.595847,6.339365142501066E-8,172975.0,182000.0,72.51648351648352,46.138065679693,43.565037852718525,34.92994757450795,182000.0,211344.0
semisupervised.SelfTrainingClassifier -l trees.HoeffdingTree -s DistanceMeasure,SemiSupervisedStream -s generators.RandomTreeGenerator -t 0.95,1,183000.0,1.604492,6.386631545093328E-8,173929.0,183000.0,72.5327868852459,46.17184435462566,43.61054084070946,34.95224784532961,183000.0,211344.0
semisupervised.SelfTrainingClassifier -l trees.HoeffdingTree -s DistanceMeasure,SemiSupervisedStream -s generators.RandomTreeGenerator -t 0.95,1,184000.0,1.61281,6.43211008028852E-8,174882.0,184000.0,72.5483695652174,46.205534609333895,43.63806782043987,34.98474726802334,184000.0,211344.0
semisupervised.SelfTrainingClassifier -l trees.HoeffdingTree -s DistanceMeasure,SemiSupervisedStream -s generators.RandomTreeGenerator -t 0.95,1,185000.0,1.621255,6.478282986001839E-8,175833.0,185000.0,72.5518918918919,46.21609706424395,43.65026521961072,34.97791151802293,185000.0,211344.0
semisupervised.SelfTrainingClassifier -l trees.HoeffdingTree -s DistanceMeasure,SemiSupervisedStream -s generators.RandomTreeGenerator -t 0.95,1,186000.0,1.629117,6.521268348313043E-8,176785.0,186000.0,72.55806451612902,46.23072837771253,43.65167857103429,34.97005988023951,186000.0,211344.0
semisupervised.SelfTrainingClassifier -l trees.HoeffdingTree -s DistanceMeasure,SemiSupervisedStream -s generators.RandomTreeGenerator -t 0.95,1,187000.0,1.636645,6.562427570836415E-8,177739.0,187000.0,72.58128342245989,46.27578993648404,43.68079964850616,35.01685635345112,187000.0,211344.0
semisupervised.SelfTrainingClassifier -l trees.HoeffdingTree -s DistanceMeasure,SemiSupervisedStream -s generators.RandomTreeGenerator -t 0.95,1,188000.0,1.644477,6.605248908615778E-8,178680.0,188000.0,72.59255319148936,46.298822952040496,43.70896378434479,35.04525628419433,188000.0,211344.0
semisupervised.SelfTrainingClassifier -l trees.HoeffdingTree -s DistanceMeasure,SemiSupervisedStream -s generators.RandomTreeGenerator -t 0.95,1,189000.0,1.651993,6.646342521326414E-8,179636.0,189000.0,72.60899470899471,46.33341815473197,43.73179426981436,35.08914913358579,189000.0,211344.0
semisupervised.SelfTrainingClassifier -l trees.HoeffdingTree -s DistanceMeasure,SemiSupervisedStream -s generators.RandomTreeGenerator -t 0.95,1,190000.0,1.659688,6.688414813743702E-8,180584.0,190000.0,72.62631578947368,46.36912306143594,43.76263745769492,35.11969362424061,190000.0,211344.0
semisupervised.SelfTrainingClassifier -l trees.HoeffdingTree -s DistanceMeasure,SemiSupervisedStream -s generators.RandomTreeGenerator -t 0.95,1,191000.0,1.6673,6.73003330495623E-8,181540.0,191000.0,72.63193717277487,46.38242793450962,43.77856889338224,35.1242336237496,191000.0,211344.0
semisupervised.SelfTrainingClassifier -l trees.HoeffdingTree -s DistanceMeasure,SemiSupervisedStream -s generators.RandomTreeGenerator -t 0.95,1,192000.0,1.67554,6.775085376368634E-8,182490.0,192000.0,72.63125000000001,46.38437493406202,43.77126714747363,35.10269108693237,192000.0,211344.0
semisupervised.SelfTrainingClassifier -l trees.HoeffdingTree -s DistanceMeasure,SemiSupervisedStream -s generators.RandomTreeGenerator -t 0.95,1,193000.0,1.683275,6.81737636816171E-8,183449.0,193000.0,72.63937823834196,46.40371138303494,43.7976946901242,35.128561074188276,193000.0,211344.0
semisupervised.SelfTrainingClassifier -l trees.HoeffdingTree -s DistanceMeasure,SemiSupervisedStream -s generators.RandomTreeGenerator -t 0.95,1,194000.0,1.691218,6.860804596708886E-8,184405.0,194000.0,72.64484536082475,46.418828552463566,43.78581642921455,35.121092460603684,194000.0,211344.0
semisupervised.SelfTrainingClassifier -l trees.HoeffdingTree -s DistanceMeasure,SemiSupervisedStream -s generators.RandomTreeGenerator -t 0.95,1,195000.0,1.699122,6.904019593364668E-8,185359.0,195000.0,72.66153846153847,46.4522731365864,43.82330316026851,35.1688577022705,195000.0,211344.0
semisupervised.SelfTrainingClassifier -l trees.HoeffdingTree -s DistanceMeasure,SemiSupervisedStream -s generators.RandomTreeGenerator -t 0.95,1,196000.0,1.707368,6.94910446968344E-8,186308.0,196000.0,72.67091836734694,46.47286376345727,43.83748361730013,35.17487595304369,196000.0,211344.0
semisupervised.SelfTrainingClassifier -l trees.HoeffdingTree -s DistanceMeasure,SemiSupervisedStream -s generators.RandomTreeGenerator -t 0.95,1,197000.0,1.715322,6.992592840558958E-8,187251.0,197000.0,72.68883248730964,46.508780604846585,43.89208693113085,35.22705383800442,197000.0,211344.0
semisupervised.SelfTrainingClassifier -l trees.HoeffdingTree -s DistanceMeasure,SemiSupervisedStream -s generators.RandomTreeGenerator -t 0.95,1,198000.0,1.72392,7.039602271384668E-8,188181.0,198000.0,72.70454545454545,46.54122465374501,43.938466645228885,35.27544910179641,198000.0,211344.0
semisupervised.SelfTrainingClassifier -l trees.HoeffdingTree -s DistanceMeasure,SemiSupervisedStream -s generators.RandomTreeGenerator -t 0.95,1,199000.0,1.73165,7.081958714458682E-8,189129.0,199000.0,72.71608040201005,46.56610711812414,43.96916472312234,35.289911209105554,199000.0,211808.0
semisupervised.SelfTrainingClassifier -l trees.HoeffdingTree -s DistanceMeasure,SemiSupervisedStream -s generators.RandomTreeGenerator -t 0.95,1,200000.0,1.739289,7.123816524114878E-8,190090.0,200000.0,72.744,46.62115209867987,44.00986031224321,35.36484147122293,200000.0,211808.0
semisupervised.SelfTrainingClassifier -l trees.HoeffdingTree -s DistanceMeasure,SemiSupervisedStream -s generators.RandomTreeGenerator -t 0.95,1,201000.0,1.747219,7.167268864810471E-8,191047.0,201000.0,72.76467661691542,46.66308867274434,44.04901830520948,35.395817598187314,201000.0,211808.0
semisupervised.SelfTrainingClassifier -l trees.HoeffdingTree -s DistanceMeasure,SemiSupervisedStream -s generators.RandomTreeGenerator -t 0.95,1,202000.0,1.755266,7.211362305614688E-8,191997.0,202000.0,72.78019801980197,46.693256058329766,44.06852074135861,35.44584678602875,202000.0,211808.0
semisupervised.SelfTrainingClassifier -l trees.HoeffdingTree -s DistanceMeasure,SemiSupervisedStream -s generators.RandomTreeGenerator -t 0.95,1,203000.0,1.763385,7.255850269562672E-8,192936.0,203000.0,72.80394088669951,46.739765880474714,44.11862948529783,35.515219473450585,203000.0,211808.0
semisupervised.SelfTrainingClassifier -l trees.HoeffdingTree -s DistanceMeasure,SemiSupervisedStream -s generators.RandomTreeGenerator -t 0.95,1,204000.0,1.771059,7.297899861302645E-8,193904.0,204000.0,72.79656862745098,46.73009055181993,44.11267095006948,35.47843274037901,204000.0,211808.0
semisupervised.SelfTrainingClassifier -l trees.HoeffdingTree -s DistanceMeasure,SemiSupervisedStream -s generators.RandomTreeGenerator -t 0.95,1,205000.0,1.779649,7.344973997523392E-8,194858.0,205000.0,72.81073170731707,46.75994475770542,44.14246487483215,35.512310255460946,205000.0,211832.0
semisupervised.SelfTrainingClassifier -l trees.HoeffdingTree -s DistanceMeasure,SemiSupervisedStream -s generators.RandomTreeGenerator -t 0.95,1,206000.0,1.787503,7.388014773527786E-8,195811.0,206000.0,72.82281553398057,46.785735042610135,44.156284599962085,35.543479512301815,206000.0,211832.0
semisupervised.SelfTrainingClassifier -l trees.HoeffdingTree -s DistanceMeasure,SemiSupervisedStream -s generators.RandomTreeGenerator -t 0.95,1,207000.0,1.796159,7.435450596941846E-8,196750.0,207000.0,72.8256038647343,46.79357307234394,44.16995851281339,35.53189538588489,207000.0,211832.0
semisupervised.SelfTrainingClassifier -l trees.HoeffdingTree -s DistanceMeasure,SemiSupervisedStream -s generators.RandomTreeGenerator -t 0.95,1,208000.0,1.805288,7.485478511907992E-8,197699.0,208000.0,72.82740384615384,46.800814444807706,44.17766276864728,35.52549024081406,208000.0,211832.0
semisupervised.SelfTrainingClassifier -l trees.HoeffdingTree -s DistanceMeasure,SemiSupervisedStream -s generators.RandomTreeGenerator -t 0.95,1,209000.0,1.81518,7.53968775003321E-8,198646.0,209000.0,72.84210526315789,46.83025952505106,44.21895729939562,35.563704065299085,209000.0,211832.0
semisupervised.SelfTrainingClassifier -l trees.HoeffdingTree -s DistanceMeasure,SemiSupervisedStream -s generators.RandomTreeGenerator -t 0.95,1,210000.0,1.825573,7.596644673703449E-8,199592.0,210000.0,72.85666666666667,46.85974243948103,44.25166508552819,35.613916186603426,210000.0,211840.0
semisupervised.SelfTrainingClassifier -l trees.HoeffdingTree -s DistanceMeasure,SemiSupervisedStream -s generators.RandomTreeGenerator -t 0.95,1,211000.0,1.834449,7.645289795059301E-8,200542.0,211000.0,72.8611374407583,46.87091833807302,44.261449360003894,35.62772606681954,211000.0,211848.0
semisupervised.SelfTrainingClassifier -l trees.HoeffdingTree -s DistanceMeasure,SemiSupervisedStream -s generators.RandomTreeGenerator -t 0.95,1,212000.0,1.845373,7.705159027336377E-8,201475.0,212000.0,72.87311320754716,46.89599190014202,44.29581557535838,35.65930500548208,212000.0,211848.0
semisupervised.SelfTrainingClassifier -l trees.HoeffdingTree -s DistanceMeasure,SemiSupervisedStream -s generators.RandomTreeGenerator -t 0.95,1,213000.0,1.855326,7.75970667186711E-8,202439.0,213000.0,72.88544600938968,46.920986142956885,44.328128012338546,35.68596881959911,213000.0,211848.0
semisupervised.SelfTrainingClassifier -l trees.HoeffdingTree -s DistanceMeasure,SemiSupervisedStream -s generators.RandomTreeGenerator -t 0.95,1,214000.0,1.867047,7.823943880904057E-8,203384.0,214000.0,72.8911214953271,46.933206192517844,44.33815627878416,35.718243063558205,214000.0,211848.0
semisupervised.SelfTrainingClassifier -l trees.HoeffdingTree -s DistanceMeasure,SemiSupervisedStream -s generators.RandomTreeGenerator -t 0.95,1,215000.0,1.878643,7.88749602457716E-8,204340.0,215000.0,72.91581395348837,46.981030712852494,44.395745005920325,35.79398857697312,215000.0,211848.0
semisupervised.SelfTrainingClassifier -l trees.HoeffdingTree -s DistanceMeasure,SemiSupervisedStream -s generators.RandomTreeGenerator -t 0.95,1,216000.0,1.890769,7.95395284539296E-8,205293.0,216000.0,72.91851851851851,46.990194427564106,44.39543726235741,35.78783288326856,216000.0,211848.0
semisupervised.SelfTrainingClassifier -l trees.HoeffdingTree -s DistanceMeasure,SemiSupervisedStream -s generators.RandomTreeGenerator -t 0.95,1,217000.0,1.904269,8.027939904688139E-8,206236.0,217000.0,72.93225806451613,47.0177823216642,44.4178432188955,35.82058566433567,217000.0,211848.0
semisupervised.SelfTrainingClassifier -l trees.HoeffdingTree -s DistanceMeasure,SemiSupervisedStream -s generators.RandomTreeGenerator -t 0.95,1,218000.0,1.916118,8.092878620657662E-8,207190.0,218000.0,72.94128440366973,47.036260073709364,44.44946698308661,35.852626771208286,218000.0,211848.0
semisupervised.SelfTrainingClassifier -l trees.HoeffdingTree -s DistanceMeasure,SemiSupervisedStream -s generators.RandomTreeGenerator -t 0.95,1,219000.0,1.928152,8.158831233365674E-8,208147.0,219000.0,72.95114155251142,47.05680943430618,44.4732944639208,35.87473072301546,219000.0,211848.0
semisupervised.SelfTrainingClassifier -l trees.HoeffdingTree -s DistanceMeasure,SemiSupervisedStream -s generators.RandomTreeGenerator -t 0.95,1,220000.0,1.940723,8.227729488578114E-8,209085.0,220000.0,72.95772727272727,47.07124845113525,44.48985304408677,35.883563784500296,220000.0,211856.0
semisupervised.SelfTrainingClassifier -l trees.HoeffdingTree -s DistanceMeasure,SemiSupervisedStream -s generators.RandomTreeGenerator -t 0.95,1,221000.0,1.953781,8.29929956172904E-8,210035.0,221000.0,72.96244343891402,47.084091940930676,44.511306124344145,35.89009055405348,221000.0,211864.0
semisupervised.SelfTrainingClassifier -l trees.HoeffdingTree -s DistanceMeasure,SemiSupervisedStream -s generators.RandomTreeGenerator -t 0.95,1,222000.0,1.966462,8.36880332169434E-8,210989.0,222000.0,72.98108108108107,47.12163767771554,44.547883404672305,35.94677715603776,222000.0,211864.0
semisupervised.SelfTrainingClassifier -l trees.HoeffdingTree -s DistanceMeasure,SemiSupervisedStream -s generators.RandomTreeGenerator -t 0.95,1,223000.0,1.979604,8.440833793539146E-8,211940.0,223000.0,72.97847533632287,47.12026900861305,44.55006395450488,35.93867939572413,223000.0,211864.0
semisupervised.SelfTrainingClassifier -l trees.HoeffdingTree -s DistanceMeasure,SemiSupervisedStream -s generators.RandomTreeGenerator -t 0.95,1,224000.0,1.993922,8.519309847098264E-8,212889.0,224000.0,72.99821428571428,47.15896091841052,44.60411228648623,35.99508989513115,224000.0,211864.0
Learner,stream,randomSeed,learning evaluation instances,evaluation time (cpu seconds),model cost (RAM-Hours),Unlabeled instances,classified instances,classifications correct (percent),Kappa Statistic (percent),Kappa Temporal Statistic (percent),Kappa M Statistic (percent),model training instances,model serialized size (bytes)
semisupervised.SelfTrainingClassifier -l trees.HoeffdingTree -s DistanceMeasure,SemiSupervisedStream -s generators.RandomTreeGenerator -t 0.95,1,1000.0,0.085122,1.589925028383732E-9,958.0,1000.0,55.900000000000006,2.756339581036398,8.316008316008324,-17.914438502673782,1000.0,72392.0
semisupervised.SelfTrainingClassifier -l trees.HoeffdingTree -s DistanceMeasure,SemiSupervisedStream -s generators.RandomTreeGenerator -t 0.95,1,2000.0,0.104571,1.95416321977973E-9,1921.0,2000.0,57.75,0.40004997677964454,8.052230685527755,-8.61182519280205,2000.0,72392.0
semisupervised.SelfTrainingClassifier -l trees.HoeffdingTree -s DistanceMeasure,SemiSupervisedStream -s generators.RandomTreeGenerator -t 0.95,1,3000.0,0.119849,2.2408250284691654E-9,2873.0,3000.0,61.46666666666667,11.38226797000491,17.369549678341688,2.5295109612141675,3000.0,72528.0
semisupervised.SelfTrainingClassifier -l trees.HoeffdingTree -s DistanceMeasure,SemiSupervisedStream -s generators.RandomTreeGenerator -t 0.95,1,4000.0,0.141949,2.6554883333543937E-9,3831.0,4000.0,63.4,18.65979793849258,21.961620469083154,8.785046728971963,4000.0,72528.0
semisupervised.SelfTrainingClassifier -l trees.HoeffdingTree -s DistanceMeasure,SemiSupervisedStream -s generators.RandomTreeGenerator -t 0.95,1,5000.0,0.156518,2.929208967834711E-9,4774.0,5000.0,64.12,21.57773360174672,23.136246786632388,10.56829511465603,5000.0,72624.0
semisupervised.SelfTrainingClassifier -l trees.HoeffdingTree -s DistanceMeasure,SemiSupervisedStream -s generators.RandomTreeGenerator -t 0.95,1,6000.0,0.188736,3.6303339960674442E-9,5725.0,6000.0,65.4,25.354100586428167,25.777618877368607,14.250309789343246,6000.0,84120.0
semisupervised.SelfTrainingClassifier -l trees.HoeffdingTree -s DistanceMeasure,SemiSupervisedStream -s generators.RandomTreeGenerator -t 0.95,1,7000.0,0.21122,4.158018386612336E-9,6677.0,7000.0,63.98571428571429,24.578778869441585,23.536548377312712,11.636873466526477,7000.0,90720.0
semisupervised.SelfTrainingClassifier -l trees.HoeffdingTree -s DistanceMeasure,SemiSupervisedStream -s generators.RandomTreeGenerator -t 0.95,1,8000.0,0.231418,4.63242810840408E-9,7624.0,8000.0,64.575,26.43489592121214,24.94703389830509,13.040810064436965,8000.0,90792.0
semisupervised.SelfTrainingClassifier -l trees.HoeffdingTree -s DistanceMeasure,SemiSupervisedStream -s generators.RandomTreeGenerator -t 0.95,1,9000.0,0.242285,4.887761680616273E-9,8576.0,9000.0,65.10000000000001,27.919192388976594,26.07672393504355,14.924160346695572,9000.0,90824.0
semisupervised.SelfTrainingClassifier -l trees.HoeffdingTree -s DistanceMeasure,SemiSupervisedStream -s generators.RandomTreeGenerator -t 0.95,1,10000.0,0.253404,5.1490163037346466E-9,9517.0,10000.0,65.13,28.297272639637512,26.496627318718385,14.847374847374839,10000.0,90824.0
semisupervised.SelfTrainingClassifier -l trees.HoeffdingTree -s DistanceMeasure,SemiSupervisedStream -s generators.RandomTreeGenerator -t 0.95,1,11000.0,0.263412,5.384187323765622E-9,10466.0,11000.0,65.32727272727273,29.031883518237695,26.96284948295672,15.861460401500093,11000.0,90832.0
semisupervised.SelfTrainingClassifier -l trees.HoeffdingTree -s DistanceMeasure,SemiSupervisedStream -s generators.RandomTreeGenerator -t 0.95,1,12000.0,0.273044,5.610522981733083E-9,11412.0,12000.0,65.78333333333333,30.17151091180684,28.09106830122593,17.384305835010075,12000.0,90832.0
semisupervised.SelfTrainingClassifier -l trees.HoeffdingTree -s DistanceMeasure,SemiSupervisedStream -s generators.RandomTreeGenerator -t 0.95,1,13000.0,0.282752,5.838644510755936E-9,12362.0,13000.0,66.14615384615384,30.95250853363417,28.86697914983028,17.79977586850952,13000.0,90832.0
semisupervised.SelfTrainingClassifier -l trees.HoeffdingTree -s DistanceMeasure,SemiSupervisedStream -s generators.RandomTreeGenerator -t 0.95,1,14000.0,0.292804,6.074849456134769E-9,13311.0,14000.0,66.5642857142857,31.95655220172374,30.123899089416323,19.223468507333898,14000.0,90832.0
semisupervised.SelfTrainingClassifier -l trees.HoeffdingTree -s DistanceMeasure,SemiSupervisedStream -s generators.RandomTreeGenerator -t 0.95,1,15000.0,0.302504,6.302782998730738E-9,14256.0,15000.0,66.86,32.65444607462261,30.862308762169665,20.247072035937737,15000.0,90832.0
semisupervised.SelfTrainingClassifier -l trees.HoeffdingTree -s DistanceMeasure,SemiSupervisedStream -s generators.RandomTreeGenerator -t 0.95,1,16000.0,0.310653,6.494270672814713E-9,15206.0,16000.0,67.20625,33.430877967361916,31.519185591229455,21.03837471783295,16000.0,90832.0
semisupervised.SelfTrainingClassifier -l trees.HoeffdingTree -s DistanceMeasure,SemiSupervisedStream -s generators.RandomTreeGenerator -t 0.95,1,17000.0,0.320718,6.730781096137232E-9,16159.0,17000.0,67.5,34.06959190604126,32.166973603437704,21.886045525236835,17000.0,90832.0
semisupervised.SelfTrainingClassifier -l trees.HoeffdingTree -s DistanceMeasure,SemiSupervisedStream -s generators.RandomTreeGenerator -t 0.95,1,18000.0,0.328238,6.907488337407509E-9,17116.0,18000.0,67.75555555555556,34.61461696771718,32.738440143701474,22.489316239316253,18000.0,90832.0
semisupervised.SelfTrainingClassifier -l trees.HoeffdingTree -s DistanceMeasure,SemiSupervisedStream -s generators.RandomTreeGenerator -t 0.95,1,19000.0,0.335656,7.081798751735024E-9,18072.0,19000.0,68.02105263157895,35.227960559503764,33.28941589811155,23.379571248423716,19000.0,90832.0
semisupervised.SelfTrainingClassifier -l trees.HoeffdingTree -s DistanceMeasure,SemiSupervisedStream -s generators.RandomTreeGenerator -t 0.95,1,20000.0,0.344639,7.294018078181478E-9,19023.0,20000.0,68.35,35.91956761804175,33.917945505793924,24.118916327019903,20000.0,91320.0
semisupervised.SelfTrainingClassifier -l trees.HoeffdingTree -s DistanceMeasure,SemiSupervisedStream -s generators.RandomTreeGenerator -t 0.95,1,21000.0,0.351601,7.458492190473608E-9,19972.0,21000.0,68.6047619047619,36.47287887056925,34.48926868044514,24.754622232367023,21000.0,91320.0
semisupervised.SelfTrainingClassifier -l trees.HoeffdingTree -s DistanceMeasure,SemiSupervisedStream -s generators.RandomTreeGenerator -t 0.95,1,22000.0,0.357742,7.603570547782712E-9,20924.0,22000.0,68.7,36.70848263504482,34.56860509312049,24.743169398907114,22000.0,91320.0
semisupervised.SelfTrainingClassifier -l trees.HoeffdingTree -s DistanceMeasure,SemiSupervisedStream -s generators.RandomTreeGenerator -t 0.95,1,23000.0,0.364613,7.765894826087686E-9,21869.0,23000.0,68.73478260869565,36.86978280530346,34.71629596005448,24.733096085409265,23000.0,91320.0
semisupervised.SelfTrainingClassifier -l trees.HoeffdingTree -s DistanceMeasure,SemiSupervisedStream -s generators.RandomTreeGenerator -t 0.95,1,24000.0,0.3704,7.902610092941257E-9,22821.0,24000.0,68.7875,37.03256969528294,34.917463075586454,24.728697749196137,24000.0,91320.0
semisupervised.SelfTrainingClassifier -l trees.HoeffdingTree -s DistanceMeasure,SemiSupervisedStream -s generators.RandomTreeGenerator -t 0.95,1,25000.0,0.376112,8.037553518596622E-9,23778.0,25000.0,69.016,37.55800833617518,35.347633753442956,25.382911087563826,25000.0,91320.0
semisupervised.SelfTrainingClassifier -l trees.HoeffdingTree -s DistanceMeasure,SemiSupervisedStream -s generators.RandomTreeGenerator -t 0.95,1,26000.0,0.38205,8.177836092395915E-9,24730.0,26000.0,69.0923076923077,37.77998092863624,35.53148816686724,25.688921768078433,26000.0,91320.0
semisupervised.SelfTrainingClassifier -l trees.HoeffdingTree -s DistanceMeasure,SemiSupervisedStream -s generators.RandomTreeGenerator -t 0.95,1,27000.0,0.396218,8.551400587376622E-9,25683.0,27000.0,69.21851851851852,38.110781527310635,35.92135697764072,26.1178771446351,27000.0,101920.0
semisupervised.SelfTrainingClassifier -l trees.HoeffdingTree -s DistanceMeasure,SemiSupervisedStream -s generators.RandomTreeGenerator -t 0.95,1,28000.0,0.403932,8.765538307941623E-9,26638.0,28000.0,69.18571428571428,38.125768616058224,35.998813144425476,25.927197802197803,28000.0,107304.0
semisupervised.SelfTrainingClassifier -l trees.HoeffdingTree -s DistanceMeasure,SemiSupervisedStream -s generators.RandomTreeGenerator -t 0.95,1,29000.0,0.409955,8.932859160833889E-9,27593.0,29000.0,69.26551724137931,38.34918731035621,36.171584073331424,26.137399519350314,29000.0,107384.0
semisupervised.SelfTrainingClassifier -l trees.HoeffdingTree -s DistanceMeasure,SemiSupervisedStream -s generators.RandomTreeGenerator -t 0.95,1,30000.0,0.416104,9.104494798100658E-9,28539.0,30000.0,69.41000000000001,38.69136958870669,36.6097948469987,26.51345291479822,30000.0,107896.0
semisupervised.SelfTrainingClassifier -l trees.HoeffdingTree -s DistanceMeasure,SemiSupervisedStream -s generators.RandomTreeGenerator -t 0.95,1,31000.0,0.42223,9.275488441603053E-9,29490.0,31000.0,69.40645161290323,38.72647069610614,36.53215552432577,26.54894671623298,31000.0,107896.0
semisupervised.SelfTrainingClassifier -l trees.HoeffdingTree -s DistanceMeasure,SemiSupervisedStream -s generators.RandomTreeGenerator -t 0.95,1,32000.0,0.428461,9.449412926203676E-9,30438.0,32000.0,69.45625,38.88715726802958,36.67638483965013,26.759085799925053,32000.0,107896.0
semisupervised.SelfTrainingClassifier -l trees.HoeffdingTree -s DistanceMeasure,SemiSupervisedStream -s generators.RandomTreeGenerator -t 0.95,1,33000.0,0.434637,9.621802208324274E-9,31375.0,33000.0,69.5060606060606,39.024282760132685,36.82194876946258,26.995066744051066,33000.0,107896.0
semisupervised.SelfTrainingClassifier -l trees.HoeffdingTree -s DistanceMeasure,SemiSupervisedStream -s generators.RandomTreeGenerator -t 0.95,1,34000.0,0.440655,9.789880911509196E-9,32317.0,34000.0,69.6029411764706,39.25200332506034,37.020109689213896,27.146482447483432,34000.0,107960.0
semisupervised.SelfTrainingClassifier -l trees.HoeffdingTree -s DistanceMeasure,SemiSupervisedStream -s generators.RandomTreeGenerator -t 0.95,1,35000.0,0.446656,9.957522075209353E-9,33276.0,35000.0,69.63714285714285,39.348768397366314,37.15181264415399,27.24222922086813,35000.0,107984.0
semisupervised.SelfTrainingClassifier -l trees.HoeffdingTree -s DistanceMeasure,SemiSupervisedStream -s generators.RandomTreeGenerator -t 0.95,1,36000.0,0.452829,1.0129980927126276E-8,34226.0,36000.0,69.65277777777777,39.41069109678541,37.13315686500172,27.360372340425528,36000.0,107992.0
semisupervised.SelfTrainingClassifier -l trees.HoeffdingTree -s DistanceMeasure,SemiSupervisedStream -s generators.RandomTreeGenerator -t 0.95,1,37000.0,0.458212,1.0281193479895592E-8,35188.0,37000.0,69.69459459459459,39.523753740595794,37.2523782876329,27.494342062722275,37000.0,108584.0
semisupervised.SelfTrainingClassifier -l trees.HoeffdingTree -s DistanceMeasure,SemiSupervisedStream -s generators.RandomTreeGenerator -t 0.95,1,38000.0,0.463782,1.0437659004496204E-8,36141.0,38000.0,69.75263157894737,39.66685254095678,37.38969386643424,27.574039067422813,38000.0,108584.0
semisupervised.SelfTrainingClassifier -l trees.HoeffdingTree -s DistanceMeasure,SemiSupervisedStream -s generators.RandomTreeGenerator -t 0.95,1,39000.0,0.469532,1.0599180865618919E-8,37087.0,39000.0,69.86923076923077,39.919865151298914,37.68361881529406,27.832708960265307,39000.0,108584.0
semisupervised.SelfTrainingClassifier -l trees.HoeffdingTree -s DistanceMeasure,SemiSupervisedStream -s generators.RandomTreeGenerator -t 0.95,1,40000.0,0.47527,1.076036563764016E-8,38035.0,40000.0,69.88,39.9740472950749,37.73965169758668,27.942583732057418,40000.0,108584.0
semisupervised.SelfTrainingClassifier -l trees.HoeffdingTree -s DistanceMeasure,SemiSupervisedStream -s generators.RandomTreeGenerator -t 0.95,1,41000.0,0.480827,1.0916465982380842E-8,38989.0,41000.0,69.92682926829268,40.084418710889466,37.85282258064515,28.0084077771939,41000.0,108584.0
semisupervised.SelfTrainingClassifier -l trees.HoeffdingTree -s DistanceMeasure,SemiSupervisedStream -s generators.RandomTreeGenerator -t 0.95,1,42000.0,0.487269,1.1097439980755252E-8,39925.0,42000.0,70.00714285714285,40.26767781007218,38.016040938837776,28.18539421925773,42000.0,108592.0
semisupervised.SelfTrainingClassifier -l trees.HoeffdingTree -s DistanceMeasure,SemiSupervisedStream -s generators.RandomTreeGenerator -t 0.95,1,43000.0,0.492762,1.125175388529897E-8,40882.0,43000.0,70.05581395348838,40.383733442581956,38.09020098086356,28.303357647975965,43000.0,108592.0
semisupervised.SelfTrainingClassifier -l trees.HoeffdingTree -s DistanceMeasure,SemiSupervisedStream -s generators.RandomTreeGenerator -t 0.95,1,44000.0,0.499059,1.142866745591164E-8,41837.0,44000.0,70.08636363636363,40.46192290314543,38.139775344268465,28.35447172173535,44000.0,108600.0
semisupervised.SelfTrainingClassifier -l trees.HoeffdingTree -s DistanceMeasure,SemiSupervisedStream -s generators.RandomTreeGenerator -t 0.95,1,45000.0,0.504745,1.1588415044049425E-8,42789.0,45000.0,70.14444444444445,40.58970740449321,38.25543453283699,28.476362862010223,45000.0,108600.0
semisupervised.SelfTrainingClassifier -l trees.HoeffdingTree -s DistanceMeasure,SemiSupervisedStream -s generators.RandomTreeGenerator -t 0.95,1,46000.0,0.510378,1.174667360261083E-8,43743.0,46000.0,70.16304347826086,40.64763919820293,38.245219347581546,28.50817793520158,46000.0,108600.0
semisupervised.SelfTrainingClassifier -l trees.HoeffdingTree -s DistanceMeasure,SemiSupervisedStream -s generators.RandomTreeGenerator -t 0.95,1,47000.0,0.517734,1.1953339669853453E-8,44699.0,47000.0,70.20425531914893,40.73979007378464,38.23490495302783,28.55466557828681,47000.0,108600.0
semisupervised.SelfTrainingClassifier -l trees.HoeffdingTree -s DistanceMeasure,SemiSupervisedStream -s generators.RandomTreeGenerator -t 0.95,1,48000.0,0.523698,1.2120897639542822E-8,45655.0,48000.0,70.24791666666667,40.84514480723464,38.3110151187905,28.751746158451397,48000.0,108600.0
semisupervised.SelfTrainingClassifier -l trees.HoeffdingTree -s DistanceMeasure,SemiSupervisedStream -s generators.RandomTreeGenerator -t 0.95,1,49000.0,0.530183,1.2303093050916993E-8,46612.0,49000.0,70.26326530612245,40.882026952805795,38.41764929631039,28.772547294324674,49000.0,108600.0
semisupervised.SelfTrainingClassifier -l trees.HoeffdingTree -s DistanceMeasure,SemiSupervisedStream -s generators.RandomTreeGenerator -t 0.95,1,50000.0,0.536713,1.2486579761736926E-8,47558.0,50000.0,70.296,40.96367165907254,38.52140077821013,28.924196018376726,50000.0,108616.0
semisupervised.SelfTrainingClassifier -l trees.HoeffdingTree -s DistanceMeasure,SemiSupervisedStream -s generators.RandomTreeGenerator -t 0.95,1,51000.0,0.542996,1.2663126010447744E-8,48512.0,51000.0,70.34117647058824,41.071232960008174,38.6369168356998,29.148906271956537,51000.0,108616.0
semisupervised.SelfTrainingClassifier -l trees.HoeffdingTree -s DistanceMeasure,SemiSupervisedStream -s generators.RandomTreeGenerator -t 0.95,1,52000.0,0.548816,1.282666240508358E-8,49465.0,52000.0,70.33076923076923,41.07438604431548,38.59502487562188,29.144851657940663,52000.0,108616.0
semisupervised.SelfTrainingClassifier -l trees.HoeffdingTree -s DistanceMeasure,SemiSupervisedStream -s generators.RandomTreeGenerator -t 0.95,1,53000.0,0.55477,1.2993964070661205E-8,50414.0,53000.0,70.38679245283019,41.20344386923316,38.76316816230981,29.355898636179518,53000.0,108616.0
semisupervised.SelfTrainingClassifier -l trees.HoeffdingTree -s DistanceMeasure,SemiSupervisedStream -s generators.RandomTreeGenerator -t 0.95,1,54000.0,0.560996,1.316890867426992E-8,51358.0,54000.0,70.42407407407407,41.30001851208992,38.775588438242735,29.46294496952565,54000.0,108616.0
semisupervised.SelfTrainingClassifier -l trees.HoeffdingTree -s DistanceMeasure,SemiSupervisedStream -s generators.RandomTreeGenerator -t 0.95,1,55000.0,0.567073,1.333967909837763E-8,52296.0,55000.0,70.48909090909092,41.43992174365445,38.868592520055756,29.681136816567033,55000.0,108624.0
semisupervised.SelfTrainingClassifier -l trees.HoeffdingTree -s DistanceMeasure,SemiSupervisedStream -s generators.RandomTreeGenerator -t 0.95,1,56000.0,0.575013,1.3562801883866395E-8,53241.0,56000.0,70.53035714285714,41.530018076770766,38.98850234759142,29.777456278456242,56000.0,108624.0
semisupervised.SelfTrainingClassifier -l trees.HoeffdingTree -s DistanceMeasure,SemiSupervisedStream -s generators.RandomTreeGenerator -t 0.95,1,57000.0,0.580849,1.3726799941311286E-8,54202.0,57000.0,70.56140350877193,41.60515177097991,39.099190650745825,29.90224747263764,57000.0,108624.0
semisupervised.SelfTrainingClassifier -l trees.HoeffdingTree -s DistanceMeasure,SemiSupervisedStream -s generators.RandomTreeGenerator -t 0.95,1,58000.0,0.586483,1.388512157524626E-8,55159.0,58000.0,70.6051724137931,41.70235724571356,39.23441565384752,30.029549372075852,58000.0,108624.0
semisupervised.SelfTrainingClassifier -l trees.HoeffdingTree -s DistanceMeasure,SemiSupervisedStream -s generators.RandomTreeGenerator -t 0.95,1,59000.0,0.591931,1.4038216403375075E-8,56121.0,59000.0,70.67966101694915,41.847247715273795,39.36983036590495,30.178398450113026,59000.0,108624.0
semisupervised.SelfTrainingClassifier -l trees.HoeffdingTree -s DistanceMeasure,SemiSupervisedStream -s generators.RandomTreeGenerator -t 0.95,1,60000.0,0.597782,1.4202635977417236E-8,57070.0,60000.0,70.76333333333334,42.01590112269307,39.54161640530761,30.394413141814148,60000.0,108624.0
semisupervised.SelfTrainingClassifier -l trees.HoeffdingTree -s DistanceMeasure,SemiSupervisedStream -s generators.RandomTreeGenerator -t 0.95,1,61000.0,0.603774,1.4371017807473745E-8,58017.0,61000.0,70.80491803278689,42.101776220542796,39.59979650669833,30.496038715216812,61000.0,108624.0
semisupervised.SelfTrainingClassifier -l trees.HoeffdingTree -s DistanceMeasure,SemiSupervisedStream -s generators.RandomTreeGenerator -t 0.95,1,62000.0,0.60954,1.4533048787464704E-8,58966.0,62000.0,70.80967741935484,42.12295523109213,39.641141942369266,30.544575354031565,62000.0,108624.0
semisupervised.SelfTrainingClassifier -l trees.HoeffdingTree -s DistanceMeasure,SemiSupervisedStream -s generators.RandomTreeGenerator -t 0.95,1,63000.0,0.615141,1.4690443084885683E-8,59915.0,63000.0,70.89365079365079,42.287284768247666,39.829368334700575,30.730583257781824,63000.0,108624.0
semisupervised.SelfTrainingClassifier -l trees.HoeffdingTree -s DistanceMeasure,SemiSupervisedStream -s generators.RandomTreeGenerator -t 0.95,1,64000.0,0.620827,1.4850237744135995E-8,60864.0,64000.0,70.95781249999999,42.42079547613382,40.02258793159083,30.918754181223502,64000.0,108632.0
semisupervised.SelfTrainingClassifier -l trees.HoeffdingTree -s DistanceMeasure,SemiSupervisedStream -s generators.RandomTreeGenerator -t 0.95,1,65000.0,0.627181,1.502880532501473E-8,61804.0,65000.0,70.96000000000001,42.43367096221001,40.03049942813573,30.87992969350764,65000.0,108632.0
semisupervised.SelfTrainingClassifier -l trees.HoeffdingTree -s DistanceMeasure,SemiSupervisedStream -s generators.RandomTreeGenerator -t 0.95,1,66000.0,0.632892,1.5189302563667304E-8,62753.0,66000.0,71.0060606060606,42.53004315464206,40.14950114158822,31.036471097016012,66000.0,108632.0
semisupervised.SelfTrainingClassifier -l trees.HoeffdingTree -s DistanceMeasure,SemiSupervisedStream -s generators.RandomTreeGenerator -t 0.95,1,67000.0,0.63867,1.5351682715117937E-8,63701.0,67000.0,71.02388059701492,42.56785690728241,40.191004313000604,31.136492622020423,67000.0,108632.0
semisupervised.SelfTrainingClassifier -l trees.HoeffdingTree -s DistanceMeasure,SemiSupervisedStream -s generators.RandomTreeGenerator -t 0.95,1,68000.0,0.644554,1.5517053980794223E-8,64647.0,68000.0,71.07058823529412,42.66774717521235,40.31553398058253,31.298456380526652,68000.0,108640.0
semisupervised.SelfTrainingClassifier -l trees.HoeffdingTree -s DistanceMeasure,SemiSupervisedStream -s generators.RandomTreeGenerator -t 0.95,1,69000.0,0.650537,1.568520766579443E-8,65591.0,69000.0,71.11159420289856,42.755905007775034,40.425595504946365,31.416873107624564,69000.0,108640.0
semisupervised.SelfTrainingClassifier -l trees.HoeffdingTree -s DistanceMeasure,SemiSupervisedStream -s generators.RandomTreeGenerator -t 0.95,1,70000.0,0.656677,1.5857773874368936E-8,66527.0,70000.0,71.13857142857142,42.81530961223046,40.50767101504756,31.52453904555314,70000.0,108640.0
semisupervised.SelfTrainingClassifier -l trees.HoeffdingTree -s DistanceMeasure,SemiSupervisedStream -s generators.RandomTreeGenerator -t 0.95,1,71000.0,0.662238,1.6014067145685357E-8,67484.0,71000.0,71.16197183098592,42.863938270186715,40.58673321339445,31.645189290245053,71000.0,108640.0
semisupervised.SelfTrainingClassifier -l trees.HoeffdingTree -s DistanceMeasure,SemiSupervisedStream -s generators.RandomTreeGenerator -t 0.95,1,72000.0,0.667785,1.616997842366497E-8,68442.0,72000.0,71.16527777777777,42.8764933711492,40.61498855835241,31.59698197752958,72000.0,108648.0
semisupervised.SelfTrainingClassifier -l trees.HoeffdingTree -s DistanceMeasure,SemiSupervisedStream -s generators.RandomTreeGenerator -t 0.95,1,73000.0,0.673725,1.6336948170016214E-8,69379.0,73000.0,71.1917808219178,42.925687076389764,40.661945204706406,31.631989596879052,73000.0,108656.0
semisupervised.SelfTrainingClassifier -l trees.HoeffdingTree -s DistanceMeasure,SemiSupervisedStream -s generators.RandomTreeGenerator -t 0.95,1,74000.0,0.679457,1.6498071164306673E-8,70321.0,74000.0,71.24594594594595,43.03259648351526,40.80071223882257,31.75753688261706,74000.0,108656.0
semisupervised.SelfTrainingClassifier -l trees.HoeffdingTree -s DistanceMeasure,SemiSupervisedStream -s generators.RandomTreeGenerator -t 0.95,1,75000.0,0.689455,1.6781012451069228E-8,71278.0,75000.0,71.28,43.10501980363703,40.848551421117676,31.83760007594696,75000.0,109392.0
semisupervised.SelfTrainingClassifier -l trees.HoeffdingTree -s DistanceMeasure,SemiSupervisedStream -s generators.RandomTreeGenerator -t 0.95,1,76000.0,0.701907,1.7133401419139577E-8,72217.0,76000.0,71.30394736842105,43.16391616228084,40.96741013425724,31.955321206826614,76000.0,109392.0
semisupervised.SelfTrainingClassifier -l trees.HoeffdingTree -s DistanceMeasure,SemiSupervisedStream -s generators.RandomTreeGenerator -t 0.95,1,77000.0,0.715295,1.7512500652422514E-8,73163.0,77000.0,71.3051948051948,43.17079553657816,40.972964308612944,31.919023849140316,77000.0,109456.0
semisupervised.SelfTrainingClassifier -l trees.HoeffdingTree -s DistanceMeasure,SemiSupervisedStream -s generators.RandomTreeGenerator -t 0.95,1,78000.0,0.724194,1.7782094865623455E-8,74106.0,78000.0,71.33461538461539,43.23009991441478,40.96945375821739,32.00437916248517,78000.0,117104.0
semisupervised.SelfTrainingClassifier -l trees.HoeffdingTree -s DistanceMeasure,SemiSupervisedStream -s generators.RandomTreeGenerator -t 0.95,1,79000.0,0.732248,1.8034557549075956E-8,75066.0,79000.0,71.36708860759494,43.2962761688052,41.044620517097584,32.05166716731752,79000.0,121168.0
semisupervised.SelfTrainingClassifier -l trees.HoeffdingTree -s DistanceMeasure,SemiSupervisedStream -s generators.RandomTreeGenerator -t 0.95,1,80000.0,0.739142,1.825067285241353E-8,76012.0,80000.0,71.3475,43.260709766749784,40.99719426497464,32.014473840313194,80000.0,121176.0
semisupervised.SelfTrainingClassifier -l trees.HoeffdingTree -s DistanceMeasure,SemiSupervisedStream -s generators.RandomTreeGenerator -t 0.95,1,81000.0,0.745594,1.8452932199256297E-8,76972.0,81000.0,71.37407407407407,43.316769504070884,41.0330095112151,32.094535231066615,81000.0,121176.0
semisupervised.SelfTrainingClassifier -l trees.HoeffdingTree -s DistanceMeasure,SemiSupervisedStream -s generators.RandomTreeGenerator -t 0.95,1,82000.0,0.751764,1.8646415167798607E-8,77911.0,82000.0,71.41219512195121,43.39544021018708,41.17145151575988,32.219170160474185,82000.0,121216.0
semisupervised.SelfTrainingClassifier -l trees.HoeffdingTree -s DistanceMeasure,SemiSupervisedStream -s generators.RandomTreeGenerator -t 0.95,1,83000.0,0.757704,1.8832747110476105E-8,78868.0,83000.0,71.43373493975903,43.43970759109719,41.230418401745,32.270688719399,83000.0,121256.0
semisupervised.SelfTrainingClassifier -l trees.HoeffdingTree -s DistanceMeasure,SemiSupervisedStream -s generators.RandomTreeGenerator -t 0.95,1,84000.0,0.763456,1.9013181678536873E-8,79823.0,84000.0,71.46785714285714,43.512976949312154,41.304826978179406,32.34820899314081,84000.0,121256.0
semisupervised.SelfTrainingClassifier -l trees.HoeffdingTree -s DistanceMeasure,SemiSupervisedStream -s generators.RandomTreeGenerator -t 0.95,1,85000.0,0.772671,1.9310752993656538E-8,80773.0,85000.0,71.48,43.53965622644582,41.31545183858238,32.37935843793584,85000.0,124824.0
semisupervised.SelfTrainingClassifier -l trees.HoeffdingTree -s DistanceMeasure,SemiSupervisedStream -s generators.RandomTreeGenerator -t 0.95,1,86000.0,0.782334,1.964948928190603E-8,81707.0,86000.0,71.49418604651163,43.573925155202204,41.280030659417,32.35001931673935,86000.0,135504.0
semisupervised.SelfTrainingClassifier -l trees.HoeffdingTree -s DistanceMeasure,SemiSupervisedStream -s generators.RandomTreeGenerator -t 0.95,1,87000.0,0.790314,1.9936742567353788E-8,82649.0,87000.0,71.53448275862068,43.662991096781305,41.34713307912749,32.432063734584744,87000.0,139144.0
semisupervised.SelfTrainingClassifier -l trees.HoeffdingTree -s DistanceMeasure,SemiSupervisedStream -s generators.RandomTreeGenerator -t 0.95,1,88000.0,0.796551,2.0161305320345702E-8,83594.0,88000.0,71.54318181818182,43.68813949018732,41.35225649312631,32.443077587137154,88000.0,139176.0
semisupervised.SelfTrainingClassifier -l trees.HoeffdingTree -s DistanceMeasure,SemiSupervisedStream -s generators.RandomTreeGenerator -t 0.95,1,89000.0,0.808118,2.062007479576602E-8,84550.0,89000.0,71.57415730337078,43.753062084478216,41.426653083904434,32.53600000000001,89000.0,153312.0
semisupervised.SelfTrainingClassifier -l trees.HoeffdingTree -s DistanceMeasure,SemiSupervisedStream -s generators.RandomTreeGenerator -t 0.95,1,90000.0,0.814781,2.0887306999001248E-8,85496.0,90000.0,71.58555555555556,43.7815291575902,41.460455533936134,32.560654008438824,90000.0,155032.0
semisupervised.SelfTrainingClassifier -l trees.HoeffdingTree -s DistanceMeasure,SemiSupervisedStream -s generators.RandomTreeGenerator -t 0.95,1,91000.0,0.821259,2.1149251125752937E-8,86445.0,91000.0,71.58461538461538,43.782845927730904,41.461979036968266,32.55431805733064,91000.0,156304.0
semisupervised.SelfTrainingClassifier -l trees.HoeffdingTree -s DistanceMeasure,SemiSupervisedStream -s generators.RandomTreeGenerator -t 0.95,1,92000.0,0.828037,2.1423480345143222E-8,87390.0,92000.0,71.6,43.820278604727584,41.5310940541992,32.58508140464948,92000.0,156392.0
semisupervised.SelfTrainingClassifier -l trees.HoeffdingTree -s DistanceMeasure,SemiSupervisedStream -s generators.RandomTreeGenerator -t 0.95,1,93000.0,0.834599,2.1691727373335107E-8,88337.0,93000.0,71.61505376344086,43.85579120895104,41.54820424250476,32.65300915886421,93000.0,158016.0
semisupervised.SelfTrainingClassifier -l trees.HoeffdingTree -s DistanceMeasure,SemiSupervisedStream -s generators.RandomTreeGenerator -t 0.95,1,94000.0,0.841206,2.1962648056861437E-8,89287.0,94000.0,71.64468085106382,43.91619646123186,41.64678065547211,32.72249987379473,94000.0,158504.0
semisupervised.SelfTrainingClassifier -l trees.HoeffdingTree -s DistanceMeasure,SemiSupervisedStream -s generators.RandomTreeGenerator -t 0.95,1,95000.0,0.847904,2.2237369515415705E-8,90231.0,95000.0,71.66105263157895,43.95053890093257,41.64137691840805,32.726954696519144,95000.0,158544.0
semisupervised.SelfTrainingClassifier -l trees.HoeffdingTree -s DistanceMeasure,SemiSupervisedStream -s generators.RandomTreeGenerator -t 0.95,1,96000.0,0.855395,2.2544678236461358E-8,91176.0,96000.0,71.696875,44.02511487817614,41.71189531266761,32.793291943901664,96000.0,158576.0
semisupervised.SelfTrainingClassifier -l trees.HoeffdingTree -s DistanceMeasure,SemiSupervisedStream -s generators.RandomTreeGenerator -t 0.95,1,97000.0,0.861904,2.281170165994102E-8,92128.0,97000.0,71.71237113402061,44.06105552006384,41.71835174171622,32.8545209837269,97000.0,158576.0
semisupervised.SelfTrainingClassifier -l trees.HoeffdingTree -s DistanceMeasure,SemiSupervisedStream -s generators.RandomTreeGenerator -t 0.95,1,98000.0,0.868833,2.309598372835253E-8,93061.0,98000.0,71.73163265306123,44.104351610507514,41.77106103917943,32.93713234404126,98000.0,158592.0
semisupervised.SelfTrainingClassifier -l trees.HoeffdingTree -s DistanceMeasure,SemiSupervisedStream -s generators.RandomTreeGenerator -t 0.95,1,99000.0,0.875199,2.3357167109433155E-8,94011.0,99000.0,71.75555555555555,44.15447489904272,41.84397163120567,32.988233038560146,99000.0,158592.0
semisupervised.SelfTrainingClassifier -l trees.HoeffdingTree -s DistanceMeasure,SemiSupervisedStream -s generators.RandomTreeGenerator -t 0.95,1,100000.0,0.881442,2.3613304063263874E-8,94967.0,100000.0,71.789,44.22570329347842,41.885711931443645,33.120762410506856,100000.0,158592.0
semisupervised.SelfTrainingClassifier -l trees.HoeffdingTree -s DistanceMeasure,SemiSupervisedStream -s generators.RandomTreeGenerator -t 0.95,1,101000.0,0.888096,2.3886303469124774E-8,95918.0,101000.0,71.81782178217821,44.28614648066624,41.94811551639745,33.19094003051285,101000.0,158592.0
semisupervised.SelfTrainingClassifier -l trees.HoeffdingTree -s DistanceMeasure,SemiSupervisedStream -s generators.RandomTreeGenerator -t 0.95,1,102000.0,0.894413,2.4146483159727526E-8,96874.0,102000.0,71.83137254901962,44.31651978681875,41.99071269937413,33.23728971093969,102000.0,159208.0
semisupervised.SelfTrainingClassifier -l trees.HoeffdingTree -s DistanceMeasure,SemiSupervisedStream -s generators.RandomTreeGenerator -t 0.95,1,103000.0,0.900995,2.4418571881122064E-8,97822.0,103000.0,71.86601941747573,44.39088584889914,42.11230747717693,33.370122554091644,103000.0,159792.0
semisupervised.SelfTrainingClassifier -l trees.HoeffdingTree -s DistanceMeasure,SemiSupervisedStream -s generators.RandomTreeGenerator -t 0.95,1,104000.0,0.907553,2.4689682055678638E-8,98768.0,104000.0,71.89423076923077,44.44865157491269,42.149741722247526,33.38954468802699,104000.0,159800.0
semisupervised.SelfTrainingClassifier -l trees.HoeffdingTree -s DistanceMeasure,SemiSupervisedStream -s generators.RandomTreeGenerator -t 0.95,1,105000.0,0.914195,2.4958161455061707E-8,99721.0,105000.0,71.92857142857143,44.52303419107959,42.20134912542161,33.47402157721302,105000.0,156248.0
semisupervised.SelfTrainingClassifier -l trees.HoeffdingTree -s DistanceMeasure,SemiSupervisedStream -s generators.RandomTreeGenerator -t 0.95,1,106000.0,0.92524,2.5458494764235292E-8,100672.0,106000.0,71.95283018867924,44.574354121802834,42.259511740371714,33.50927023460737,106000.0,175104.0
semisupervised.SelfTrainingClassifier -l trees.HoeffdingTree -s DistanceMeasure,SemiSupervisedStream -s generators.RandomTreeGenerator -t 0.95,1,107000.0,0.932126,2.577054133845701E-8,101620.0,107000.0,71.96915887850467,44.605643051737125,42.3167166705131,33.558548580036316,107000.0,175168.0
semisupervised.SelfTrainingClassifier -l trees.HoeffdingTree -s DistanceMeasure,SemiSupervisedStream -s generators.RandomTreeGenerator -t 0.95,1,108000.0,0.938852,2.6076144708527467E-8,102572.0,108000.0,72.01851851851852,44.69714691202312,42.38871413592602,33.66260564153221,108000.0,175632.0
semisupervised.SelfTrainingClassifier -l trees.HoeffdingTree -s DistanceMeasure,SemiSupervisedStream -s generators.RandomTreeGenerator -t 0.95,1,109000.0,0.946043,2.6402935406400106E-8,103519.0,109000.0,72.04128440366972,44.73741491442649,42.453311176992656,33.72550725268033,109000.0,175664.0
semisupervised.SelfTrainingClassifier -l trees.HoeffdingTree -s DistanceMeasure,SemiSupervisedStream -s generators.RandomTreeGenerator -t 0.95,1,110000.0,0.952984,2.671846555959848E-8,104467.0,110000.0,72.08181818181818,44.81856590639233,42.514319943094605,33.83746983798689,110000.0,175720.0
semisupervised.SelfTrainingClassifier -l trees.HoeffdingTree -s DistanceMeasure,SemiSupervisedStream -s generators.RandomTreeGenerator -t 0.95,1,111000.0,0.960173,2.704546293657688E-8,105430.0,111000.0,72.12432432432433,44.90277817761556,42.57451468022717,33.91991457554725,111000.0,175824.0
semisupervised.SelfTrainingClassifier -l trees.HoeffdingTree -s DistanceMeasure,SemiSupervisedStream -s generators.RandomTreeGenerator -t 0.95,1,112000.0,0.970619,2.7520650784588533E-8,106383.0,112000.0,72.15178571428571,44.957228144734906,42.634860495484716,34.004781955523576,112000.0,175840.0
semisupervised.SelfTrainingClassifier -l trees.HoeffdingTree -s DistanceMeasure,SemiSupervisedStream -s generators.RandomTreeGenerator -t 0.95,1,113000.0,0.979987,2.7946819872077978E-8,107322.0,113000.0,72.17699115044248,45.01259323548562,42.685261143013406,34.06731676627872,113000.0,175848.0
semisupervised.SelfTrainingClassifier -l trees.HoeffdingTree -s DistanceMeasure,SemiSupervisedStream -s generators.RandomTreeGenerator -t 0.95,1,114000.0,0.98659,2.8247244567092932E-8,108280.0,114000.0,72.20175438596492,45.064955535917214,42.74616079494128,34.10820476566724,114000.0,175872.0
semisupervised.SelfTrainingClassifier -l trees.HoeffdingTree -s DistanceMeasure,SemiSupervisedStream -s generators.RandomTreeGenerator -t 0.95,1,115000.0,0.993331,2.8554952502664603E-8,109231.0,115000.0,72.21739130434783,45.09751966906591,42.731672342713736,34.118277796106895,115000.0,176448.0
semisupervised.SelfTrainingClassifier -l trees.HoeffdingTree -s DistanceMeasure,SemiSupervisedStream -s generators.RandomTreeGenerator -t 0.95,1,116000.0,0.999978,2.885841086920766E-8,110188.0,116000.0,72.24741379310345,45.15600069152067,42.8056211913941,34.17372101582627,116000.0,176472.0
semisupervised.SelfTrainingClassifier -l trees.HoeffdingTree -s DistanceMeasure,SemiSupervisedStream -s generators.RandomTreeGenerator -t 0.95,1,117000.0,1.006685,2.9164622322552746E-8,111140.0,117000.0,72.29230769230769,45.24767881727657,42.913995914629844,34.291389654613255,117000.0,176480.0
semisupervised.SelfTrainingClassifier -l trees.HoeffdingTree -s DistanceMeasure,SemiSupervisedStream -s generators.RandomTreeGenerator -t 0.95,1,118000.0,1.014741,2.9532423048383672E-8,112094.0,118000.0,72.33813559322034,45.336407014115096,43.023966206427076,34.40840768426976,118000.0,176480.0
semisupervised.SelfTrainingClassifier -l trees.HoeffdingTree -s DistanceMeasure,SemiSupervisedStream -s generators.RandomTreeGenerator -t 0.95,1,119000.0,1.022548,2.988885555416347E-8,113048.0,119000.0,72.34873949579833,45.361450472964265,43.06108323239315,34.432599382285545,119000.0,176480.0
semisupervised.SelfTrainingClassifier -l trees.HoeffdingTree -s DistanceMeasure,SemiSupervisedStream -s generators.RandomTreeGenerator -t 0.95,1,120000.0,1.030714,3.0261695285638186E-8,113995.0,120000.0,72.37333333333333,45.4153969519048,43.092556989837966,34.52232821789023,120000.0,176488.0
semisupervised.SelfTrainingClassifier -l trees.HoeffdingTree -s DistanceMeasure,SemiSupervisedStream -s generators.RandomTreeGenerator -t 0.95,1,121000.0,1.038125,3.060007888823749E-8,114945.0,121000.0,72.37603305785125,45.42501453495979,43.108319716775604,34.51599631683092,121000.0,176496.0
semisupervised.SelfTrainingClassifier -l trees.HoeffdingTree -s DistanceMeasure,SemiSupervisedStream -s generators.RandomTreeGenerator -t 0.95,1,122000.0,1.045691,3.094668281575045E-8,115891.0,122000.0,72.39344262295081,45.46533246105083,43.148441983727764,34.566366179670496,122000.0,177080.0
semisupervised.SelfTrainingClassifier -l trees.HoeffdingTree -s DistanceMeasure,SemiSupervisedStream -s generators.RandomTreeGenerator -t 0.95,1,123000.0,1.052952,3.12793295002646E-8,116837.0,123000.0,72.43414634146342,45.54754724181522,43.20793273257176,34.650373911032304,123000.0,177088.0
semisupervised.SelfTrainingClassifier -l trees.HoeffdingTree -s DistanceMeasure,SemiSupervisedStream -s generators.RandomTreeGenerator -t 0.95,1,124000.0,1.060531,3.162654465271368E-8,117777.0,124000.0,72.44516129032257,45.57459847166206,43.222718888648856,34.67421229733863,124000.0,177088.0
semisupervised.SelfTrainingClassifier -l trees.HoeffdingTree -s DistanceMeasure,SemiSupervisedStream -s generators.RandomTreeGenerator -t 0.95,1,125000.0,1.067666,3.195343369204138E-8,118723.0,125000.0,72.4496,45.58932556341361,43.221275122417694,34.67630266127962,125000.0,177096.0
semisupervised.SelfTrainingClassifier -l trees.HoeffdingTree -s DistanceMeasure,SemiSupervisedStream -s generators.RandomTreeGenerator -t 0.95,1,126000.0,1.07704,3.2382902207060005E-8,119674.0,126000.0,72.4595238095238,45.61503093640897,43.25451334379905,34.703823573686584,126000.0,177096.0
semisupervised.SelfTrainingClassifier -l trees.HoeffdingTree -s DistanceMeasure,SemiSupervisedStream -s generators.RandomTreeGenerator -t 0.95,1,127000.0,1.084621,3.27302560541365E-8,120616.0,127000.0,72.45826771653543,45.617017181403774,43.27002611220136,34.71086721170716,127000.0,177112.0
semisupervised.SelfTrainingClassifier -l trees.HoeffdingTree -s DistanceMeasure,SemiSupervisedStream -s generators.RandomTreeGenerator -t 0.95,1,128000.0,1.091925,3.306491803791789E-8,121581.0,128000.0,72.46015625,45.624904325985376,43.27712161683776,34.715534484035835,128000.0,177112.0
semisupervised.SelfTrainingClassifier -l trees.HoeffdingTree -s DistanceMeasure,SemiSupervisedStream -s generators.RandomTreeGenerator -t 0.95,1,129000.0,1.099702,3.3422250319272294E-8,122534.0,129000.0,72.46589147286822,45.63861806065404,43.2803168215643,34.713721165334064,129000.0,177608.0
semisupervised.SelfTrainingClassifier -l trees.HoeffdingTree -s DistanceMeasure,SemiSupervisedStream -s generators.RandomTreeGenerator -t 0.95,1,130000.0,1.106821,3.3749349266290677E-8,123486.0,130000.0,72.47923076923077,45.6647497538455,43.310991744703784,34.761123267687836,130000.0,177608.0
semisupervised.SelfTrainingClassifier -l trees.HoeffdingTree -s DistanceMeasure,SemiSupervisedStream -s generators.RandomTreeGenerator -t 0.95,1,131000.0,1.113838,3.4072821723918134E-8,124432.0,131000.0,72.5,45.71085718320556,43.37027430637428,34.82469153670802,131000.0,178192.0
semisupervised.SelfTrainingClassifier -l trees.HoeffdingTree -s DistanceMeasure,SemiSupervisedStream -s generators.RandomTreeGenerator -t 0.95,1,132000.0,1.120824,3.439486513121262E-8,125375.0,132000.0,72.51212121212122,45.734954601518155,43.41146929927168,34.844131590288754,132000.0,178192.0
semisupervised.SelfTrainingClassifier -l trees.HoeffdingTree -s DistanceMeasure,SemiSupervisedStream -s generators.RandomTreeGenerator -t 0.95,1,133000.0,1.127848,3.471866027762494E-8,126326.0,133000.0,72.52556390977443,45.76513488084505,43.42272319078438,34.90629898817159,133000.0,178192.0
semisupervised.SelfTrainingClassifier -l trees.HoeffdingTree -s DistanceMeasure,SemiSupervisedStream -s generators.RandomTreeGenerator -t 0.95,1,134000.0,1.134802,3.503922853618862E-8,127286.0,134000.0,72.52611940298507,45.77388396860175,43.445934528472904,34.92708793636766,134000.0,178192.0
semisupervised.SelfTrainingClassifier -l trees.HoeffdingTree -s DistanceMeasure,SemiSupervisedStream -s generators.RandomTreeGenerator -t 0.95,1,135000.0,1.141983,3.5363068001137855E-8,128238.0,135000.0,72.5237037037037,45.77251840319623,43.461825719816474,34.92684467211677,135000.0,174320.0
semisupervised.SelfTrainingClassifier -l trees.HoeffdingTree -s DistanceMeasure,SemiSupervisedStream -s generators.RandomTreeGenerator -t 0.95,1,136000.0,1.150106,3.5736953698926516E-8,129191.0,136000.0,72.53088235294118,45.78863448157669,43.492005868917424,34.94810893640732,136000.0,177920.0
semisupervised.SelfTrainingClassifier -l trees.HoeffdingTree -s DistanceMeasure,SemiSupervisedStream -s generators.RandomTreeGenerator -t 0.95,1,137000.0,1.157501,3.6077346294704425E-8,130133.0,137000.0,72.54890510948904,45.82917619977738,43.53916137458902,35.00060491885444,137000.0,177928.0
semisupervised.SelfTrainingClassifier -l trees.HoeffdingTree -s DistanceMeasure,SemiSupervisedStream -s generators.RandomTreeGenerator -t 0.95,1,138000.0,1.16457,3.640274770764842E-8,131079.0,138000.0,72.55869565217391,45.851602718503806,43.56838434715226,35.00334689253901,138000.0,177936.0
semisupervised.SelfTrainingClassifier -l trees.HoeffdingTree -s DistanceMeasure,SemiSupervisedStream -s generators.RandomTreeGenerator -t 0.95,1,139000.0,1.172645,3.678294721369943E-8,132022.0,139000.0,72.57841726618705,45.89659476887184,43.63956290940276,35.05316248636858,139000.0,182000.0
semisupervised.SelfTrainingClassifier -l trees.HoeffdingTree -s DistanceMeasure,SemiSupervisedStream -s generators.RandomTreeGenerator -t 0.95,1,140000.0,1.179857,3.712348382299146E-8,132968.0,140000.0,72.58928571428571,45.91939477582453,43.66559013505578,35.07427333942408,140000.0,182520.0
semisupervised.SelfTrainingClassifier -l trees.HoeffdingTree -s DistanceMeasure,SemiSupervisedStream -s generators.RandomTreeGenerator -t 0.95,1,141000.0,1.186962,3.745902691864306E-8,133917.0,141000.0,72.59716312056737,45.937794101895406,43.69115975400041,35.10581121934833,141000.0,182552.0
semisupervised.SelfTrainingClassifier -l trees.HoeffdingTree -s DistanceMeasure,SemiSupervisedStream -s generators.RandomTreeGenerator -t 0.95,1,142000.0,1.193937,3.778847389751011E-8,134869.0,142000.0,72.60915492957747,45.96345945359827,43.70630888802051,35.15987063648185,142000.0,182576.0
semisupervised.SelfTrainingClassifier -l trees.HoeffdingTree -s DistanceMeasure,SemiSupervisedStream -s generators.RandomTreeGenerator -t 0.95,1,143000.0,1.202096,3.817418192409807E-8,135794.0,143000.0,72.64405594405594,46.033891178282346,43.771919737825556,35.236660430773306,143000.0,182736.0
semisupervised.SelfTrainingClassifier -l trees.HoeffdingTree -s DistanceMeasure,SemiSupervisedStream -s generators.RandomTreeGenerator -t 0.95,1,144000.0,1.209267,3.8513183304005205E-8,136748.0,144000.0,72.65138888888889,46.05492135553369,43.78898388547124,35.259982574674105,144000.0,182736.0
semisupervised.SelfTrainingClassifier -l trees.HoeffdingTree -s DistanceMeasure,SemiSupervisedStream -s generators.RandomTreeGenerator -t 0.95,1,145000.0,1.2165,3.884848419783844E-8,137695.0,145000.0,72.66689655172414,46.0872548187914,43.829986252639635,35.30890394189178,145000.0,179192.0
semisupervised.SelfTrainingClassifier -l trees.HoeffdingTree -s DistanceMeasure,SemiSupervisedStream -s generators.RandomTreeGenerator -t 0.95,1,146000.0,1.225324,3.92739569540653E-8,138655.0,146000.0,72.68356164383562,46.12263052503773,43.85268403936309,35.34780423752168,146000.0,186384.0
semisupervised.SelfTrainingClassifier -l trees.HoeffdingTree -s DistanceMeasure,SemiSupervisedStream -s generators.RandomTreeGenerator -t 0.95,1,147000.0,1.233646,3.968288878806763E-8,139597.0,147000.0,72.67551020408163,46.11411655510705,43.863988931281696,35.33758330918574,147000.0,189944.0
semisupervised.SelfTrainingClassifier -l trees.HoeffdingTree -s DistanceMeasure,SemiSupervisedStream -s generators.RandomTreeGenerator -t 0.95,1,148000.0,1.241323,4.006112716057234E-8,140531.0,148000.0,72.69189189189188,46.150914095293,43.89394044561671,35.37782610086022,148000.0,190448.0
semisupervised.SelfTrainingClassifier -l trees.HoeffdingTree -s DistanceMeasure,SemiSupervisedStream -s generators.RandomTreeGenerator -t 0.95,1,149000.0,1.25122,4.056064334594541E-8,141479.0,149000.0,72.69798657718121,46.1663253136128,43.8795922027398,35.39780848022867,149000.0,195096.0
semisupervised.SelfTrainingClassifier -l trees.HoeffdingTree -s DistanceMeasure,SemiSupervisedStream -s generators.RandomTreeGenerator -t 0.95,1,150000.0,1.258915,4.0949037269585666E-8,142414.0,150000.0,72.698,46.168091304133,43.875397434491816,35.373763196515625,150000.0,195104.0
semisupervised.SelfTrainingClassifier -l trees.HoeffdingTree -s DistanceMeasure,SemiSupervisedStream -s generators.RandomTreeGenerator -t 0.95,1,151000.0,1.266567,4.133527666744259E-8,143372.0,151000.0,72.69337748344371,46.16403871289575,43.87395358333901,35.35830184833901,151000.0,195112.0
semisupervised.SelfTrainingClassifier -l trees.HoeffdingTree -s DistanceMeasure,SemiSupervisedStream -s generators.RandomTreeGenerator -t 0.95,1,152000.0,1.274222,4.1721683334973125E-8,144326.0,152000.0,72.69736842105263,46.17710175723081,43.8703743778403,35.35523466828668,152000.0,195120.0
semisupervised.SelfTrainingClassifier -l trees.HoeffdingTree -s DistanceMeasure,SemiSupervisedStream -s generators.RandomTreeGenerator -t 0.95,1,153000.0,1.281993,4.210617737016744E-8,145270.0,153000.0,72.68496732026144,46.156636240130915,43.85663236518983,35.33452992510986,153000.0,191256.0
semisupervised.SelfTrainingClassifier -l trees.HoeffdingTree -s DistanceMeasure,SemiSupervisedStream -s generators.RandomTreeGenerator -t 0.95,1,154000.0,1.291045,4.257087600106994E-8,146215.0,154000.0,72.69480519480518,46.18172792370872,43.872715866469115,35.37827911051005,154000.0,198440.0
semisupervised.SelfTrainingClassifier -l trees.HoeffdingTree -s DistanceMeasure,SemiSupervisedStream -s generators.RandomTreeGenerator -t 0.95,1,155000.0,1.299828,4.3030962832272046E-8,147159.0,155000.0,72.72967741935484,46.24956090196868,43.92618829678568,35.454364988471006,155000.0,202488.0
semisupervised.SelfTrainingClassifier -l trees.HoeffdingTree -s DistanceMeasure,SemiSupervisedStream -s generators.RandomTreeGenerator -t 0.95,1,156000.0,1.307417,4.343073370349075E-8,148109.0,156000.0,72.73846153846154,46.27012199650034,43.9447461380292,35.46194002670876,156000.0,203624.0
semisupervised.SelfTrainingClassifier -l trees.HoeffdingTree -s DistanceMeasure,SemiSupervisedStream -s generators.RandomTreeGenerator -t 0.95,1,157000.0,1.314898,4.3824846351312256E-8,149063.0,157000.0,72.73757961783438,46.271240021193286,43.9426880058674,35.445825289575275,157000.0,203640.0
semisupervised.SelfTrainingClassifier -l trees.HoeffdingTree -s DistanceMeasure,SemiSupervisedStream -s generators.RandomTreeGenerator -t 0.95,1,158000.0,1.3253,4.439178725083668E-8,150008.0,158000.0,72.73544303797468,46.27074211385347,43.94170082633872,35.44336045797178,158000.0,210680.0
semisupervised.SelfTrainingClassifier -l trees.HoeffdingTree -s DistanceMeasure,SemiSupervisedStream -s generators.RandomTreeGenerator -t 0.95,1,159000.0,1.334426,4.49102792640527E-8,150956.0,159000.0,72.7440251572327,46.29099687320325,43.97574786048556,35.471046322905345,159000.0,219616.0
semisupervised.SelfTrainingClassifier -l trees.HoeffdingTree -s DistanceMeasure,SemiSupervisedStream -s generators.RandomTreeGenerator -t 0.95,1,160000.0,1.342202,4.535313343008358E-8,151912.0,160000.0,72.733125,46.2735646562073,43.97457300629254,35.422895882056906,160000.0,220144.0
semisupervised.SelfTrainingClassifier -l trees.HoeffdingTree -s DistanceMeasure,SemiSupervisedStream -s generators.RandomTreeGenerator -t 0.95,1,161000.0,1.349585,4.5773697371284157E-8,152876.0,161000.0,72.74534161490683,46.29883254427561,44.009187188975375,35.44875472586317,161000.0,220192.0
semisupervised.SelfTrainingClassifier -l trees.HoeffdingTree -s DistanceMeasure,SemiSupervisedStream -s generators.RandomTreeGenerator -t 0.95,1,162000.0,1.357195,4.620727084991004E-8,153835.0,162000.0,72.75246913580247,46.31275466397275,44.036057509445435,35.44561116148469,162000.0,220232.0
semisupervised.SelfTrainingClassifier -l trees.HoeffdingTree -s DistanceMeasure,SemiSupervisedStream -s generators.RandomTreeGenerator -t 0.95,1,163000.0,1.365222,4.666576545064647E-8,154788.0,163000.0,72.7558282208589,46.318892995181606,44.04445396469387,35.44973544973545,163000.0,220792.0
semisupervised.SelfTrainingClassifier -l trees.HoeffdingTree -s DistanceMeasure,SemiSupervisedStream -s generators.RandomTreeGenerator -t 0.95,1,164000.0,1.373116,4.7116826592634114E-8,155747.0,164000.0,72.7591463414634,46.32269955780987,44.04644114073869,35.47711549849072,164000.0,220872.0
semisupervised.SelfTrainingClassifier -l trees.HoeffdingTree -s DistanceMeasure,SemiSupervisedStream -s generators.RandomTreeGenerator -t 0.95,1,165000.0,1.381878,4.761755756826864E-8,156698.0,165000.0,72.76848484848485,46.339147109381855,44.05249592210283,35.50739199081383,165000.0,220904.0
semisupervised.SelfTrainingClassifier -l trees.HoeffdingTree -s DistanceMeasure,SemiSupervisedStream -s generators.RandomTreeGenerator -t 0.95,1,166000.0,1.391608,4.8173668241749204E-8,157647.0,166000.0,72.78493975903615,46.37062248619019,44.104473918638035,35.539701790682756,166000.0,220928.0
semisupervised.SelfTrainingClassifier -l trees.HoeffdingTree -s DistanceMeasure,SemiSupervisedStream -s generators.RandomTreeGenerator -t 0.95,1,167000.0,1.40165,4.874763181847002E-8,158606.0,167000.0,72.80538922155688,46.40584223333494,44.14448762729374,35.598003346663255,167000.0,220936.0
semisupervised.SelfTrainingClassifier -l trees.HoeffdingTree -s DistanceMeasure,SemiSupervisedStream -s generators.RandomTreeGenerator -t 0.95,1,168000.0,1.412196,4.9350445823123055E-8,159560.0,168000.0,72.84226190476191,46.47458757129952,44.21553284100357,35.66966992372011,168000.0,220952.0
semisupervised.SelfTrainingClassifier -l trees.HoeffdingTree -s DistanceMeasure,SemiSupervisedStream -s generators.RandomTreeGenerator -t 0.95,1,169000.0,1.423034,4.996999553715189E-8,160515.0,169000.0,72.85917159763314,46.50585043766037,44.23682450914838,35.72579628098593,169000.0,220968.0
semisupervised.SelfTrainingClassifier -l trees.HoeffdingTree -s DistanceMeasure,SemiSupervisedStream -s generators.RandomTreeGenerator -t 0.95,1,170000.0,1.434071,5.060094384476542E-8,161464.0,170000.0,72.87882352941176,46.544718101519926,44.27873924393309,35.7917751751222,170000.0,220976.0
semisupervised.SelfTrainingClassifier -l trees.HoeffdingTree -s DistanceMeasure,SemiSupervisedStream -s generators.RandomTreeGenerator -t 0.95,1,171000.0,1.445156,5.123470497628053E-8,162411.0,171000.0,72.89181286549707,46.57009671678479,44.30159206969059,35.79906652078167,171000.0,221000.0
semisupervised.SelfTrainingClassifier -l trees.HoeffdingTree -s DistanceMeasure,SemiSupervisedStream -s generators.RandomTreeGenerator -t 0.95,1,172000.0,1.456578,5.188775699999597E-8,163341.0,172000.0,72.91162790697673,46.60758181034238,44.32920709267313,35.836064670724646,172000.0,221008.0
semisupervised.SelfTrainingClassifier -l trees.HoeffdingTree -s DistanceMeasure,SemiSupervisedStream -s generators.RandomTreeGenerator -t 0.95,1,173000.0,1.467635,5.251996305874652E-8,164304.0,173000.0,72.92485549132948,46.63378644984409,44.364599541518686,35.854947823943455,173000.0,221016.0
semisupervised.SelfTrainingClassifier -l trees.HoeffdingTree -s DistanceMeasure,SemiSupervisedStream -s generators.RandomTreeGenerator -t 0.95,1,174000.0,1.478407,5.313594055465526E-8,165254.0,174000.0,72.93908045977011,46.66108025278323,44.40587512987626,35.89118684221275,174000.0,221040.0
semisupervised.SelfTrainingClassifier -l trees.HoeffdingTree -s DistanceMeasure,SemiSupervisedStream -s generators.RandomTreeGenerator -t 0.95,1,175000.0,1.487633,5.366351281396217E-8,166214.0,175000.0,72.94914285714286,46.680341176614334,44.42866198671144,35.92794109685453,175000.0,221040.0
semisupervised.SelfTrainingClassifier -l trees.HoeffdingTree -s DistanceMeasure,SemiSupervisedStream -s generators.RandomTreeGenerator -t 0.95,1,176000.0,1.497045,5.420172114960021E-8,167170.0,176000.0,72.96647727272727,46.716374118941886,44.45987906520673,35.98003202411226,176000.0,221040.0
semisupervised.SelfTrainingClassifier -l trees.HoeffdingTree -s DistanceMeasure,SemiSupervisedStream -s generators.RandomTreeGenerator -t 0.95,1,177000.0,1.505893,5.4707678157008356E-8,168136.0,177000.0,72.97570621468927,46.734745083918966,44.47643037063691,36.01278861331835,177000.0,221040.0
semisupervised.SelfTrainingClassifier -l trees.HoeffdingTree -s DistanceMeasure,SemiSupervisedStream -s generators.RandomTreeGenerator -t 0.95,1,178000.0,1.515437,5.525454080560141E-8,169080.0,178000.0,72.9814606741573,46.74939235253692,44.48715284992036,36.02442333785618,178000.0,221488.0
semisupervised.SelfTrainingClassifier -l trees.HoeffdingTree -s DistanceMeasure,SemiSupervisedStream -s generators.RandomTreeGenerator -t 0.95,1,179000.0,1.525097,5.580807014264994E-8,170022.0,179000.0,72.99944134078213,46.78522496104407,44.52937598273824,36.061648366186,179000.0,221496.0
semisupervised.SelfTrainingClassifier -l trees.HoeffdingTree -s DistanceMeasure,SemiSupervisedStream -s generators.RandomTreeGenerator -t 0.95,1,180000.0,1.535244,5.6389505151245325E-8,170980.0,180000.0,73.01055555555556,46.809756818535135,44.55489614243323,36.088563798297656,180000.0,221496.0
semisupervised.SelfTrainingClassifier -l trees.HoeffdingTree -s DistanceMeasure,SemiSupervisedStream -s generators.RandomTreeGenerator -t 0.95,1,181000.0,1.544523,5.69212027411494E-8,171928.0,181000.0,73.02486187845304,46.84009684359148,44.60580206714242,36.13389318369109,181000.0,221496.0
semisupervised.SelfTrainingClassifier -l trees.HoeffdingTree -s DistanceMeasure,SemiSupervisedStream -s generators.RandomTreeGenerator -t 0.95,1,182000.0,1.553517,5.743656949657533E-8,172880.0,182000.0,73.03241758241758,46.85448188792886,44.62446267191679,36.15147454826918,182000.0,221496.0
semisupervised.SelfTrainingClassifier -l trees.HoeffdingTree -s DistanceMeasure,SemiSupervisedStream -s generators.RandomTreeGenerator -t 0.95,1,183000.0,1.561577,5.789843363687396E-8,173822.0,183000.0,73.05628415300546,46.90036713749124,44.68526683045582,36.19199213189431,183000.0,221504.0
semisupervised.SelfTrainingClassifier -l trees.HoeffdingTree -s DistanceMeasure,SemiSupervisedStream -s generators.RandomTreeGenerator -t 0.95,1,184000.0,1.570298,5.839817522093653E-8,174769.0,184000.0,73.06358695652175,46.915689144539115,44.69587922203998,36.20496582615748,184000.0,221504.0
semisupervised.SelfTrainingClassifier -l trees.HoeffdingTree -s DistanceMeasure,SemiSupervisedStream -s generators.RandomTreeGenerator -t 0.95,1,185000.0,1.579514,5.892632005736231E-8,175716.0,185000.0,73.06432432432433,46.920262016220974,44.70226601859867,36.191817657980664,185000.0,221520.0
semisupervised.SelfTrainingClassifier -l trees.HoeffdingTree -s DistanceMeasure,SemiSupervisedStream -s generators.RandomTreeGenerator -t 0.95,1,186000.0,1.587313,5.9373260332892334E-8,176670.0,186000.0,73.07150537634408,46.934568740244885,44.705960279522635,36.18677538539941,186000.0,221520.0
semisupervised.SelfTrainingClassifier -l trees.HoeffdingTree -s DistanceMeasure,SemiSupervisedStream -s generators.RandomTreeGenerator -t 0.95,1,187000.0,1.595768,5.985779425129294E-8,177619.0,187000.0,73.08449197860962,46.95957684170834,44.714411247803156,36.20947504499251,187000.0,221520.0
semisupervised.SelfTrainingClassifier -l trees.HoeffdingTree -s DistanceMeasure,SemiSupervisedStream -s generators.RandomTreeGenerator -t 0.95,1,188000.0,1.604115,6.033613897239168E-8,178569.0,188000.0,73.08989361702127,46.969701083826756,44.73043098268422,36.22393666641453,188000.0,221520.0
semisupervised.SelfTrainingClassifier -l trees.HoeffdingTree -s DistanceMeasure,SemiSupervisedStream -s generators.RandomTreeGenerator -t 0.95,1,189000.0,1.612025,6.078947310853335E-8,179515.0,189000.0,73.09523809523809,46.98209526663517,44.73066388417894,36.24144243548913,189000.0,221536.0
semisupervised.SelfTrainingClassifier -l trees.HoeffdingTree -s DistanceMeasure,SemiSupervisedStream -s generators.RandomTreeGenerator -t 0.95,1,190000.0,1.6197,6.122933903709052E-8,180467.0,190000.0,73.1021052631579,46.996924685166114,44.74011439940312,36.24739593079101,190000.0,221536.0
semisupervised.SelfTrainingClassifier -l trees.HoeffdingTree -s DistanceMeasure,SemiSupervisedStream -s generators.RandomTreeGenerator -t 0.95,1,191000.0,1.627594,6.168178886382115E-8,181411.0,191000.0,73.10052356020942,46.995671376195936,44.741172548049526,36.23501377615609,191000.0,221552.0
semisupervised.SelfTrainingClassifier -l trees.HoeffdingTree -s DistanceMeasure,SemiSupervisedStream -s generators.RandomTreeGenerator -t 0.95,1,192000.0,1.636785,6.220857710267106E-8,182350.0,192000.0,73.10260416666667,47.00039011948284,44.73965801356816,36.22037519605784,192000.0,221552.0
semisupervised.SelfTrainingClassifier -l trees.HoeffdingTree -s DistanceMeasure,SemiSupervisedStream -s generators.RandomTreeGenerator -t 0.95,1,193000.0,1.645367,6.270839943033125E-8,183298.0,193000.0,73.10621761658031,47.01182780937427,44.75664399672192,36.23542708320537,193000.0,225128.0
semisupervised.SelfTrainingClassifier -l trees.HoeffdingTree -s DistanceMeasure,SemiSupervisedStream -s generators.RandomTreeGenerator -t 0.95,1,194000.0,1.654187,6.323022431176569E-8,184247.0,194000.0,73.11030927835051,47.02348532215158,44.742333562840955,36.225044928298104,194000.0,228696.0
semisupervised.SelfTrainingClassifier -l trees.HoeffdingTree -s DistanceMeasure,SemiSupervisedStream -s generators.RandomTreeGenerator -t 0.95,1,195000.0,1.663795,6.381638761402831E-8,185193.0,195000.0,73.11794871794872,47.04014944510394,44.76116210206857,36.25120091451922,195000.0,235824.0
semisupervised.SelfTrainingClassifier -l trees.HoeffdingTree -s DistanceMeasure,SemiSupervisedStream -s generators.RandomTreeGenerator -t 0.95,1,196000.0,1.671568,6.429066588274305E-8,186155.0,196000.0,73.12091836734695,47.04669369891853,44.76225425950198,36.242284884424556,196000.0,235856.0
semisupervised.SelfTrainingClassifier -l trees.HoeffdingTree -s DistanceMeasure,SemiSupervisedStream -s generators.RandomTreeGenerator -t 0.95,1,197000.0,1.679646,6.47835540668004E-8,187113.0,197000.0,73.14060913705583,47.08646930683276,44.82021440787552,36.29851680631801,197000.0,235856.0
semisupervised.SelfTrainingClassifier -l trees.HoeffdingTree -s DistanceMeasure,SemiSupervisedStream -s generators.RandomTreeGenerator -t 0.95,1,198000.0,1.688345,6.531681774184106E-8,188070.0,198000.0,73.1489898989899,47.10434233789732,44.85130130805059,36.32934131736528,198000.0,236960.0
semisupervised.SelfTrainingClassifier -l trees.HoeffdingTree -s DistanceMeasure,SemiSupervisedStream -s generators.RandomTreeGenerator -t 0.95,1,199000.0,1.696292,6.580518316477536E-8,189022.0,199000.0,73.17085427135679,47.14853806115219,44.903097975274,36.36851200762769,199000.0,237544.0
semisupervised.SelfTrainingClassifier -l trees.HoeffdingTree -s DistanceMeasure,SemiSupervisedStream -s generators.RandomTreeGenerator -t 0.95,1,200000.0,1.704383,6.63024480268359E-8,189970.0,200000.0,73.193,47.19210078944522,44.932210353327854,36.4296046859067,200000.0,237568.0
semisupervised.SelfTrainingClassifier -l trees.HoeffdingTree -s DistanceMeasure,SemiSupervisedStream -s generators.RandomTreeGenerator -t 0.95,1,201000.0,1.712632,6.680942341271372E-8,190928.0,201000.0,73.20796019900497,47.22173277418892,44.95967947997261,36.447318731117825,201000.0,237568.0
semisupervised.SelfTrainingClassifier -l trees.HoeffdingTree -s DistanceMeasure,SemiSupervisedStream -s generators.RandomTreeGenerator -t 0.95,1,202000.0,1.720613,6.729994430103234E-8,191873.0,202000.0,73.21386138613862,47.23444629668399,44.95961589323134,36.47431758144995,202000.0,237576.0
semisupervised.SelfTrainingClassifier -l trees.HoeffdingTree -s DistanceMeasure,SemiSupervisedStream -s generators.RandomTreeGenerator -t 0.95,1,203000.0,1.728578,6.778948181205324E-8,192824.0,203000.0,73.22364532019704,47.25511312200631,44.98102130674628,36.51038381573105,203000.0,237576.0
semisupervised.SelfTrainingClassifier -l trees.HoeffdingTree -s DistanceMeasure,SemiSupervisedStream -s generators.RandomTreeGenerator -t 0.95,1,204000.0,1.737241,6.83219370866815E-8,193782.0,204000.0,73.22401960784313,47.25761820926671,44.990835666377976,36.4922683408906,204000.0,237584.0
semisupervised.SelfTrainingClassifier -l trees.HoeffdingTree -s DistanceMeasure,SemiSupervisedStream -s generators.RandomTreeGenerator -t 0.95,1,205000.0,1.745537,6.88319040627943E-8,194740.0,205000.0,73.22975609756097,47.271205256435735,45.003307077145074,36.50615512773046,205000.0,237616.0
semisupervised.SelfTrainingClassifier -l trees.HoeffdingTree -s DistanceMeasure,SemiSupervisedStream -s generators.RandomTreeGenerator -t 0.95,1,206000.0,1.753858,6.934340782463549E-8,195677.0,206000.0,73.23980582524273,47.2918516001445,45.01311681445942,36.532461402074674,206000.0,237616.0
semisupervised.SelfTrainingClassifier -l trees.HoeffdingTree -s DistanceMeasure,SemiSupervisedStream -s generators.RandomTreeGenerator -t 0.95,1,207000.0,1.761688,6.982479393482206E-8,196624.0,207000.0,73.23381642512076,47.283618873675515,45.00863489290746,36.50033236298621,207000.0,237648.0
semisupervised.SelfTrainingClassifier -l trees.HoeffdingTree -s DistanceMeasure,SemiSupervisedStream -s generators.RandomTreeGenerator -t 0.95,1,208000.0,1.769961,7.033341555545726E-8,197576.0,208000.0,73.24567307692308,47.308052909111446,45.03693900126422,36.51794982945667,208000.0,237648.0
semisupervised.SelfTrainingClassifier -l trees.HoeffdingTree -s DistanceMeasure,SemiSupervisedStream -s generators.RandomTreeGenerator -t 0.95,1,209000.0,1.778331,7.084800070772566E-8,198534.0,209000.0,73.24784688995216,47.31317716281528,45.052331580757695,36.52638868391476,209000.0,237648.0
semisupervised.SelfTrainingClassifier -l trees.HoeffdingTree -s DistanceMeasure,SemiSupervisedStream -s generators.RandomTreeGenerator -t 0.95,1,210000.0,1.786444,7.134678557515142E-8,199486.0,210000.0,73.26523809523809,47.34781879379462,45.09080951030348,36.58307918219813,210000.0,237648.0
semisupervised.SelfTrainingClassifier -l trees.HoeffdingTree -s DistanceMeasure,SemiSupervisedStream -s generators.RandomTreeGenerator -t 0.95,1,211000.0,1.795858,7.192557502537963E-8,200428.0,211000.0,73.26872037914693,47.35496369075412,45.09855453350855,36.59449615540267,211000.0,237656.0
semisupervised.SelfTrainingClassifier -l trees.HoeffdingTree -s DistanceMeasure,SemiSupervisedStream -s generators.RandomTreeGenerator -t 0.95,1,212000.0,1.803987,7.242536039195125E-8,201379.0,212000.0,73.27924528301887,47.376665031658675,45.12979465323518,36.622586203038644,212000.0,237656.0
semisupervised.SelfTrainingClassifier -l trees.HoeffdingTree -s DistanceMeasure,SemiSupervisedStream -s generators.RandomTreeGenerator -t 0.95,1,213000.0,1.812391,7.294205324724315E-8,202332.0,213000.0,73.28638497652582,47.39230445472472,45.15133988818199,36.63697104677059,213000.0,237656.0
semisupervised.SelfTrainingClassifier -l trees.HoeffdingTree -s DistanceMeasure,SemiSupervisedStream -s generators.RandomTreeGenerator -t 0.95,1,214000.0,1.821048,7.34743009921577E-8,203283.0,214000.0,73.29859813084111,47.41564172832381,45.17481578139392,36.68446946192713,214000.0,237656.0
semisupervised.SelfTrainingClassifier -l trees.HoeffdingTree -s DistanceMeasure,SemiSupervisedStream -s generators.RandomTreeGenerator -t 0.95,1,215000.0,1.829197,7.397533285948962E-8,204237.0,215000.0,73.32,47.457326816707436,45.225545242733276,36.75215560014995,215000.0,237664.0
semisupervised.SelfTrainingClassifier -l trees.HoeffdingTree -s DistanceMeasure,SemiSupervisedStream -s generators.RandomTreeGenerator -t 0.95,1,216000.0,1.837693,7.449769962165088E-8,205177.0,216000.0,73.31759259259259,47.45495397638658,45.21482889733841,36.734066609585284,216000.0,237664.0
semisupervised.SelfTrainingClassifier -l trees.HoeffdingTree -s DistanceMeasure,SemiSupervisedStream -s generators.RandomTreeGenerator -t 0.95,1,217000.0,1.846022,7.500979858140147E-8,206115.0,217000.0,73.3179723502304,47.4577908358322,45.209886823876744,36.735139860139846,217000.0,237664.0
semisupervised.SelfTrainingClassifier -l trees.HoeffdingTree -s DistanceMeasure,SemiSupervisedStream -s generators.RandomTreeGenerator -t 0.95,1,218000.0,1.855441,7.55879792405499E-8,207074.0,218000.0,73.33073394495413,47.4820514690241,45.24899235318492,36.77588438074317,218000.0,237280.0
semisupervised.SelfTrainingClassifier -l trees.HoeffdingTree -s DistanceMeasure,SemiSupervisedStream -s generators.RandomTreeGenerator -t 0.95,1,219000.0,1.865068,7.618803318796882E-8,208022.0,219000.0,73.33744292237444,47.49727082542902,45.26630546858889,36.790543100555325,219000.0,240936.0
semisupervised.SelfTrainingClassifier -l trees.HoeffdingTree -s DistanceMeasure,SemiSupervisedStream -s generators.RandomTreeGenerator -t 0.95,1,220000.0,1.873814,7.673322842973798E-8,208972.0,220000.0,73.33727272727273,47.49805315661701,45.26895264753908,36.78345493539104,220000.0,240960.0
semisupervised.SelfTrainingClassifier -l trees.HoeffdingTree -s DistanceMeasure,SemiSupervisedStream -s generators.RandomTreeGenerator -t 0.95,1,221000.0,1.882319,7.726341817114084E-8,209915.0,221000.0,73.33076923076923,47.48980264782946,45.267214560988066,36.76344362902881,221000.0,240968.0
semisupervised.SelfTrainingClassifier -l trees.HoeffdingTree -s DistanceMeasure,SemiSupervisedStream -s generators.RandomTreeGenerator -t 0.95,1,222000.0,1.890322,7.776231393838917E-8,210867.0,222000.0,73.3436936936937,47.51625762295815,45.29208923074077,36.80641578745034,222000.0,240968.0
semisupervised.SelfTrainingClassifier -l trees.HoeffdingTree -s DistanceMeasure,SemiSupervisedStream -s generators.RandomTreeGenerator -t 0.95,1,223000.0,1.89925,7.831898376966511E-8,211814.0,223000.0,73.34349775784753,47.51799637789619,45.29911383901869,36.80405685551172,223000.0,241016.0
semisupervised.SelfTrainingClassifier -l trees.HoeffdingTree -s DistanceMeasure,SemiSupervisedStream -s generators.RandomTreeGenerator -t 0.95,1,224000.0,1.907491,7.883281845599408E-8,212765.0,224000.0,73.35669642857144,47.54550785461109,45.339561295049705,36.844834336871294,224000.0,241016.0
semisupervised.SelfTrainingClassifier -l trees.HoeffdingTree -s DistanceMeasure,SemiSupervisedStream -s generators.RandomTreeGenerator -t 0.95,1,225000.0,1.915494,7.933181360156994E-8,213719.0,225000.0,73.35866666666668,47.55365902797609,45.34886901342963,36.85424742963088,225000.0,241016.0
semisupervised.SelfTrainingClassifier -l trees.HoeffdingTree -s DistanceMeasure,SemiSupervisedStream -s generators.RandomTreeGenerator -t 0.95,1,226000.0,1.923626,7.983885202763803E-8,214670.0,226000.0,73.36681415929203,47.57194361974351,45.366336274189464,36.890170380078644,226000.0,241016.0
semisupervised.SelfTrainingClassifier -l trees.HoeffdingTree -s DistanceMeasure,SemiSupervisedStream -s generators.RandomTreeGenerator -t 0.95,1,227000.0,1.931862,8.035239200418188E-8,215626.0,227000.0,73.38105726872247,47.60101573293294,45.39333965930144,36.93905238989773,227000.0,241024.0
semisupervised.SelfTrainingClassifier -l trees.HoeffdingTree -s DistanceMeasure,SemiSupervisedStream -s generators.RandomTreeGenerator -t 0.95,1,228000.0,1.940407,8.08851990828083E-8,216568.0,228000.0,73.38859649122807,47.61670847545686,45.414961090369324,36.965352449223424,228000.0,241024.0
semisupervised.SelfTrainingClassifier -l trees.HoeffdingTree -s DistanceMeasure,SemiSupervisedStream -s generators.RandomTreeGenerator -t 0.95,1,229000.0,1.948769,8.140659554758E-8,217507.0,229000.0,73.39781659388646,47.63698442439885,45.440459984237314,37.00011375740716,229000.0,241024.0
semisupervised.SelfTrainingClassifier -l trees.HoeffdingTree -s DistanceMeasure,SemiSupervisedStream -s generators.RandomTreeGenerator -t 0.95,1,230000.0,1.956974,8.191820257860748E-8,218457.0,230000.0,73.4095652173913,47.66037729894753,45.45940980799586,37.02841845140033,230000.0,241024.0
semisupervised.SelfTrainingClassifier -l trees.HoeffdingTree -s DistanceMeasure,SemiSupervisedStream -s generators.RandomTreeGenerator -t 0.95,1,231000.0,1.965086,8.242401077308583E-8,219412.0,231000.0,73.41038961038961,47.66441344247785,45.45599857916705,37.038593613858865,231000.0,241024.0
semisupervised.SelfTrainingClassifier -l trees.HoeffdingTree -s DistanceMeasure,SemiSupervisedStream -s generators.RandomTreeGenerator -t 0.95,1,232000.0,1.973249,8.293299897470402E-8,220363.0,232000.0,73.41163793103448,47.66820640377467,45.45446506733634,37.02592059457085,232000.0,241024.0
semisupervised.SelfTrainingClassifier -l trees.HoeffdingTree -s DistanceMeasure,SemiSupervisedStream -s generators.RandomTreeGenerator -t 0.95,1,233000.0,1.981352,8.343947020255851E-8,221318.0,233000.0,73.41330472103004,47.67290344268591,45.45814733616842,37.02269122849825,233000.0,241608.0
semisupervised.SelfTrainingClassifier -l trees.HoeffdingTree -s DistanceMeasure,SemiSupervisedStream -s generators.RandomTreeGenerator -t 0.95,1,234000.0,1.990646,8.402046082748301E-8,222270.0,234000.0,73.41709401709402,47.68210972678172,45.464269119155546,37.02072512630482,234000.0,241640.0
semisupervised.SelfTrainingClassifier -l trees.HoeffdingTree -s DistanceMeasure,SemiSupervisedStream -s generators.RandomTreeGenerator -t 0.95,1,235000.0,1.999146,8.455181657440127E-8,223209.0,235000.0,73.41744680851063,47.68458453425441,45.45049686512163,37.01197870452528,235000.0,241640.0
Learner,stream,randomSeed,learning evaluation instances,evaluation time (cpu seconds),model cost (RAM-Hours),Unlabeled instances,classified instances,classifications correct (percent),Kappa Statistic (percent),Kappa Temporal Statistic (percent),Kappa M Statistic (percent),model training instances,model serialized size (bytes)
semisupervised.SelfTrainingClassifier -l trees.HoeffdingTree -s DistanceMeasure,SemiSupervisedStream -s generators.RandomTreeGenerator -t 0.95,1,1000.0,0.086357,1.616030919055144E-9,942.0,1000.0,56.699999999999996,16.650625601539932,9.979209979209966,-15.775401069518729,1000.0,72528.0
semisupervised.SelfTrainingClassifier -l trees.HoeffdingTree -s DistanceMeasure,SemiSupervisedStream -s generators.RandomTreeGenerator -t 0.95,1,2000.0,0.128051,2.5191435342033707E-9,1888.0,2000.0,61.85000000000001,23.598691865413535,16.974972796517967,1.9280205655527152,2000.0,83728.0
semisupervised.SelfTrainingClassifier -l trees.HoeffdingTree -s DistanceMeasure,SemiSupervisedStream -s generators.RandomTreeGenerator -t 0.95,1,3000.0,0.156854,3.1925673472384615E-9,2846.0,3000.0,60.73333333333333,22.97743853560364,15.796997855611147,0.6745362563237594,3000.0,90376.0
semisupervised.SelfTrainingClassifier -l trees.HoeffdingTree -s DistanceMeasure,SemiSupervisedStream -s generators.RandomTreeGenerator -t 0.95,1,4000.0,0.174264,3.599907248798344E-9,3798.0,4000.0,61.650000000000006,24.225509625434942,18.23027718550107,4.423676012461071,4000.0,90440.0
semisupervised.SelfTrainingClassifier -l trees.HoeffdingTree -s DistanceMeasure,SemiSupervisedStream -s generators.RandomTreeGenerator -t 0.95,1,5000.0,0.187732,3.915128093212843E-9,4740.0,5000.0,63.080000000000005,26.409606839138732,20.90831191088261,7.976071784646069,5000.0,90472.0
semisupervised.SelfTrainingClassifier -l trees.HoeffdingTree -s DistanceMeasure,SemiSupervisedStream -s generators.RandomTreeGenerator -t 0.95,1,6000.0,0.201565,4.240094237029553E-9,5681.0,6000.0,64.63333333333333,29.102752229822006,24.13299964247407,12.35026848409747,6000.0,90808.0
semisupervised.SelfTrainingClassifier -l trees.HoeffdingTree -s DistanceMeasure,SemiSupervisedStream -s generators.RandomTreeGenerator -t 0.95,1,7000.0,0.210382,4.447260530044635E-9,6631.0,7000.0,65.52857142857142,30.97342065993185,26.81225356384591,15.422362425516994,7000.0,90824.0
semisupervised.SelfTrainingClassifier -l trees.HoeffdingTree -s DistanceMeasure,SemiSupervisedStream -s generators.RandomTreeGenerator -t 0.95,1,8000.0,0.222268,4.726536764452855E-9,7579.0,8000.0,66.4,32.69416156906736,28.8135593220339,17.52071187480824,8000.0,90824.0
semisupervised.SelfTrainingClassifier -l trees.HoeffdingTree -s DistanceMeasure,SemiSupervisedStream -s generators.RandomTreeGenerator -t 0.95,1,9000.0,0.230889,4.929097795652019E-9,8532.0,9000.0,66.66666666666666,33.288137281746586,29.395151800423626,18.74322860238353,9000.0,90824.0
semisupervised.SelfTrainingClassifier -l trees.HoeffdingTree -s DistanceMeasure,SemiSupervisedStream -s generators.RandomTreeGenerator -t 0.95,1,10000.0,0.247668,5.328688892639346E-9,9476.0,10000.0,66.83,33.70554694102964,30.080101180438458,18.998778998778995,10000.0,92056.0
semisupervised.SelfTrainingClassifier -l trees.HoeffdingTree -s DistanceMeasure,SemiSupervisedStream -s generators.RandomTreeGenerator -t 0.95,1,11000.0,0.263969,5.716896442075571E-9,10413.0,11000.0,66.7909090909091,33.74473385805521,30.04595940252777,19.41319214648135,11000.0,92056.0
semisupervised.SelfTrainingClassifier -l trees.HoeffdingTree -s DistanceMeasure,SemiSupervisedStream -s generators.RandomTreeGenerator -t 0.95,1,12000.0,0.273325,5.939709142678315E-9,11357.0,12000.0,67.08333333333333,34.471967232002164,30.82311733800349,20.52313883299798,12000.0,92056.0
semisupervised.SelfTrainingClassifier -l trees.HoeffdingTree -s DistanceMeasure,SemiSupervisedStream -s generators.RandomTreeGenerator -t 0.95,1,13000.0,0.282814,6.1656892320348165E-9,12299.0,13000.0,67.34615384615384,35.07937292215171,31.38839502181994,20.71348524467688,13000.0,92056.0
semisupervised.SelfTrainingClassifier -l trees.HoeffdingTree -s DistanceMeasure,SemiSupervisedStream -s generators.RandomTreeGenerator -t 0.95,1,14000.0,0.292869,6.405148584809569E-9,13244.0,14000.0,67.53571428571429,35.59210201870934,32.15405284370802,21.570319240724768,14000.0,92056.0
semisupervised.SelfTrainingClassifier -l trees.HoeffdingTree -s DistanceMeasure,SemiSupervisedStream -s generators.RandomTreeGenerator -t 0.95,1,15000.0,0.299737,6.568709682259295E-9,14209.0,15000.0,67.72666666666667,36.04493305182006,32.670375521557716,22.3327450665811,15000.0,92056.0
semisupervised.SelfTrainingClassifier -l trees.HoeffdingTree -s DistanceMeasure,SemiSupervisedStream -s generators.RandomTreeGenerator -t 0.95,1,16000.0,0.308739,6.783091889487373E-9,15161.0,16000.0,67.875,36.42519227204921,32.91568780997129,22.648607975921735,16000.0,92056.0
semisupervised.SelfTrainingClassifier -l trees.HoeffdingTree -s DistanceMeasure,SemiSupervisedStream -s generators.RandomTreeGenerator -t 0.95,1,17000.0,0.316212,6.961061033523746E-9,16105.0,17000.0,68.08823529411765,36.904975780678214,33.39472068753837,23.299872755549288,17000.0,92056.0
semisupervised.SelfTrainingClassifier -l trees.HoeffdingTree -s DistanceMeasure,SemiSupervisedStream -s generators.RandomTreeGenerator -t 0.95,1,18000.0,0.323253,7.128742117848662E-9,17046.0,18000.0,68.11666666666667,37.02511731085169,33.49171398771584,23.35737179487181,18000.0,92056.0
semisupervised.SelfTrainingClassifier -l trees.HoeffdingTree -s DistanceMeasure,SemiSupervisedStream -s generators.RandomTreeGenerator -t 0.95,1,19000.0,0.330268,7.295804013394648E-9,17989.0,19000.0,68.34736842105264,37.53633523285572,33.97013614404919,24.16141235813368,19000.0,92056.0
semisupervised.SelfTrainingClassifier -l trees.HoeffdingTree -s DistanceMeasure,SemiSupervisedStream -s generators.RandomTreeGenerator -t 0.95,1,20000.0,0.335711,7.42542880276839E-9,18929.0,20000.0,68.47999999999999,37.83250769926739,34.1893725858649,24.430592184128503,20000.0,92056.0
semisupervised.SelfTrainingClassifier -l trees.HoeffdingTree -s DistanceMeasure,SemiSupervisedStream -s generators.RandomTreeGenerator -t 0.95,1,21000.0,0.341451,7.56212663319376E-9,19867.0,21000.0,68.75238095238096,38.38905747597832,34.797297297297305,25.10842273453549,21000.0,92056.0
semisupervised.SelfTrainingClassifier -l trees.HoeffdingTree -s DistanceMeasure,SemiSupervisedStream -s generators.RandomTreeGenerator -t 0.95,1,22000.0,0.346707,7.68729802634981E-9,20802.0,22000.0,68.75,38.42400530524929,34.673128088179396,24.863387978142075,22000.0,92056.0
semisupervised.SelfTrainingClassifier -l trees.HoeffdingTree -s DistanceMeasure,SemiSupervisedStream -s generators.RandomTreeGenerator -t 0.95,1,23000.0,0.35245,7.824067301634287E-9,21749.0,23000.0,68.80869565217391,38.57941873383192,34.87063095778484,24.911032028469755,23000.0,92056.0
semisupervised.SelfTrainingClassifier -l trees.HoeffdingTree -s DistanceMeasure,SemiSupervisedStream -s generators.RandomTreeGenerator -t 0.95,1,24000.0,0.357549,7.94549974716372E-9,22701.0,24000.0,68.84166666666667,38.6779543439548,35.03040834057342,24.859324758842437,24000.0,92056.0
semisupervised.SelfTrainingClassifier -l trees.HoeffdingTree -s DistanceMeasure,SemiSupervisedStream -s generators.RandomTreeGenerator -t 0.95,1,25000.0,0.372582,8.344827180521357E-9,23639.0,25000.0,68.996,39.00645863292905,35.30590100993239,25.33474617088914,25000.0,102680.0
semisupervised.SelfTrainingClassifier -l trees.HoeffdingTree -s DistanceMeasure,SemiSupervisedStream -s generators.RandomTreeGenerator -t 0.95,1,26000.0,0.379955,8.54875116919478E-9,24590.0,26000.0,69.03461538461538,39.12080538318125,35.41115122342559,25.55021268725726,26000.0,106912.0
semisupervised.SelfTrainingClassifier -l trees.HoeffdingTree -s DistanceMeasure,SemiSupervisedStream -s generators.RandomTreeGenerator -t 0.95,1,27000.0,0.385494,8.702878546383648E-9,25525.0,27000.0,69.08888888888889,39.26500909642208,35.6515034695451,25.806738376744608,27000.0,107560.0
semisupervised.SelfTrainingClassifier -l trees.HoeffdingTree -s DistanceMeasure,SemiSupervisedStream -s generators.RandomTreeGenerator -t 0.95,1,28000.0,0.390645,8.846230815268227E-9,26477.0,28000.0,69.05357142857143,39.24258061056102,35.724352792819516,25.609546703296704,28000.0,107576.0
semisupervised.SelfTrainingClassifier -l trees.HoeffdingTree -s DistanceMeasure,SemiSupervisedStream -s generators.RandomTreeGenerator -t 0.95,1,29000.0,0.395788,8.990105523003473E-9,27426.0,29000.0,69.17586206896551,39.51934115620562,35.985391005442565,25.921935858125483,29000.0,108136.0
semisupervised.SelfTrainingClassifier -l trees.HoeffdingTree -s DistanceMeasure,SemiSupervisedStream -s generators.RandomTreeGenerator -t 0.95,1,30000.0,0.400911,9.13349495165878E-9,28377.0,30000.0,69.26333333333334,39.72007889982064,36.305864474683986,26.16111467008328,30000.0,108192.0
semisupervised.SelfTrainingClassifier -l trees.HoeffdingTree -s DistanceMeasure,SemiSupervisedStream -s generators.RandomTreeGenerator -t 0.95,1,31000.0,0.406228,9.282314313782587E-9,29319.0,31000.0,69.25483870967743,39.72977260009607,36.21762698253364,26.184944237918234,31000.0,108192.0
semisupervised.SelfTrainingClassifier -l trees.HoeffdingTree -s DistanceMeasure,SemiSupervisedStream -s generators.RandomTreeGenerator -t 0.95,1,32000.0,0.411132,9.419584224621455E-9,30277.0,32000.0,69.3125,39.863171261466896,36.378360868156776,26.414387411015355,32000.0,108200.0
semisupervised.SelfTrainingClassifier -l trees.HoeffdingTree -s DistanceMeasure,SemiSupervisedStream -s generators.RandomTreeGenerator -t 0.95,1,33000.0,0.416651,9.574068857149946E-9,31229.0,33000.0,69.4090909090909,40.0567837075801,36.621044701155206,26.762913522925125,33000.0,108200.0
semisupervised.SelfTrainingClassifier -l trees.HoeffdingTree -s DistanceMeasure,SemiSupervisedStream -s generators.RandomTreeGenerator -t 0.95,1,34000.0,0.427747,9.904893212434319E-9,32172.0,34000.0,69.50588235294117,40.26362194787113,36.819012797074954,26.913858733963046,34000.0,115248.0
semisupervised.SelfTrainingClassifier -l trees.HoeffdingTree -s DistanceMeasure,SemiSupervisedStream -s generators.RandomTreeGenerator -t 0.95,1,35000.0,0.435356,1.0151343620899651E-8,33112.0,35000.0,69.50285714285714,40.299997665309476,36.87385416050624,26.920443653293173,35000.0,125200.0
semisupervised.SelfTrainingClassifier -l trees.HoeffdingTree -s DistanceMeasure,SemiSupervisedStream -s generators.RandomTreeGenerator -t 0.95,1,36000.0,0.4408,1.0327772533314096E-8,34060.0,36000.0,69.48055555555555,40.2841731282016,36.7763839337093,26.948138297872347,36000.0,125272.0
semisupervised.SelfTrainingClassifier -l trees.HoeffdingTree -s DistanceMeasure,SemiSupervisedStream -s generators.RandomTreeGenerator -t 0.95,1,37000.0,0.44617,1.0501869939681557E-8,35012.0,37000.0,69.50810810810812,40.358100915658056,36.86625629546727,27.04817329453606,37000.0,125320.0
semisupervised.SelfTrainingClassifier -l trees.HoeffdingTree -s DistanceMeasure,SemiSupervisedStream -s generators.RandomTreeGenerator -t 0.95,1,38000.0,0.451296,1.0668067383683391E-8,35968.0,38000.0,69.58947368421052,40.53702811316982,37.05196644514652,27.183364839319474,38000.0,125328.0
semisupervised.SelfTrainingClassifier -l trees.HoeffdingTree -s DistanceMeasure,SemiSupervisedStream -s generators.RandomTreeGenerator -t 0.95,1,39000.0,0.457134,1.085736168962386E-8,36914.0,39000.0,69.63076923076923,40.64406944000864,37.190433260858036,27.261561137382532,39000.0,125336.0
semisupervised.SelfTrainingClassifier -l trees.HoeffdingTree -s DistanceMeasure,SemiSupervisedStream -s generators.RandomTreeGenerator -t 0.95,1,40000.0,0.46231,1.1025919403052993E-8,37863.0,40000.0,69.67750000000001,40.752784307734295,37.32106867862126,27.458133971291883,40000.0,125880.0
semisupervised.SelfTrainingClassifier -l trees.HoeffdingTree -s DistanceMeasure,SemiSupervisedStream -s generators.RandomTreeGenerator -t 0.95,1,41000.0,0.468065,1.1213368125673798E-8,38812.0,41000.0,69.68780487804878,40.793198520902216,37.35887096774192,27.436211829275408,41000.0,125904.0
semisupervised.SelfTrainingClassifier -l trees.HoeffdingTree -s DistanceMeasure,SemiSupervisedStream -s generators.RandomTreeGenerator -t 0.95,1,42000.0,0.473717,1.1397461988445785E-8,39758.0,42000.0,69.7595238095238,40.95568209707416,37.50430546671259,27.592497577105046,42000.0,125904.0
semisupervised.SelfTrainingClassifier -l trees.HoeffdingTree -s DistanceMeasure,SemiSupervisedStream -s generators.RandomTreeGenerator -t 0.95,1,43000.0,0.478524,1.1554729373504718E-8,40719.0,43000.0,69.7953488372093,41.04185997960085,37.55168766227523,27.679714906175185,43000.0,126464.0
semisupervised.SelfTrainingClassifier -l trees.HoeffdingTree -s DistanceMeasure,SemiSupervisedStream -s generators.RandomTreeGenerator -t 0.95,1,44000.0,0.48385,1.1728976532402965E-8,41668.0,44000.0,69.7840909090909,41.0446417817287,37.51468722094281,27.630504599640755,44000.0,126464.0
semisupervised.SelfTrainingClassifier -l trees.HoeffdingTree -s DistanceMeasure,SemiSupervisedStream -s generators.RandomTreeGenerator -t 0.95,1,45000.0,0.489001,1.189749833403362E-8,42615.0,45000.0,69.83777777777777,41.15581601950669,37.62121421021187,27.741695059625215,45000.0,126464.0
semisupervised.SelfTrainingClassifier -l trees.HoeffdingTree -s DistanceMeasure,SemiSupervisedStream -s generators.RandomTreeGenerator -t 0.95,1,46000.0,0.4964,1.2141679635064468E-8,43563.0,46000.0,69.88260869565217,41.25562882776819,37.664791901012364,27.836232940931342,46000.0,127568.0
semisupervised.SelfTrainingClassifier -l trees.HoeffdingTree -s DistanceMeasure,SemiSupervisedStream -s generators.RandomTreeGenerator -t 0.95,1,47000.0,0.502007,1.2326721472458706E-8,44508.0,47000.0,69.9063829787234,41.32201080322961,37.61743042385216,27.840416305290532,47000.0,127568.0
semisupervised.SelfTrainingClassifier -l trees.HoeffdingTree -s DistanceMeasure,SemiSupervisedStream -s generators.RandomTreeGenerator -t 0.95,1,48000.0,0.507412,1.2505096919420692E-8,45460.0,48000.0,69.97083333333333,41.462202719663274,37.736501079913616,28.088205946916787,48000.0,127568.0
semisupervised.SelfTrainingClassifier -l trees.HoeffdingTree -s DistanceMeasure,SemiSupervisedStream -s generators.RandomTreeGenerator -t 0.95,1,49000.0,0.513159,1.269475902741154E-8,46393.0,49000.0,69.87755102040816,41.30601260284985,37.618866489159394,27.848658161020683,49000.0,127568.0
semisupervised.SelfTrainingClassifier -l trees.HoeffdingTree -s DistanceMeasure,SemiSupervisedStream -s generators.RandomTreeGenerator -t 0.95,1,50000.0,0.518603,1.287442154975401E-8,47342.0,50000.0,69.87,41.310423025152176,37.63970527361536,27.904862174578852,50000.0,127568.0
semisupervised.SelfTrainingClassifier -l trees.HoeffdingTree -s DistanceMeasure,SemiSupervisedStream -s generators.RandomTreeGenerator -t 0.95,1,51000.0,0.523796,1.3045800586955414E-8,48282.0,51000.0,69.90980392156862,41.39864950769821,37.744421906693695,28.118413040423423,51000.0,127568.0
semisupervised.SelfTrainingClassifier -l trees.HoeffdingTree -s DistanceMeasure,SemiSupervisedStream -s generators.RandomTreeGenerator -t 0.95,1,52000.0,0.528792,1.3210678243388732E-8,49231.0,52000.0,69.89615384615384,41.39693292271752,37.69552238805968,28.106916505924485,52000.0,127568.0
semisupervised.SelfTrainingClassifier -l trees.HoeffdingTree -s DistanceMeasure,SemiSupervisedStream -s generators.RandomTreeGenerator -t 0.95,1,53000.0,0.534143,1.3387271585977738E-8,50194.0,53000.0,69.92830188679245,41.471833808670894,37.81506047600469,28.262141603276774,53000.0,127568.0
semisupervised.SelfTrainingClassifier -l trees.HoeffdingTree -s DistanceMeasure,SemiSupervisedStream -s generators.RandomTreeGenerator -t 0.95,1,54000.0,0.539646,1.3568892611397635E-8,51148.0,54000.0,69.96296296296296,41.56154774180757,37.82105343862608,28.363218796926056,54000.0,127576.0
semisupervised.SelfTrainingClassifier -l trees.HoeffdingTree -s DistanceMeasure,SemiSupervisedStream -s generators.RandomTreeGenerator -t 0.95,1,55000.0,0.544736,1.373688298381037E-8,52100.0,55000.0,70.00363636363637,41.646296354372446,37.862980678693845,28.524391300580554,55000.0,127576.0
semisupervised.SelfTrainingClassifier -l trees.HoeffdingTree -s DistanceMeasure,SemiSupervisedStream -s generators.RandomTreeGenerator -t 0.95,1,56000.0,0.550434,1.3924939789705805E-8,53042.0,56000.0,70.02678571428571,41.704120365623005,37.945949942696586,28.57750734011318,56000.0,127576.0
semisupervised.SelfTrainingClassifier -l trees.HoeffdingTree -s DistanceMeasure,SemiSupervisedStream -s generators.RandomTreeGenerator -t 0.95,1,57000.0,0.555294,1.4085339241557649E-8,53999.0,57000.0,70.03859649122806,41.73689023739129,38.017638732624384,28.65736485921964,57000.0,127576.0
semisupervised.SelfTrainingClassifier -l trees.HoeffdingTree -s DistanceMeasure,SemiSupervisedStream -s generators.RandomTreeGenerator -t 0.95,1,58000.0,0.56026,1.424923711766799E-8,54952.0,58000.0,70.04655172413793,41.764546145838274,38.07962362333819,28.699827628662888,58000.0,127576.0
semisupervised.SelfTrainingClassifier -l trees.HoeffdingTree -s DistanceMeasure,SemiSupervisedStream -s generators.RandomTreeGenerator -t 0.95,1,59000.0,0.565191,1.441197985369298E-8,55903.0,59000.0,70.10508474576271,41.884027111661325,38.18169073321183,28.810138844042626,59000.0,127576.0
semisupervised.SelfTrainingClassifier -l trees.HoeffdingTree -s DistanceMeasure,SemiSupervisedStream -s generators.RandomTreeGenerator -t 0.95,1,60000.0,0.570106,1.4574194525678951E-8,56852.0,60000.0,70.165,42.007786642769254,38.30432534895744,28.969923021982385,60000.0,127576.0
semisupervised.SelfTrainingClassifier -l trees.HoeffdingTree -s DistanceMeasure,SemiSupervisedStream -s generators.RandomTreeGenerator -t 0.95,1,61000.0,0.575567,1.475444068511327E-8,57804.0,61000.0,70.21967213114753,42.118319551496306,38.389011361709336,29.102759239745534,61000.0,127584.0
semisupervised.SelfTrainingClassifier -l trees.HoeffdingTree -s DistanceMeasure,SemiSupervisedStream -s generators.RandomTreeGenerator -t 0.95,1,62000.0,0.580521,1.491795276602109E-8,58753.0,62000.0,70.21290322580646,42.116566486419345,38.40715048025614,29.124611428790743,62000.0,127584.0
semisupervised.SelfTrainingClassifier -l trees.HoeffdingTree -s DistanceMeasure,SemiSupervisedStream -s generators.RandomTreeGenerator -t 0.95,1,63000.0,0.585403,1.5079088409741717E-8,59707.0,63000.0,70.25079365079365,42.195734068418425,38.50041017227235,29.200664853430048,63000.0,127584.0
semisupervised.SelfTrainingClassifier -l trees.HoeffdingTree -s DistanceMeasure,SemiSupervisedStream -s generators.RandomTreeGenerator -t 0.95,1,64000.0,0.590583,1.5250070583489204E-8,60653.0,64000.0,70.3265625,42.346093235908924,38.718941594062606,29.41723035754107,64000.0,127592.0
semisupervised.SelfTrainingClassifier -l trees.HoeffdingTree -s DistanceMeasure,SemiSupervisedStream -s generators.RandomTreeGenerator -t 0.95,1,65000.0,0.596866,1.5457460737476745E-8,61598.0,65000.0,70.33076923076923,42.36826339698745,38.73109670860339,29.382254934270758,65000.0,127592.0
semisupervised.SelfTrainingClassifier -l trees.HoeffdingTree -s DistanceMeasure,SemiSupervisedStream -s generators.RandomTreeGenerator -t 0.95,1,66000.0,0.602077,1.5629466163615386E-8,62533.0,66000.0,70.35606060606061,42.42502534803256,38.80774403402872,29.490413723511626,66000.0,127592.0
semisupervised.SelfTrainingClassifier -l trees.HoeffdingTree -s DistanceMeasure,SemiSupervisedStream -s generators.RandomTreeGenerator -t 0.95,1,67000.0,0.606962,1.5790710935576093E-8,63475.0,67000.0,70.40746268656717,42.52926900816149,38.91866913123845,29.67153802497164,67000.0,127592.0
semisupervised.SelfTrainingClassifier -l trees.HoeffdingTree -s DistanceMeasure,SemiSupervisedStream -s generators.RandomTreeGenerator -t 0.95,1,68000.0,0.61161,1.5944132777965728E-8,64428.0,68000.0,70.46029411764707,42.63407949846571,39.05643203883496,29.849130404414336,68000.0,127592.0
semisupervised.SelfTrainingClassifier -l trees.HoeffdingTree -s DistanceMeasure,SemiSupervisedStream -s generators.RandomTreeGenerator -t 0.95,1,69000.0,0.616431,1.610326502886083E-8,65378.0,69000.0,70.47971014492754,42.67805337114563,39.122508144296006,29.916735480319296,69000.0,127592.0
semisupervised.SelfTrainingClassifier -l trees.HoeffdingTree -s DistanceMeasure,SemiSupervisedStream -s generators.RandomTreeGenerator -t 0.95,1,70000.0,0.621255,1.6262506287958885E-8,66327.0,70000.0,70.47857142857143,42.68634813496411,39.147206925998994,29.958649674620368,70000.0,127600.0
semisupervised.SelfTrainingClassifier -l trees.HoeffdingTree -s DistanceMeasure,SemiSupervisedStream -s generators.RandomTreeGenerator -t 0.95,1,71000.0,0.625918,1.6416432903044753E-8,67284.0,71000.0,70.49154929577465,42.71321981065121,39.20550171203063,30.056085998531085,71000.0,127600.0
semisupervised.SelfTrainingClassifier -l trees.HoeffdingTree -s DistanceMeasure,SemiSupervisedStream -s generators.RandomTreeGenerator -t 0.95,1,72000.0,0.631882,1.6613305802974435E-8,68222.0,72000.0,70.46944444444443,42.68340232962774,39.18192219679633,29.946295014991264,72000.0,127600.0
semisupervised.SelfTrainingClassifier -l trees.HoeffdingTree -s DistanceMeasure,SemiSupervisedStream -s generators.RandomTreeGenerator -t 0.95,1,73000.0,0.636841,1.6777003440592022E-8,69172.0,73000.0,70.49041095890412,42.72924228785905,39.217290708501466,29.96749024707413,73000.0,127600.0
semisupervised.SelfTrainingClassifier -l trees.HoeffdingTree -s DistanceMeasure,SemiSupervisedStream -s generators.RandomTreeGenerator -t 0.95,1,74000.0,0.642123,1.695136337644524E-8,70114.0,74000.0,70.54459459459459,42.83761185669538,39.356759313357244,30.093008338678633,74000.0,127600.0
semisupervised.SelfTrainingClassifier -l trees.HoeffdingTree -s DistanceMeasure,SemiSupervisedStream -s generators.RandomTreeGenerator -t 0.95,1,75000.0,0.647281,1.7121630046102733E-8,71057.0,75000.0,70.56266666666666,42.88133237966872,39.37113826719758,30.135122306256118,75000.0,127600.0
semisupervised.SelfTrainingClassifier -l trees.HoeffdingTree -s DistanceMeasure,SemiSupervisedStream -s generators.RandomTreeGenerator -t 0.95,1,76000.0,0.65238,1.7289949113296134E-8,72001.0,76000.0,70.57105263157895,42.9031946973517,39.45972282373321,30.217465913700035,76000.0,127600.0
semisupervised.SelfTrainingClassifier -l trees.HoeffdingTree -s DistanceMeasure,SemiSupervisedStream -s generators.RandomTreeGenerator -t 0.95,1,77000.0,0.657281,1.7451732158660885E-8,72950.0,77000.0,70.56623376623376,42.90378174108726,39.452874545843116,30.165773094225667,77000.0,127600.0
semisupervised.SelfTrainingClassifier -l trees.HoeffdingTree -s DistanceMeasure,SemiSupervisedStream -s generators.RandomTreeGenerator -t 0.95,1,78000.0,0.662087,1.7610379233956332E-8,73901.0,78000.0,70.56410256410255,42.903377486864485,39.38273886527443,30.17668704193655,78000.0,127600.0
semisupervised.SelfTrainingClassifier -l trees.HoeffdingTree -s DistanceMeasure,SemiSupervisedStream -s generators.RandomTreeGenerator -t 0.95,1,79000.0,0.666709,1.776295243038071E-8,74856.0,79000.0,70.5632911392405,42.914422086334255,39.38959549624686,30.144187443676767,79000.0,127600.0
semisupervised.SelfTrainingClassifier -l trees.HoeffdingTree -s DistanceMeasure,SemiSupervisedStream -s generators.RandomTreeGenerator -t 0.95,1,80000.0,0.677136,1.8135678370793653E-8,75786.0,80000.0,70.57375,42.940473166726164,39.40384565883292,30.178550243207976,80000.0,138176.0
semisupervised.SelfTrainingClassifier -l trees.HoeffdingTree -s DistanceMeasure,SemiSupervisedStream -s generators.RandomTreeGenerator -t 0.95,1,81000.0,0.689802,1.8650566413998596E-8,76723.0,81000.0,70.59506172839505,42.98352958062478,39.428309851991244,30.24658818016751,81000.0,157136.0
semisupervised.SelfTrainingClassifier -l trees.HoeffdingTree -s DistanceMeasure,SemiSupervisedStream -s generators.RandomTreeGenerator -t 0.95,1,82000.0,0.696967,1.89482827256951E-8,77658.0,82000.0,70.63170731707316,43.05719707034625,39.565348323629784,30.368656932196025,82000.0,160616.0
semisupervised.SelfTrainingClassifier -l trees.HoeffdingTree -s DistanceMeasure,SemiSupervisedStream -s generators.RandomTreeGenerator -t 0.95,1,83000.0,0.703637,1.9225527687619124E-8,78604.0,83000.0,70.63614457831325,43.06726412279129,39.58953004164188,30.379638358042687,83000.0,160672.0
semisupervised.SelfTrainingClassifier -l trees.HoeffdingTree -s DistanceMeasure,SemiSupervisedStream -s generators.RandomTreeGenerator -t 0.95,1,84000.0,0.710219,1.9499210199962055E-8,79554.0,84000.0,70.66785714285714,43.13173417567434,39.65909925795311,30.451350664747206,84000.0,160728.0
semisupervised.SelfTrainingClassifier -l trees.HoeffdingTree -s DistanceMeasure,SemiSupervisedStream -s generators.RandomTreeGenerator -t 0.95,1,85000.0,0.716868,1.97756786023577E-8,80502.0,85000.0,70.69529411764705,43.188675753242194,39.70079159505192,30.518828451882836,85000.0,160728.0
semisupervised.SelfTrainingClassifier -l trees.HoeffdingTree -s DistanceMeasure,SemiSupervisedStream -s generators.RandomTreeGenerator -t 0.95,1,86000.0,0.723601,2.0055751239673956E-8,81446.0,86000.0,70.69186046511628,43.19094032264142,39.6272964621907,30.445940725205578,86000.0,160792.0
semisupervised.SelfTrainingClassifier -l trees.HoeffdingTree -s DistanceMeasure,SemiSupervisedStream -s generators.RandomTreeGenerator -t 0.95,1,87000.0,0.730299,2.033544923489292E-8,82394.0,87000.0,70.7183908045977,43.24919702654936,39.66558510764275,30.4949252428244,87000.0,161416.0
semisupervised.SelfTrainingClassifier -l trees.HoeffdingTree -s DistanceMeasure,SemiSupervisedStream -s generators.RandomTreeGenerator -t 0.95,1,88000.0,0.737702,2.0644602247824267E-8,83336.0,88000.0,70.74090909090908,43.29527463496621,39.69882198646337,30.5384698392144,88000.0,161424.0
semisupervised.SelfTrainingClassifier -l trees.HoeffdingTree -s DistanceMeasure,SemiSupervisedStream -s generators.RandomTreeGenerator -t 0.95,1,89000.0,0.744567,2.093133073300123E-8,84281.0,89000.0,70.77078651685393,43.351741535922876,39.77125393591406,30.629333333333342,89000.0,161448.0
semisupervised.SelfTrainingClassifier -l trees.HoeffdingTree -s DistanceMeasure,SemiSupervisedStream -s generators.RandomTreeGenerator -t 0.95,1,90000.0,0.751275,2.121154349297285E-8,85234.0,90000.0,70.80222222222223,43.411165443116424,39.84662927778413,30.701476793248943,90000.0,161472.0
semisupervised.SelfTrainingClassifier -l trees.HoeffdingTree -s DistanceMeasure,SemiSupervisedStream -s generators.RandomTreeGenerator -t 0.95,1,91000.0,0.757829,2.1485377479758526E-8,86186.0,91000.0,70.85054945054945,43.50152444813045,39.94974305571276,30.81196692662823,91000.0,161504.0
semisupervised.SelfTrainingClassifier -l trees.HoeffdingTree -s DistanceMeasure,SemiSupervisedStream -s generators.RandomTreeGenerator -t 0.95,1,92000.0,0.766927,2.1874145476354493E-8,87133.0,92000.0,70.86630434782609,43.53580974289751,40.02058764293868,30.843460536161228,92000.0,165176.0
semisupervised.SelfTrainingClassifier -l trees.HoeffdingTree -s DistanceMeasure,SemiSupervisedStream -s generators.RandomTreeGenerator -t 0.95,1,93000.0,0.775094,2.223058476216263E-8,88084.0,93000.0,70.88279569892472,43.56895321215904,40.04029936672423,30.915631298313638,93000.0,168704.0
semisupervised.SelfTrainingClassifier -l trees.HoeffdingTree -s DistanceMeasure,SemiSupervisedStream -s generators.RandomTreeGenerator -t 0.95,1,94000.0,0.78301,2.2583179664280677E-8,89026.0,94000.0,70.90212765957446,43.60657946606242,40.11865928147645,30.960674440910697,94000.0,172176.0
semisupervised.SelfTrainingClassifier -l trees.HoeffdingTree -s DistanceMeasure,SemiSupervisedStream -s generators.RandomTreeGenerator -t 0.95,1,95000.0,0.791415,2.2966392309301427E-8,89971.0,95000.0,70.91894736842104,43.64039202793858,40.113153559351424,30.965291486543872,95000.0,176240.0
semisupervised.SelfTrainingClassifier -l trees.HoeffdingTree -s DistanceMeasure,SemiSupervisedStream -s generators.RandomTreeGenerator -t 0.95,1,96000.0,0.798089,2.3270724192261694E-8,90922.0,96000.0,70.934375,43.675125161447184,40.14158532661162,30.98271043063149,96000.0,176264.0
semisupervised.SelfTrainingClassifier -l trees.HoeffdingTree -s DistanceMeasure,SemiSupervisedStream -s generators.RandomTreeGenerator -t 0.95,1,97000.0,0.805497,2.360857219331794E-8,91859.0,97000.0,70.95463917525773,43.71300155101679,40.15717926932879,31.05591582038419,97000.0,176288.0
semisupervised.SelfTrainingClassifier -l trees.HoeffdingTree -s DistanceMeasure,SemiSupervisedStream -s generators.RandomTreeGenerator -t 0.95,1,98000.0,0.812428,2.3926530989507832E-8,92810.0,98000.0,70.97857142857143,43.75863937046015,40.219858752312085,31.150596722263902,98000.0,177328.0
semisupervised.SelfTrainingClassifier -l trees.HoeffdingTree -s DistanceMeasure,SemiSupervisedStream -s generators.RandomTreeGenerator -t 0.95,1,99000.0,0.819162,2.4235452434255015E-8,93761.0,99000.0,71.01616161616163,43.83106141255924,40.32154073334583,31.233973206796566,99000.0,177328.0
semisupervised.SelfTrainingClassifier -l trees.HoeffdingTree -s DistanceMeasure,SemiSupervisedStream -s generators.RandomTreeGenerator -t 0.95,1,100000.0,0.826003,2.4549282491207122E-8,94714.0,100000.0,71.05900000000001,43.90971381937111,40.38192155570206,31.39016642169647,100000.0,177328.0
semisupervised.SelfTrainingClassifier -l trees.HoeffdingTree -s DistanceMeasure,SemiSupervisedStream -s generators.RandomTreeGenerator -t 0.95,1,101000.0,0.833622,2.4899843914641275E-8,95676.0,101000.0,71.0910891089109,43.96994085492585,40.45113395333659,31.468137542541953,101000.0,177856.0
semisupervised.SelfTrainingClassifier -l trees.HoeffdingTree -s DistanceMeasure,SemiSupervisedStream -s generators.RandomTreeGenerator -t 0.95,1,102000.0,0.841226,2.5249715165959466E-8,96607.0,102000.0,71.11666666666666,44.01851233623695,40.518877448011295,31.543359048238674,102000.0,177856.0
semisupervised.SelfTrainingClassifier -l trees.HoeffdingTree -s DistanceMeasure,SemiSupervisedStream -s generators.RandomTreeGenerator -t 0.95,1,103000.0,0.850274,2.5666045712100136E-8,97555.0,103000.0,71.13980582524272,44.06016026623091,40.61807067660161,31.650226483640303,103000.0,177864.0
semisupervised.SelfTrainingClassifier -l trees.HoeffdingTree -s DistanceMeasure,SemiSupervisedStream -s generators.RandomTreeGenerator -t 0.95,1,104000.0,0.857336,2.5990993359850515E-8,98506.0,104000.0,71.16538461538462,44.11293199740007,40.64955370396027,31.662184950549204,104000.0,177864.0
semisupervised.SelfTrainingClassifier -l trees.HoeffdingTree -s DistanceMeasure,SemiSupervisedStream -s generators.RandomTreeGenerator -t 0.95,1,105000.0,0.864496,2.632046515329017E-8,99460.0,105000.0,71.2,44.1805337984542,40.70123146913483,31.747393129598695,105000.0,177872.0
semisupervised.SelfTrainingClassifier -l trees.HoeffdingTree -s DistanceMeasure,SemiSupervisedStream -s generators.RandomTreeGenerator -t 0.95,1,106000.0,0.871732,2.6653479060365098E-8,100400.0,106000.0,71.22830188679245,44.23512859966652,40.76793101439142,31.79164896115224,106000.0,177896.0
semisupervised.SelfTrainingClassifier -l trees.HoeffdingTree -s DistanceMeasure,SemiSupervisedStream -s generators.RandomTreeGenerator -t 0.95,1,107000.0,0.880506,2.7057401641375493E-8,101343.0,107000.0,71.23831775700936,44.2577960272788,40.81275482729441,31.826237207035586,107000.0,177952.0
semisupervised.SelfTrainingClassifier -l trees.HoeffdingTree -s DistanceMeasure,SemiSupervisedStream -s generators.RandomTreeGenerator -t 0.95,1,108000.0,0.891819,2.7578257239527176E-8,102281.0,108000.0,71.30092592592592,44.37232293403592,40.91125726813459,31.96136538250467,108000.0,177968.0
semisupervised.SelfTrainingClassifier -l trees.HoeffdingTree -s DistanceMeasure,SemiSupervisedStream -s generators.RandomTreeGenerator -t 0.95,1,109000.0,0.90167,2.8031801701419886E-8,103232.0,109000.0,71.32844036697247,44.42274724080437,40.98608304851106,32.03575234325729,109000.0,177968.0
semisupervised.SelfTrainingClassifier -l trees.HoeffdingTree -s DistanceMeasure,SemiSupervisedStream -s generators.RandomTreeGenerator -t 0.95,1,110000.0,0.912865,2.854724769584007E-8,104173.0,110000.0,71.36272727272728,44.48796211531504,41.0336565459923,32.13331609789728,110000.0,177976.0
semisupervised.SelfTrainingClassifier -l trees.HoeffdingTree -s DistanceMeasure,SemiSupervisedStream -s generators.RandomTreeGenerator -t 0.95,1,111000.0,0.92358,2.904061545721359E-8,105126.0,111000.0,71.41531531531533,44.5875060538126,41.11391559333358,32.23918846769888,111000.0,177984.0
semisupervised.SelfTrainingClassifier -l trees.HoeffdingTree -s DistanceMeasure,SemiSupervisedStream -s generators.RandomTreeGenerator -t 0.95,1,112000.0,0.934246,2.953172703377075E-8,106074.0,112000.0,71.44017857142858,44.63274047600543,41.169005536039435,32.3184020651277,112000.0,177984.0
semisupervised.SelfTrainingClassifier -l trees.HoeffdingTree -s DistanceMeasure,SemiSupervisedStream -s generators.RandomTreeGenerator -t 0.95,1,113000.0,0.94458,3.0007551807082366E-8,107022.0,113000.0,71.46548672566372,44.6813533407357,41.21957888980038,32.381251966027065,113000.0,177984.0
semisupervised.SelfTrainingClassifier -l trees.HoeffdingTree -s DistanceMeasure,SemiSupervisedStream -s generators.RandomTreeGenerator -t 0.95,1,114000.0,0.956274,3.0547521944261265E-8,107963.0,114000.0,71.48245614035088,44.715200365272835,41.264679313459816,32.403210379673155,114000.0,178488.0
semisupervised.SelfTrainingClassifier -l trees.HoeffdingTree -s DistanceMeasure,SemiSupervisedStream -s generators.RandomTreeGenerator -t 0.95,1,115000.0,0.967324,3.105780113695397E-8,108899.0,115000.0,71.48434782608696,44.7217001244307,41.22064886180319,32.37999010227649,115000.0,178504.0
semisupervised.SelfTrainingClassifier -l trees.HoeffdingTree -s DistanceMeasure,SemiSupervisedStream -s generators.RandomTreeGenerator -t 0.95,1,116000.0,0.977772,3.154028050394522E-8,109852.0,116000.0,71.49224137931034,44.73842989641186,41.24931156394904,32.38252975095079,116000.0,178504.0
semisupervised.SelfTrainingClassifier -l trees.HoeffdingTree -s DistanceMeasure,SemiSupervisedStream -s generators.RandomTreeGenerator -t 0.95,1,117000.0,0.988034,3.2014170556018757E-8,110803.0,117000.0,71.52222222222223,44.795104978962115,41.32739311122068,32.465137019620556,117000.0,178504.0
semisupervised.SelfTrainingClassifier -l trees.HoeffdingTree -s DistanceMeasure,SemiSupervisedStream -s generators.RandomTreeGenerator -t 0.95,1,118000.0,0.998884,3.251521392621929E-8,111755.0,118000.0,71.55338983050848,44.85277302695782,41.407600062839286,32.54762478900409,118000.0,178504.0
semisupervised.SelfTrainingClassifier -l trees.HoeffdingTree -s DistanceMeasure,SemiSupervisedStream -s generators.RandomTreeGenerator -t 0.95,1,119000.0,1.009814,3.301997424620722E-8,112717.0,119000.0,71.56974789915967,44.88417832563213,41.45699948087904,32.58543389459002,119000.0,178512.0
semisupervised.SelfTrainingClassifier -l trees.HoeffdingTree -s DistanceMeasure,SemiSupervisedStream -s generators.RandomTreeGenerator -t 0.95,1,120000.0,1.021463,3.3557938836101036E-8,113655.0,120000.0,71.59833333333333,44.93840869396839,41.49615490249931,32.68550887796013,120000.0,178512.0
semisupervised.SelfTrainingClassifier -l trees.HoeffdingTree -s DistanceMeasure,SemiSupervisedStream -s generators.RandomTreeGenerator -t 0.95,1,121000.0,1.029737,3.394004193652008E-8,114592.0,121000.0,71.61074380165289,44.96309924378481,41.53220315904139,32.70183962541387,121000.0,178512.0
semisupervised.SelfTrainingClassifier -l trees.HoeffdingTree -s DistanceMeasure,SemiSupervisedStream -s generators.RandomTreeGenerator -t 0.95,1,122000.0,1.038249,3.4333136158270976E-8,115544.0,122000.0,71.64180327868851,45.02174384499022,41.600553661253834,32.78481504507304,122000.0,178512.0
semisupervised.SelfTrainingClassifier -l trees.HoeffdingTree -s DistanceMeasure,SemiSupervisedStream -s generators.RandomTreeGenerator -t 0.95,1,123000.0,1.048174,3.479148439028198E-8,116487.0,123000.0,71.66666666666667,45.07111317770655,41.62674617265753,32.83093053735256,123000.0,178512.0
semisupervised.SelfTrainingClassifier -l trees.HoeffdingTree -s DistanceMeasure,SemiSupervisedStream -s generators.RandomTreeGenerator -t 0.95,1,124000.0,1.056888,3.519397934898735E-8,117427.0,124000.0,71.67661290322582,45.09203174733194,41.63910998853421,32.852171918017746,124000.0,178544.0
semisupervised.SelfTrainingClassifier -l trees.HoeffdingTree -s DistanceMeasure,SemiSupervisedStream -s generators.RandomTreeGenerator -t 0.95,1,125000.0,1.065251,3.558026180706091E-8,118372.0,125000.0,71.684,45.109091421500985,41.64344715018219,32.86101784935224,125000.0,178544.0
semisupervised.SelfTrainingClassifier -l trees.HoeffdingTree -s DistanceMeasure,SemiSupervisedStream -s generators.RandomTreeGenerator -t 0.95,1,126000.0,1.073677,3.596945420114531E-8,119312.0,126000.0,71.6952380952381,45.13304869761705,41.67974882260597,32.891765768478116,126000.0,178544.0
semisupervised.SelfTrainingClassifier -l trees.HoeffdingTree -s DistanceMeasure,SemiSupervisedStream -s generators.RandomTreeGenerator -t 0.95,1,127000.0,1.082203,3.6363265541278665E-8,120270.0,127000.0,71.69606299212599,45.13436155873106,41.70005027815171,32.90402060701087,127000.0,178544.0
semisupervised.SelfTrainingClassifier -l trees.HoeffdingTree -s DistanceMeasure,SemiSupervisedStream -s generators.RandomTreeGenerator -t 0.95,1,128000.0,1.089131,3.668326612354982E-8,121218.0,128000.0,71.71953125,45.179752655824615,41.75168152415281,32.95984887769464,128000.0,178544.0
semisupervised.SelfTrainingClassifier -l trees.HoeffdingTree -s DistanceMeasure,SemiSupervisedStream -s generators.RandomTreeGenerator -t 0.95,1,129000.0,1.096102,3.7005252852622015E-8,122161.0,129000.0,71.72325581395349,45.18647048953156,41.75050301810866,32.9528535980149,129000.0,178544.0
semisupervised.SelfTrainingClassifier -l trees.HoeffdingTree -s DistanceMeasure,SemiSupervisedStream -s generators.RandomTreeGenerator -t 0.95,1,130000.0,1.102813,3.731523032196695E-8,123114.0,130000.0,71.72769230769231,45.19116031803005,41.76292563895358,32.979576951130554,130000.0,178544.0
semisupervised.SelfTrainingClassifier -l trees.HoeffdingTree -s DistanceMeasure,SemiSupervisedStream -s generators.RandomTreeGenerator -t 0.95,1,131000.0,1.109987,3.764659351151852E-8,124060.0,131000.0,71.7496183206107,45.23479454126667,41.82504126385286,33.04627853963888,131000.0,178544.0
semisupervised.SelfTrainingClassifier -l trees.HoeffdingTree -s DistanceMeasure,SemiSupervisedStream -s generators.RandomTreeGenerator -t 0.95,1,132000.0,1.116924,3.7967009798934073E-8,125010.0,132000.0,71.76212121212122,45.258381898722305,41.86746518192736,33.066369774457684,132000.0,178544.0
semisupervised.SelfTrainingClassifier -l trees.HoeffdingTree -s DistanceMeasure,SemiSupervisedStream -s generators.RandomTreeGenerator -t 0.95,1,133000.0,1.124126,3.829966629337934E-8,125944.0,133000.0,71.78421052631579,45.29941908941408,41.89607654909733,33.149850363403175,133000.0,178544.0
semisupervised.SelfTrainingClassifier -l trees.HoeffdingTree -s DistanceMeasure,SemiSupervisedStream -s generators.RandomTreeGenerator -t 0.95,1,134000.0,1.131087,3.862119112784665E-8,126894.0,134000.0,71.80223880597015,45.33355573783959,41.955850500023054,33.21254971277067,134000.0,178544.0
semisupervised.SelfTrainingClassifier -l trees.HoeffdingTree -s DistanceMeasure,SemiSupervisedStream -s generators.RandomTreeGenerator -t 0.95,1,135000.0,1.13861,3.8968674439109045E-8,127842.0,135000.0,71.80296296296297,45.33521448079331,41.978752267288556,33.219887021508036,135000.0,178544.0
semisupervised.SelfTrainingClassifier -l trees.HoeffdingTree -s DistanceMeasure,SemiSupervisedStream -s generators.RandomTreeGenerator -t 0.95,1,136000.0,1.146135,3.931625012929242E-8,128783.0,136000.0,71.80514705882352,45.33852504911154,41.99906218329778,33.2294351187574,136000.0,178544.0
semisupervised.SelfTrainingClassifier -l trees.HoeffdingTree -s DistanceMeasure,SemiSupervisedStream -s generators.RandomTreeGenerator -t 0.95,1,137000.0,1.153488,3.96558812322716E-8,129732.0,137000.0,71.81313868613138,45.35532536503201,42.02585236229338,33.25843861801966,137000.0,178544.0
semisupervised.SelfTrainingClassifier -l trees.HoeffdingTree -s DistanceMeasure,SemiSupervisedStream -s generators.RandomTreeGenerator -t 0.95,1,138000.0,1.160629,3.998572016962701E-8,130676.0,138000.0,71.81666666666666,45.36492974498914,42.04244031830238,33.24579922077476,138000.0,178544.0
semisupervised.SelfTrainingClassifier -l trees.HoeffdingTree -s DistanceMeasure,SemiSupervisedStream -s generators.RandomTreeGenerator -t 0.95,1,139000.0,1.167668,4.031086234996717E-8,131629.0,139000.0,71.83741007194244,45.40709500184688,42.11654763489035,33.29811886586695,139000.0,178552.0
semisupervised.SelfTrainingClassifier -l trees.HoeffdingTree -s DistanceMeasure,SemiSupervisedStream -s generators.RandomTreeGenerator -t 0.95,1,140000.0,1.174891,4.0644578515655476E-8,132575.0,140000.0,71.85000000000001,45.42980056104175,42.1462125660599,33.323182079653506,140000.0,178592.0
semisupervised.SelfTrainingClassifier -l trees.HoeffdingTree -s DistanceMeasure,SemiSupervisedStream -s generators.RandomTreeGenerator -t 0.95,1,141000.0,1.181709,4.0959597031275446E-8,133534.0,141000.0,71.86879432624113,45.46363257043066,42.19446792386837,33.380920389654015,141000.0,178600.0
semisupervised.SelfTrainingClassifier -l trees.HoeffdingTree -s DistanceMeasure,SemiSupervisedStream -s generators.RandomTreeGenerator -t 0.95,1,142000.0,1.188756,4.1285196250925475E-8,134484.0,142000.0,71.89295774647887,45.506098431344846,42.234379749033906,33.46447504417696,142000.0,178600.0
semisupervised.SelfTrainingClassifier -l trees.HoeffdingTree -s DistanceMeasure,SemiSupervisedStream -s generators.RandomTreeGenerator -t 0.95,1,143000.0,1.196205,4.162936945756278E-8,135424.0,143000.0,71.92657342657343,45.57074395758294,42.297188524118894,33.53806930119365,143000.0,178600.0
semisupervised.SelfTrainingClassifier -l trees.HoeffdingTree -s DistanceMeasure,SemiSupervisedStream -s generators.RandomTreeGenerator -t 0.95,1,144000.0,1.203161,4.195076411796942E-8,136380.0,144000.0,71.93888888888888,45.59621144075088,42.32454575298668,33.57334253916588,144000.0,178600.0
semisupervised.SelfTrainingClassifier -l trees.HoeffdingTree -s DistanceMeasure,SemiSupervisedStream -s generators.RandomTreeGenerator -t 0.95,1,145000.0,1.210282,4.227978242975144E-8,137327.0,145000.0,71.9648275862069,45.64492311928742,42.387222041128695,33.64727005631273,145000.0,178600.0
semisupervised.SelfTrainingClassifier -l trees.HoeffdingTree -s DistanceMeasure,SemiSupervisedStream -s generators.RandomTreeGenerator -t 0.95,1,146000.0,1.217916,4.2632503366718705E-8,138275.0,146000.0,71.97465753424657,45.66295975294138,42.39557376356802,33.6699790879764,146000.0,178600.0
semisupervised.SelfTrainingClassifier -l trees.HoeffdingTree -s DistanceMeasure,SemiSupervisedStream -s generators.RandomTreeGenerator -t 0.95,1,147000.0,1.225924,4.3002504580136815E-8,139234.0,147000.0,71.98231292517006,45.67858952364306,42.4398697469009,33.697157023729034,147000.0,178600.0
semisupervised.SelfTrainingClassifier -l trees.HoeffdingTree -s DistanceMeasure,SemiSupervisedStream -s generators.RandomTreeGenerator -t 0.95,1,148000.0,1.233094,4.33338017244306E-8,140181.0,148000.0,71.98716216216216,45.689670575934464,42.4460331783161,33.71014678136293,148000.0,178608.0
semisupervised.SelfTrainingClassifier -l trees.HoeffdingTree -s DistanceMeasure,SemiSupervisedStream -s generators.RandomTreeGenerator -t 0.95,1,149000.0,1.240991,4.369877236170903E-8,141129.0,149000.0,72.00604026845637,45.724616759678696,42.45726819981513,33.76052088296013,149000.0,178648.0
semisupervised.SelfTrainingClassifier -l trees.HoeffdingTree -s DistanceMeasure,SemiSupervisedStream -s generators.RandomTreeGenerator -t 0.95,1,150000.0,1.249612,4.411304740649132E-8,142075.0,150000.0,72.00333333333333,45.72112182169691,42.44737419142637,33.729426060060895,150000.0,185752.0
semisupervised.SelfTrainingClassifier -l trees.HoeffdingTree -s DistanceMeasure,SemiSupervisedStream -s generators.RandomTreeGenerator -t 0.95,1,151000.0,1.256372,4.443789363114372E-8,143037.0,151000.0,72.00927152317881,45.732744639138,42.46784182944259,33.73884960885448,151000.0,185752.0
semisupervised.SelfTrainingClassifier -l trees.HoeffdingTree -s DistanceMeasure,SemiSupervisedStream -s generators.RandomTreeGenerator -t 0.95,1,152000.0,1.26468,4.4846928461144385E-8,143988.0,152000.0,72.00131578947368,45.7212438956722,42.43940705475006,33.707182578625165,152000.0,190312.0
semisupervised.SelfTrainingClassifier -l trees.HoeffdingTree -s DistanceMeasure,SemiSupervisedStream -s generators.RandomTreeGenerator -t 0.95,1,153000.0,1.272442,4.523719406997166E-8,144938.0,153000.0,72.00065359477125,45.71960730082749,42.45009269459148,33.71448907594232,153000.0,194352.0
semisupervised.SelfTrainingClassifier -l trees.HoeffdingTree -s DistanceMeasure,SemiSupervisedStream -s generators.RandomTreeGenerator -t 0.95,1,154000.0,1.279557,4.559598938251537E-8,145882.0,154000.0,72.01363636363637,45.744129355698504,42.47253700663385,33.76619384979485,154000.0,194928.0
semisupervised.SelfTrainingClassifier -l trees.HoeffdingTree -s DistanceMeasure,SemiSupervisedStream -s generators.RandomTreeGenerator -t 0.95,1,155000.0,1.286747,4.595861143743E-8,146832.0,155000.0,72.03870967741935,45.79121302704278,42.505405871506085,33.818925893688814,155000.0,194952.0
semisupervised.SelfTrainingClassifier -l trees.HoeffdingTree -s DistanceMeasure,SemiSupervisedStream -s generators.RandomTreeGenerator -t 0.95,1,156000.0,1.293981,4.632345259810489E-8,147781.0,156000.0,72.05833333333334,45.82902395203714,42.54626456477039,33.851827121524835,156000.0,194952.0
semisupervised.SelfTrainingClassifier -l trees.HoeffdingTree -s DistanceMeasure,SemiSupervisedStream -s generators.RandomTreeGenerator -t 0.95,1,157000.0,1.300724,4.666353055586419E-8,148738.0,157000.0,72.05350318471338,45.820703816076715,42.53608193414883,33.82601351351351,157000.0,194952.0
semisupervised.SelfTrainingClassifier -l trees.HoeffdingTree -s DistanceMeasure,SemiSupervisedStream -s generators.RandomTreeGenerator -t 0.95,1,158000.0,1.307753,4.701813453187547E-8,149690.0,158000.0,72.05506329113925,45.825245070468384,42.54278092263648,33.83236673710081,158000.0,195008.0
semisupervised.SelfTrainingClassifier -l trees.HoeffdingTree -s DistanceMeasure,SemiSupervisedStream -s generators.RandomTreeGenerator -t 0.95,1,159000.0,1.314689,4.736810419708492E-8,150637.0,159000.0,72.07672955974843,45.866328401404566,42.60413165447166,33.89121338912135,159000.0,195040.0
semisupervised.SelfTrainingClassifier -l trees.HoeffdingTree -s DistanceMeasure,SemiSupervisedStream -s generators.RandomTreeGenerator -t 0.95,1,160000.0,1.322166,4.774538656696678E-8,151585.0,160000.0,72.0925,45.89748659376558,42.65827661487096,33.90568104443591,160000.0,195048.0
semisupervised.SelfTrainingClassifier -l trees.HoeffdingTree -s DistanceMeasure,SemiSupervisedStream -s generators.RandomTreeGenerator -t 0.95,1,161000.0,1.328919,4.808613657951356E-8,152545.0,161000.0,72.09937888198758,45.91157960580025,42.68214878142145,33.91882548509055,161000.0,195048.0
semisupervised.SelfTrainingClassifier -l trees.HoeffdingTree -s DistanceMeasure,SemiSupervisedStream -s generators.RandomTreeGenerator -t 0.95,1,162000.0,1.336181,4.845257025212051E-8,153485.0,162000.0,72.10555555555555,45.92556431175157,42.707356036209646,33.91295445903654,162000.0,195048.0
semisupervised.SelfTrainingClassifier -l trees.HoeffdingTree -s DistanceMeasure,SemiSupervisedStream -s generators.RandomTreeGenerator -t 0.95,1,163000.0,1.344597,4.887726851221589E-8,154442.0,163000.0,72.11533742331288,45.94478756902708,42.728979499262884,33.93220536077679,163000.0,195064.0
semisupervised.SelfTrainingClassifier -l trees.HoeffdingTree -s DistanceMeasure,SemiSupervisedStream -s generators.RandomTreeGenerator -t 0.95,1,164000.0,1.352151,4.925846749709714E-8,155384.0,164000.0,72.12378048780488,45.958262932258265,42.741379958167904,33.972183307095705,164000.0,195064.0
semisupervised.SelfTrainingClassifier -l trees.HoeffdingTree -s DistanceMeasure,SemiSupervisedStream -s generators.RandomTreeGenerator -t 0.95,1,165000.0,1.363947,4.9897015732195656E-8,156342.0,165000.0,72.14242424242424,45.99300201157852,42.76624621782819,34.02468781398018,165000.0,209248.0
semisupervised.SelfTrainingClassifier -l trees.HoeffdingTree -s DistanceMeasure,SemiSupervisedStream -s generators.RandomTreeGenerator -t 0.95,1,166000.0,1.371229,5.029232462247214E-8,157291.0,166000.0,72.16385542168675,46.03335178889109,42.82886271404534,34.06863094813442,166000.0,209840.0
semisupervised.SelfTrainingClassifier -l trees.HoeffdingTree -s DistanceMeasure,SemiSupervisedStream -s generators.RandomTreeGenerator -t 0.95,1,167000.0,1.378499,5.0688110536171345E-8,158240.0,167000.0,72.1934131736527,46.08640683271255,42.88753874157526,34.14872798434443,167000.0,210440.0
semisupervised.SelfTrainingClassifier -l trees.HoeffdingTree -s DistanceMeasure,SemiSupervisedStream -s generators.RandomTreeGenerator -t 0.95,1,168000.0,1.385693,5.1079758935504507E-8,159194.0,168000.0,72.21845238095239,46.13302966128079,42.93417127206925,34.19201105424193,168000.0,210440.0
semisupervised.SelfTrainingClassifier -l trees.HoeffdingTree -s DistanceMeasure,SemiSupervisedStream -s generators.RandomTreeGenerator -t 0.95,1,169000.0,1.392947,5.14746888064676E-8,160143.0,169000.0,72.23076923076923,46.154861888175624,42.94571758555711,34.237630144472625,169000.0,210448.0
semisupervised.SelfTrainingClassifier -l trees.HoeffdingTree -s DistanceMeasure,SemiSupervisedStream -s generators.RandomTreeGenerator -t 0.95,1,170000.0,1.400472,5.188438831725056E-8,161084.0,170000.0,72.24588235294118,46.18326446482346,42.97834284056851,34.293314022309815,170000.0,210456.0
semisupervised.SelfTrainingClassifier -l trees.HoeffdingTree -s DistanceMeasure,SemiSupervisedStream -s generators.RandomTreeGenerator -t 0.95,1,171000.0,1.407695,5.227764540248449E-8,162046.0,171000.0,72.24502923976608,46.18389934939355,42.972664463802936,34.26727421298283,171000.0,210456.0
semisupervised.SelfTrainingClassifier -l trees.HoeffdingTree -s DistanceMeasure,SemiSupervisedStream -s generators.RandomTreeGenerator -t 0.95,1,172000.0,1.41501,5.267706201515266E-8,162995.0,172000.0,72.25872093023256,46.20992102229959,42.987382306552604,34.28953094444598,172000.0,211064.0
semisupervised.SelfTrainingClassifier -l trees.HoeffdingTree -s DistanceMeasure,SemiSupervisedStream -s generators.RandomTreeGenerator -t 0.95,1,173000.0,1.422158,5.306736002572711E-8,163945.0,173000.0,72.2670520231214,46.22479013997326,43.01291111876567,34.296513379529465,173000.0,211064.0
semisupervised.SelfTrainingClassifier -l trees.HoeffdingTree -s DistanceMeasure,SemiSupervisedStream -s generators.RandomTreeGenerator -t 0.95,1,174000.0,1.429423,5.34640615536935E-8,164890.0,174000.0,72.28390804597701,46.25470790836374,43.0598847643336,34.33904720410636,174000.0,211072.0
semisupervised.SelfTrainingClassifier -l trees.HoeffdingTree -s DistanceMeasure,SemiSupervisedStream -s generators.RandomTreeGenerator -t 0.95,1,175000.0,1.437332,5.389596110209825E-8,165841.0,175000.0,72.29028571428572,46.26512738278624,43.075153194186846,34.36738671430893,175000.0,211088.0
semisupervised.SelfTrainingClassifier -l trees.HoeffdingTree -s DistanceMeasure,SemiSupervisedStream -s generators.RandomTreeGenerator -t 0.95,1,176000.0,1.44516,5.4323453553434895E-8,166790.0,176000.0,72.30568181818182,46.29532154224085,43.10228095160274,34.4151562857412,176000.0,211096.0
semisupervised.SelfTrainingClassifier -l trees.HoeffdingTree -s DistanceMeasure,SemiSupervisedStream -s generators.RandomTreeGenerator -t 0.95,1,177000.0,1.452996,5.4751382890260904E-8,167752.0,177000.0,72.3180790960452,46.31649570876705,43.125282940022515,34.45568130133505,177000.0,211096.0
semisupervised.SelfTrainingClassifier -l trees.HoeffdingTree -s DistanceMeasure,SemiSupervisedStream -s generators.RandomTreeGenerator -t 0.95,1,178000.0,1.461013,5.5189196761283635E-8,168694.0,178000.0,72.33314606741573,46.34610311845236,43.1551123115636,34.48931811530583,178000.0,211096.0
semisupervised.SelfTrainingClassifier -l trees.HoeffdingTree -s DistanceMeasure,SemiSupervisedStream -s generators.RandomTreeGenerator -t 0.95,1,179000.0,1.469015,5.562622459398378E-8,169639.0,179000.0,72.35921787709498,46.39516881489621,43.21408486267489,34.54557481148299,179000.0,211112.0
semisupervised.SelfTrainingClassifier -l trees.HoeffdingTree -s DistanceMeasure,SemiSupervisedStream -s generators.RandomTreeGenerator -t 0.95,1,180000.0,1.47697,5.606165688898831E-8,170583.0,180000.0,72.37055555555555,46.41710719587771,43.240127824697566,34.57303356004894,180000.0,211584.0
semisupervised.SelfTrainingClassifier -l trees.HoeffdingTree -s DistanceMeasure,SemiSupervisedStream -s generators.RandomTreeGenerator -t 0.95,1,181000.0,1.48479,5.649094589054587E-8,171540.0,181000.0,72.39337016574585,46.459802773910404,43.309016235350164,34.638778793705605,181000.0,212200.0
semisupervised.SelfTrainingClassifier -l trees.HoeffdingTree -s DistanceMeasure,SemiSupervisedStream -s generators.RandomTreeGenerator -t 0.95,1,182000.0,1.493668,5.697833354274434E-8,172479.0,182000.0,72.41373626373627,46.49672017245487,43.35405548723387,34.68668288431267,182000.0,212208.0
semisupervised.SelfTrainingClassifier -l trees.HoeffdingTree -s DistanceMeasure,SemiSupervisedStream -s generators.RandomTreeGenerator -t 0.95,1,183000.0,1.5022,5.744672636191053E-8,173430.0,183000.0,72.42896174863388,46.52638770292097,43.39739059222114,34.70636954214872,183000.0,212208.0
semisupervised.SelfTrainingClassifier -l trees.HoeffdingTree -s DistanceMeasure,SemiSupervisedStream -s generators.RandomTreeGenerator -t 0.95,1,184000.0,1.510297,5.7891238393882935E-8,174383.0,184000.0,72.43695652173912,46.5429843157121,43.40932168401789,34.7208814405787,184000.0,212208.0
semisupervised.SelfTrainingClassifier -l trees.HoeffdingTree -s DistanceMeasure,SemiSupervisedStream -s generators.RandomTreeGenerator -t 0.95,1,185000.0,1.518888,5.836395479531754E-8,175329.0,185000.0,72.43621621621622,46.5436546523597,43.41278824599952,34.703886292336264,185000.0,212696.0
semisupervised.SelfTrainingClassifier -l trees.HoeffdingTree -s DistanceMeasure,SemiSupervisedStream -s generators.RandomTreeGenerator -t 0.95,1,186000.0,1.527373,5.883087370958595E-8,176280.0,186000.0,72.43655913978495,46.54558426062217,43.40218363269047,34.68212511147918,186000.0,212712.0
semisupervised.SelfTrainingClassifier -l trees.HoeffdingTree -s DistanceMeasure,SemiSupervisedStream -s generators.RandomTreeGenerator -t 0.95,1,187000.0,1.535636,5.9285593343277795E-8,177244.0,187000.0,72.4475935828877,46.56590781651156,43.40619507908612,34.70000760436998,187000.0,212720.0
semisupervised.SelfTrainingClassifier -l trees.HoeffdingTree -s DistanceMeasure,SemiSupervisedStream -s generators.RandomTreeGenerator -t 0.95,1,188000.0,1.544496,5.977316637419995E-8,178190.0,188000.0,72.46010638297872,46.58959150834397,43.43693669088328,34.73136172251217,188000.0,212720.0
semisupervised.SelfTrainingClassifier -l trees.HoeffdingTree -s DistanceMeasure,SemiSupervisedStream -s generators.RandomTreeGenerator -t 0.95,1,189000.0,1.55227,6.020097593880365E-8,179136.0,189000.0,72.47037037037038,46.60950772559937,43.44702404243294,34.76063896481683,189000.0,212720.0
semisupervised.SelfTrainingClassifier -l trees.HoeffdingTree -s DistanceMeasure,SemiSupervisedStream -s generators.RandomTreeGenerator -t 0.95,1,190000.0,1.560063,6.062986334578861E-8,180086.0,190000.0,72.4778947368421,46.624823220177625,43.4577165533125,34.767910382595474,190000.0,212736.0
semisupervised.SelfTrainingClassifier -l trees.HoeffdingTree -s DistanceMeasure,SemiSupervisedStream -s generators.RandomTreeGenerator -t 0.95,1,191000.0,1.568462,6.10921019357112E-8,181043.0,191000.0,72.49057591623037,46.64923619653443,43.48817449476753,34.78913793531412,191000.0,212736.0
semisupervised.SelfTrainingClassifier -l trees.HoeffdingTree -s DistanceMeasure,SemiSupervisedStream -s generators.RandomTreeGenerator -t 0.95,1,192000.0,1.576187,6.151731091654966E-8,181997.0,192000.0,72.49322916666667,46.65562496675818,43.48770518115864,34.775413419619355,192000.0,212768.0
semisupervised.SelfTrainingClassifier -l trees.HoeffdingTree -s DistanceMeasure,SemiSupervisedStream -s generators.RandomTreeGenerator -t 0.95,1,193000.0,1.583641,6.192761860787871E-8,182955.0,193000.0,72.50103626943005,46.67156109920292,43.51352214310803,34.800555275733714,193000.0,212776.0
semisupervised.SelfTrainingClassifier -l trees.HoeffdingTree -s DistanceMeasure,SemiSupervisedStream -s generators.RandomTreeGenerator -t 0.95,1,194000.0,1.5913,6.234921058639886E-8,183905.0,194000.0,72.50773195876289,46.687624376199956,43.504051692177335,34.79589716004255,194000.0,212776.0
semisupervised.SelfTrainingClassifier -l trees.HoeffdingTree -s DistanceMeasure,SemiSupervisedStream -s generators.RandomTreeGenerator -t 0.95,1,195000.0,1.598759,6.275979350424478E-8,184857.0,195000.0,72.52153846153846,46.71345925951323,43.535622833177015,34.83685804278295,195000.0,212776.0
semisupervised.SelfTrainingClassifier -l trees.HoeffdingTree -s DistanceMeasure,SemiSupervisedStream -s generators.RandomTreeGenerator -t 0.95,1,196000.0,1.606239,6.317153237346149E-8,185816.0,196000.0,72.52142857142857,46.71459649112651,43.5302752293578,34.82028319012465,196000.0,212776.0
semisupervised.SelfTrainingClassifier -l trees.HoeffdingTree -s DistanceMeasure,SemiSupervisedStream -s generators.RandomTreeGenerator -t 0.95,1,197000.0,1.614051,6.360154628339743E-8,186765.0,197000.0,72.53604060913705,46.74212055582089,43.57819213281608,34.86468265433882,197000.0,212776.0
semisupervised.SelfTrainingClassifier -l trees.HoeffdingTree -s DistanceMeasure,SemiSupervisedStream -s generators.RandomTreeGenerator -t 0.95,1,198000.0,1.622027,6.404058762308627E-8,187717.0,198000.0,72.5489898989899,46.767444042749254,43.6189745132413,34.906586826347315,198000.0,212776.0
semisupervised.SelfTrainingClassifier -l trees.HoeffdingTree -s DistanceMeasure,SemiSupervisedStream -s generators.RandomTreeGenerator -t 0.95,1,199000.0,1.62994,6.447616110866271E-8,188669.0,199000.0,72.55527638190955,46.78062730075547,43.63893418092507,34.90852750134082,199000.0,212776.0
semisupervised.SelfTrainingClassifier -l trees.HoeffdingTree -s DistanceMeasure,SemiSupervisedStream -s generators.RandomTreeGenerator -t 0.95,1,200000.0,1.637464,6.489032197122774E-8,189619.0,200000.0,72.5755,46.81793468776465,43.663722267871826,34.965258839431826,200000.0,212776.0
semisupervised.SelfTrainingClassifier -l trees.HoeffdingTree -s DistanceMeasure,SemiSupervisedStream -s generators.RandomTreeGenerator -t 0.95,1,201000.0,1.644681,6.528758392565782E-8,190580.0,201000.0,72.5910447761194,46.848173132279456,43.69231712676691,34.98395015105741,201000.0,212776.0
semisupervised.SelfTrainingClassifier -l trees.HoeffdingTree -s DistanceMeasure,SemiSupervisedStream -s generators.RandomTreeGenerator -t 0.95,1,202000.0,1.652348,6.570961626660494E-8,191527.0,202000.0,72.6019801980198,46.86720955872221,43.70231725428763,35.02318755503374,202000.0,212776.0
semisupervised.SelfTrainingClassifier -l trees.HoeffdingTree -s DistanceMeasure,SemiSupervisedStream -s generators.RandomTreeGenerator -t 0.95,1,203000.0,1.660134,6.613821511260339E-8,192476.0,203000.0,72.62068965517241,46.901822846330546,43.74209221114428,35.08071109865208,203000.0,212784.0
semisupervised.SelfTrainingClassifier -l trees.HoeffdingTree -s DistanceMeasure,SemiSupervisedStream -s generators.RandomTreeGenerator -t 0.95,1,204000.0,1.668176,6.658090608608393E-8,193411.0,204000.0,72.61225490196078,46.8892571757476,43.73401276964289,35.04127427043367,204000.0,212784.0
semisupervised.SelfTrainingClassifier -l trees.HoeffdingTree -s DistanceMeasure,SemiSupervisedStream -s generators.RandomTreeGenerator -t 0.95,1,205000.0,1.675705,6.699538892135026E-8,194359.0,205000.0,72.6209756097561,46.906604507176795,43.752630629547234,35.06224546464273,205000.0,212800.0
semisupervised.SelfTrainingClassifier -l trees.HoeffdingTree -s DistanceMeasure,SemiSupervisedStream -s generators.RandomTreeGenerator -t 0.95,1,206000.0,1.683393,6.741862494705453E-8,195295.0,206000.0,72.63155339805826,46.9270137513114,43.76327890437195,35.08986034516505,206000.0,212800.0
semisupervised.SelfTrainingClassifier -l trees.HoeffdingTree -s DistanceMeasure,SemiSupervisedStream -s generators.RandomTreeGenerator -t 0.95,1,207000.0,1.691742,6.787828458059166E-8,196242.0,207000.0,72.6256038647343,46.918316004504774,43.75905671238859,35.057418571068375,207000.0,212816.0
semisupervised.SelfTrainingClassifier -l trees.HoeffdingTree -s DistanceMeasure,SemiSupervisedStream -s generators.RandomTreeGenerator -t 0.95,1,208000.0,1.699407,6.830028614857131E-8,197194.0,208000.0,72.6298076923077,46.92883424326125,43.77172882427306,35.056638642041506,208000.0,212816.0
semisupervised.SelfTrainingClassifier -l trees.HoeffdingTree -s DistanceMeasure,SemiSupervisedStream -s generators.RandomTreeGenerator -t 0.95,1,209000.0,1.707122,6.872504049912095E-8,198144.0,209000.0,72.64066985645933,46.947971059117876,43.805218416785415,35.085767479877845,209000.0,212816.0
semisupervised.SelfTrainingClassifier -l trees.HoeffdingTree -s DistanceMeasure,SemiSupervisedStream -s generators.RandomTreeGenerator -t 0.95,1,210000.0,1.714861,6.91511161853042E-8,199090.0,210000.0,72.65428571428572,46.97241749989654,43.83600496836094,35.133852931209766,210000.0,212816.0
semisupervised.SelfTrainingClassifier -l trees.HoeffdingTree -s DistanceMeasure,SemiSupervisedStream -s generators.RandomTreeGenerator -t 0.95,1,211000.0,1.722799,6.958814794611601E-8,200035.0,211000.0,72.65023696682465,46.9650503277259,43.82829610162067,35.12747875354107,211000.0,212816.0
semisupervised.SelfTrainingClassifier -l trees.HoeffdingTree -s DistanceMeasure,SemiSupervisedStream -s generators.RandomTreeGenerator -t 0.95,1,212000.0,1.730425,7.000800234369106E-8,200983.0,212000.0,72.65896226415094,46.982372624465896,43.85606354126306,35.15137275961602,212000.0,212816.0
semisupervised.SelfTrainingClassifier -l trees.HoeffdingTree -s DistanceMeasure,SemiSupervisedStream -s generators.RandomTreeGenerator -t 0.95,1,213000.0,1.738436,7.044905316705506E-8,201932.0,213000.0,72.66948356807512,47.00152558934759,43.88471177944863,35.173719376391986,213000.0,212816.0
semisupervised.SelfTrainingClassifier -l trees.HoeffdingTree -s DistanceMeasure,SemiSupervisedStream -s generators.RandomTreeGenerator -t 0.95,1,214000.0,1.746392,7.088709239537517E-8,202890.0,214000.0,72.67383177570093,47.00832098637884,43.89200184218606,35.20299618828119,214000.0,212824.0
semisupervised.SelfTrainingClassifier -l trees.HoeffdingTree -s DistanceMeasure,SemiSupervisedStream -s generators.RandomTreeGenerator -t 0.95,1,215000.0,1.754063,7.130944017320871E-8,203832.0,215000.0,72.6939534883721,47.04501390174005,43.940262022077086,35.268044192559614,215000.0,212824.0
semisupervised.SelfTrainingClassifier -l trees.HoeffdingTree -s DistanceMeasure,SemiSupervisedStream -s generators.RandomTreeGenerator -t 0.95,1,216000.0,1.761839,7.173756901174783E-8,204773.0,216000.0,72.69722222222222,47.053490126285865,43.941064638783274,35.263123229928205,216000.0,212824.0
semisupervised.SelfTrainingClassifier -l trees.HoeffdingTree -s DistanceMeasure,SemiSupervisedStream -s generators.RandomTreeGenerator -t 0.95,1,217000.0,1.769501,7.215942127009232E-8,205714.0,217000.0,72.70322580645161,47.06524873431883,43.94753775691736,35.27753496503496,217000.0,212824.0
semisupervised.SelfTrainingClassifier -l trees.HoeffdingTree -s DistanceMeasure,SemiSupervisedStream -s generators.RandomTreeGenerator -t 0.95,1,218000.0,1.77686,7.256459103897213E-8,206666.0,218000.0,72.71330275229357,47.08378574421651,43.98142916337061,35.312156768924595,218000.0,212824.0
semisupervised.SelfTrainingClassifier -l trees.HoeffdingTree -s DistanceMeasure,SemiSupervisedStream -s generators.RandomTreeGenerator -t 0.95,1,219000.0,1.784087,7.296249318867921E-8,207619.0,219000.0,72.72237442922375,47.10073266195823,44.00367447179468,35.33238793206101,219000.0,212824.0
semisupervised.SelfTrainingClassifier -l trees.HoeffdingTree -s DistanceMeasure,SemiSupervisedStream -s generators.RandomTreeGenerator -t 0.95,1,220000.0,1.791663,7.337961048301723E-8,208570.0,220000.0,72.7240909090909,47.104751664627436,44.010263587590394,35.32961881257476,220000.0,212824.0
semisupervised.SelfTrainingClassifier -l trees.HoeffdingTree -s DistanceMeasure,SemiSupervisedStream -s generators.RandomTreeGenerator -t 0.95,1,221000.0,1.799203,7.379474569939904E-8,209515.0,221000.0,72.73212669683258,47.12153897935193,44.038631192830934,35.34397665336252,221000.0,212824.0
semisupervised.SelfTrainingClassifier -l trees.HoeffdingTree -s DistanceMeasure,SemiSupervisedStream -s generators.RandomTreeGenerator -t 0.95,1,222000.0,1.806436,7.419297819543216E-8,210472.0,222000.0,72.74684684684685,47.14824353843857,44.06715417541069,35.39148263636753,222000.0,212824.0
semisupervised.SelfTrainingClassifier -l trees.HoeffdingTree -s DistanceMeasure,SemiSupervisedStream -s generators.RandomTreeGenerator -t 0.95,1,223000.0,1.813801,7.459847831063801E-8,211429.0,223000.0,72.74798206278027,47.15163115196186,44.077076680991254,35.392237117676444,223000.0,212824.0
semisupervised.SelfTrainingClassifier -l trees.HoeffdingTree -s DistanceMeasure,SemiSupervisedStream -s generators.RandomTreeGenerator -t 0.95,1,224000.0,1.821079,7.499918840411636E-8,212386.0,224000.0,72.76607142857144,47.18511323883913,44.12785639052984,35.4448195218997,224000.0,212824.0
semisupervised.SelfTrainingClassifier -l trees.HoeffdingTree -s DistanceMeasure,SemiSupervisedStream -s generators.RandomTreeGenerator -t 0.95,1,225000.0,1.828681,7.541773719920052E-8,213332.0,225000.0,72.78044444444444,47.213108459037834,44.162723484952096,35.48373504129446,225000.0,212824.0
semisupervised.SelfTrainingClassifier -l trees.HoeffdingTree -s DistanceMeasure,SemiSupervisedStream -s generators.RandomTreeGenerator -t 0.95,1,226000.0,1.836803,7.586491600920756E-8,214286.0,226000.0,72.79070796460178,47.2324162872404,44.184547797988614,35.52503276539976,226000.0,212824.0
semisupervised.SelfTrainingClassifier -l trees.HoeffdingTree -s DistanceMeasure,SemiSupervisedStream -s generators.RandomTreeGenerator -t 0.95,1,227000.0,1.846231,7.638400020284785E-8,215235.0,227000.0,72.80308370044052,47.254528389823456,44.207672495594416,35.569818409517836,227000.0,212824.0
semisupervised.SelfTrainingClassifier -l trees.HoeffdingTree -s DistanceMeasure,SemiSupervisedStream -s generators.RandomTreeGenerator -t 0.95,1,228000.0,1.855101,7.68723805455698E-8,216179.0,228000.0,72.81315789473685,47.27260571049213,44.23462732220774,35.60230637369488,228000.0,212832.0
semisupervised.SelfTrainingClassifier -l trees.HoeffdingTree -s DistanceMeasure,SemiSupervisedStream -s generators.RandomTreeGenerator -t 0.95,1,229000.0,1.862997,7.730713265223635E-8,217123.0,229000.0,72.817903930131,47.281055391697954,44.251092641685176,35.626751605530664,229000.0,212832.0
semisupervised.SelfTrainingClassifier -l trees.HoeffdingTree -s DistanceMeasure,SemiSupervisedStream -s generators.RandomTreeGenerator -t 0.95,1,230000.0,1.87053,7.772189805491103E-8,218068.0,230000.0,72.82913043478261,47.30211624853914,44.268859301008625,35.653830313014815,230000.0,212832.0
semisupervised.SelfTrainingClassifier -l trees.HoeffdingTree -s DistanceMeasure,SemiSupervisedStream -s generators.RandomTreeGenerator -t 0.95,1,231000.0,1.878622,7.81674418805374E-8,219011.0,231000.0,72.83679653679653,47.31658823466775,44.279371281413724,35.680385423607184,231000.0,212832.0
semisupervised.SelfTrainingClassifier -l trees.HoeffdingTree -s DistanceMeasure,SemiSupervisedStream -s generators.RandomTreeGenerator -t 0.95,1,232000.0,1.886387,7.859498115463389E-8,219953.0,232000.0,72.84181034482758,47.32720405210658,44.28547427247566,35.67629373270853,232000.0,212832.0
semisupervised.SelfTrainingClassifier -l trees.HoeffdingTree -s DistanceMeasure,SemiSupervisedStream -s generators.RandomTreeGenerator -t 0.95,1,233000.0,1.89414,7.902185971124304E-8,220892.0,233000.0,72.8381974248927,47.32068577649503,44.278331000114456,35.66040421292344,233000.0,212832.0
semisupervised.SelfTrainingClassifier -l trees.HoeffdingTree -s DistanceMeasure,SemiSupervisedStream -s generators.RandomTreeGenerator -t 0.95,1,234000.0,1.901832,7.944537962062491E-8,221844.0,234000.0,72.84786324786324,47.33914905163915,44.2964729399181,35.672123844526105,234000.0,212832.0
semisupervised.SelfTrainingClassifier -l trees.HoeffdingTree -s DistanceMeasure,SemiSupervisedStream -s generators.RandomTreeGenerator -t 0.95,1,235000.0,1.909451,7.986491170194413E-8,222800.0,235000.0,72.84978723404255,47.34255809237174,44.285614488552014,35.66689521658466,235000.0,212848.0
semisupervised.SelfTrainingClassifier -l trees.HoeffdingTree -s DistanceMeasure,SemiSupervisedStream -s generators.RandomTreeGenerator -t 0.95,1,236000.0,1.917313,8.029782431821027E-8,223751.0,236000.0,72.86186440677966,47.36672042719017,44.30734180297221,35.68645565552699,236000.0,212848.0
semisupervised.SelfTrainingClassifier -l trees.HoeffdingTree -s DistanceMeasure,SemiSupervisedStream -s generators.RandomTreeGenerator -t 0.95,1,237000.0,1.925025,8.072247734500301E-8,224692.0,237000.0,72.88185654008439,47.403289121120565,44.35449657572793,35.74477870089879,237000.0,212848.0
semisupervised.SelfTrainingClassifier -l trees.HoeffdingTree -s DistanceMeasure,SemiSupervisedStream -s generators.RandomTreeGenerator -t 0.95,1,238000.0,1.932891,8.115561021698844E-8,225645.0,238000.0,72.87773109243697,47.39808660236229,44.34634915981963,35.719620398123894,238000.0,212848.0
semisupervised.SelfTrainingClassifier -l trees.HoeffdingTree -s DistanceMeasure,SemiSupervisedStream -s generators.RandomTreeGenerator -t 0.95,1,239000.0,1.940985,8.160129766497346E-8,226597.0,239000.0,72.88661087866109,47.41590533519341,44.36488516849108,35.72923382097692,239000.0,212848.0
semisupervised.SelfTrainingClassifier -l trees.HoeffdingTree -s DistanceMeasure,SemiSupervisedStream -s generators.RandomTreeGenerator -t 0.95,1,240000.0,1.948917,8.203806475632718E-8,227554.0,240000.0,72.90666666666667,47.45326734868176,44.41300426579583,35.77686252432171,240000.0,212848.0
semisupervised.SelfTrainingClassifier -l trees.HoeffdingTree -s DistanceMeasure,SemiSupervisedStream -s generators.RandomTreeGenerator -t 0.95,1,241000.0,1.957181,8.249311307238206E-8,228511.0,241000.0,72.91867219917012,47.47611302164168,44.44501191692202,35.8022505508341,241000.0,212848.0
semisupervised.SelfTrainingClassifier -l trees.HoeffdingTree -s DistanceMeasure,SemiSupervisedStream -s generators.RandomTreeGenerator -t 0.95,1,242000.0,1.965192,8.293423021419178E-8,229462.0,242000.0,72.91776859504132,47.47478448992868,44.427862805782844,35.80146540239793,242000.0,212848.0
semisupervised.SelfTrainingClassifier -l trees.HoeffdingTree -s DistanceMeasure,SemiSupervisedStream -s generators.RandomTreeGenerator -t 0.95,1,243000.0,1.972911,8.335926868849328E-8,230421.0,243000.0,72.92139917695474,47.482610198477914,44.435155629866074,35.810164861964694,243000.0,212848.0
semisupervised.SelfTrainingClassifier -l trees.HoeffdingTree -s DistanceMeasure,SemiSupervisedStream -s generators.RandomTreeGenerator -t 0.95,1,244000.0,1.980852,8.379653135521541E-8,231370.0,244000.0,72.93073770491803,47.50145204780296,44.44995794785535,35.82054745270277,244000.0,212848.0
semisupervised.SelfTrainingClassifier -l trees.HoeffdingTree -s DistanceMeasure,SemiSupervisedStream -s generators.RandomTreeGenerator -t 0.95,1,245000.0,1.988641,8.42254243046045E-8,232320.0,245000.0,72.93836734693878,47.516200838360675,44.46966397534254,35.83567211845543,245000.0,212848.0
semisupervised.SelfTrainingClassifier -l trees.HoeffdingTree -s DistanceMeasure,SemiSupervisedStream -s generators.RandomTreeGenerator -t 0.95,1,246000.0,1.996494,8.465784134550225E-8,233273.0,246000.0,72.9540650406504,47.54556102354151,44.50311128905794,35.887873882207835,246000.0,212848.0
Learner,stream,randomSeed,learning evaluation instances,evaluation time (cpu seconds),model cost (RAM-Hours),Unlabeled instances,classified instances,classifications correct (percent),Kappa Statistic (percent),Kappa Temporal Statistic (percent),Kappa M Statistic (percent),model training instances,model serialized size (bytes)
semisupervised.SelfTrainingClassifier -l trees.HoeffdingTree -s DistanceMeasure,SemiSupervisedStream -s generators.RandomTreeGenerator -t 0.95,1,1000.0,0.101196,1.8909960240125653E-9,962.0,1000.0,52.900000000000006,11.880261927034612,2.079002079002081,-25.935828877005342,1000.0,72424.0
semisupervised.SelfTrainingClassifier -l trees.HoeffdingTree -s DistanceMeasure,SemiSupervisedStream -s generators.RandomTreeGenerator -t 0.95,1,2000.0,0.129361,2.4262771817545095E-9,1908.0,2000.0,58.5,18.56573658272396,9.684439608269853,-6.683804627249364,2000.0,73464.0
semisupervised.SelfTrainingClassifier -l trees.HoeffdingTree -s DistanceMeasure,SemiSupervisedStream -s generators.RandomTreeGenerator -t 0.95,1,3000.0,0.143635,2.697557254383961E-9,2870.0,3000.0,60.266666666666666,22.527140415225073,14.796283059328102,-0.5059021922428335,3000.0,73464.0
semisupervised.SelfTrainingClassifier -l trees.HoeffdingTree -s DistanceMeasure,SemiSupervisedStream -s generators.RandomTreeGenerator -t 0.95,1,4000.0,0.170503,3.2324885763227936E-9,3807.0,4000.0,61.9,25.401846157460845,18.76332622601279,5.046728971962614,4000.0,76960.0
semisupervised.SelfTrainingClassifier -l trees.HoeffdingTree -s DistanceMeasure,SemiSupervisedStream -s generators.RandomTreeGenerator -t 0.95,1,5000.0,0.193372,3.764901645481586E-9,4753.0,5000.0,61.519999999999996,25.136361549350468,17.566409597257916,4.0877367896311,5000.0,89992.0
semisupervised.SelfTrainingClassifier -l trees.HoeffdingTree -s DistanceMeasure,SemiSupervisedStream -s generators.RandomTreeGenerator -t 0.95,1,6000.0,0.201971,3.966607625285784E-9,5711.0,6000.0,62.11666666666667,26.439542235827986,18.73435824097246,6.113176373399409,6000.0,90672.0
semisupervised.SelfTrainingClassifier -l trees.HoeffdingTree -s DistanceMeasure,SemiSupervisedStream -s generators.RandomTreeGenerator -t 0.95,1,7000.0,0.222616,4.4635227529538996E-9,6657.0,7000.0,62.52857142857143,27.307362729648325,20.44282681225357,8.061689449702083,7000.0,93040.0
semisupervised.SelfTrainingClassifier -l trees.HoeffdingTree -s DistanceMeasure,SemiSupervisedStream -s generators.RandomTreeGenerator -t 0.95,1,8000.0,0.236478,4.79726043012407E-9,7606.0,8000.0,62.8375,27.99613460581335,21.265889830508474,8.775698066891698,8000.0,93064.0
semisupervised.SelfTrainingClassifier -l trees.HoeffdingTree -s DistanceMeasure,SemiSupervisedStream -s generators.RandomTreeGenerator -t 0.95,1,9000.0,0.250065,5.124517882035837E-9,8559.0,9000.0,62.977777777777774,28.290347476166012,21.581548599670516,9.750812567713982,9000.0,93104.0
semisupervised.SelfTrainingClassifier -l trees.HoeffdingTree -s DistanceMeasure,SemiSupervisedStream -s generators.RandomTreeGenerator -t 0.95,1,10000.0,0.259224,5.345160120891199E-9,9503.0,10000.0,62.970000000000006,28.3870987704937,21.9435075885329,9.572649572649576,10000.0,93120.0
semisupervised.SelfTrainingClassifier -l trees.HoeffdingTree -s DistanceMeasure,SemiSupervisedStream -s generators.RandomTreeGenerator -t 0.95,1,11000.0,0.268902,5.578365267978773E-9,10443.0,11000.0,62.9,28.249374237876363,21.849865951742636,9.971321420692693,11000.0,93144.0
semisupervised.SelfTrainingClassifier -l trees.HoeffdingTree -s DistanceMeasure,SemiSupervisedStream -s generators.RandomTreeGenerator -t 0.95,1,12000.0,0.27824,5.803396958443853E-9,11386.0,12000.0,63.19166666666667,28.801036535690884,22.644483362521896,11.126760563380289,12000.0,93152.0
semisupervised.SelfTrainingClassifier -l trees.HoeffdingTree -s DistanceMeasure,SemiSupervisedStream -s generators.RandomTreeGenerator -t 0.95,1,13000.0,0.289802,6.082023688488536E-9,12332.0,13000.0,63.438461538461546,29.328431955640568,23.177630515597226,11.225252147926799,13000.0,93152.0
semisupervised.SelfTrainingClassifier -l trees.HoeffdingTree -s DistanceMeasure,SemiSupervisedStream -s generators.RandomTreeGenerator -t 0.95,1,14000.0,0.296923,6.253629028797149E-9,13291.0,14000.0,63.49285714285714,29.43231605044092,23.705030601582326,11.803278688524582,14000.0,93152.0
semisupervised.SelfTrainingClassifier -l trees.HoeffdingTree -s DistanceMeasure,SemiSupervisedStream -s generators.RandomTreeGenerator -t 0.95,1,15000.0,0.305978,6.47184084686968E-9,14226.0,15000.0,63.70666666666666,29.829662924592405,24.2837273991655,12.658430932135403,15000.0,93152.0
semisupervised.SelfTrainingClassifier -l trees.HoeffdingTree -s DistanceMeasure,SemiSupervisedStream -s generators.RandomTreeGenerator -t 0.95,1,16000.0,0.312447,6.627733972337511E-9,15193.0,16000.0,63.731249999999996,29.899184626527564,24.262594622813886,12.67118133935288,16000.0,93152.0
semisupervised.SelfTrainingClassifier -l trees.HoeffdingTree -s DistanceMeasure,SemiSupervisedStream -s generators.RandomTreeGenerator -t 0.95,1,17000.0,0.322134,6.861176035470433E-9,16132.0,17000.0,63.82941176470588,30.096722816028965,24.50583179864947,13.063763608087095,17000.0,93152.0
semisupervised.SelfTrainingClassifier -l trees.HoeffdingTree -s DistanceMeasure,SemiSupervisedStream -s generators.RandomTreeGenerator -t 0.95,1,18000.0,0.328345,7.010851750771205E-9,17081.0,18000.0,63.78333333333334,30.038496415425403,24.452427859543402,12.940705128205144,18000.0,93152.0
semisupervised.SelfTrainingClassifier -l trees.HoeffdingTree -s DistanceMeasure,SemiSupervisedStream -s generators.RandomTreeGenerator -t 0.95,1,19000.0,0.334578,7.161057632830409E-9,18036.0,19000.0,63.952631578947376,30.346496140413027,24.80237154150198,13.631778058007582,19000.0,93152.0
semisupervised.SelfTrainingClassifier -l trees.HoeffdingTree -s DistanceMeasure,SemiSupervisedStream -s generators.RandomTreeGenerator -t 0.95,1,20000.0,0.341264,7.322180130415494E-9,18982.0,20000.0,63.980000000000004,30.42370294073531,24.79381981417685,13.64181251498443,20000.0,93152.0
semisupervised.SelfTrainingClassifier -l trees.HoeffdingTree -s DistanceMeasure,SemiSupervisedStream -s generators.RandomTreeGenerator -t 0.95,1,21000.0,0.345948,7.435057452983327E-9,19928.0,21000.0,64.08095238095238,30.621308578223662,25.049682034976158,13.912348778817615,21000.0,93152.0
semisupervised.SelfTrainingClassifier -l trees.HoeffdingTree -s DistanceMeasure,SemiSupervisedStream -s generators.RandomTreeGenerator -t 0.95,1,22000.0,0.362058,7.867094642586178E-9,20878.0,22000.0,64.08181818181818,30.63034283009383,24.914481185860886,13.639344262295086,22000.0,103664.0
semisupervised.SelfTrainingClassifier -l trees.HoeffdingTree -s DistanceMeasure,SemiSupervisedStream -s generators.RandomTreeGenerator -t 0.95,1,23000.0,0.369476,8.074182292653455E-9,21831.0,23000.0,64.02608695652174,30.549516160023476,24.88424875170224,13.397529830437533,23000.0,107912.0
semisupervised.SelfTrainingClassifier -l trees.HoeffdingTree -s DistanceMeasure,SemiSupervisedStream -s generators.RandomTreeGenerator -t 0.95,1,24000.0,0.375868,8.254690902928511E-9,22786.0,24000.0,64.14166666666667,30.75880463998879,25.230234578627282,13.524919614147896,24000.0,109160.0
semisupervised.SelfTrainingClassifier -l trees.HoeffdingTree -s DistanceMeasure,SemiSupervisedStream -s generators.RandomTreeGenerator -t 0.95,1,25000.0,0.381506,8.414011742505763E-9,23731.0,25000.0,64.408,31.217751963242314,25.7324096486103,14.285714285714294,25000.0,109232.0
semisupervised.SelfTrainingClassifier -l trees.HoeffdingTree -s DistanceMeasure,SemiSupervisedStream -s generators.RandomTreeGenerator -t 0.95,1,26000.0,0.386952,8.56790696995126E-9,24675.0,26000.0,64.64230769230768,31.60325296758003,26.24949859606899,14.989828000739777,26000.0,109232.0
semisupervised.SelfTrainingClassifier -l trees.HoeffdingTree -s DistanceMeasure,SemiSupervisedStream -s generators.RandomTreeGenerator -t 0.95,1,27000.0,0.392561,8.726419924447935E-9,25619.0,27000.0,64.85925925925926,31.995412844036696,26.84656900539707,15.65472486443241,27000.0,109240.0
semisupervised.SelfTrainingClassifier -l trees.HoeffdingTree -s DistanceMeasure,SemiSupervisedStream -s generators.RandomTreeGenerator -t 0.95,1,28000.0,0.399758,8.93074888115128E-9,26558.0,28000.0,65.00714285714285,32.28764143967317,27.31993175580445,15.882554945054942,28000.0,109744.0
semisupervised.SelfTrainingClassifier -l trees.HoeffdingTree -s DistanceMeasure,SemiSupervisedStream -s generators.RandomTreeGenerator -t 0.95,1,29000.0,0.405818,9.102885232617459E-9,27512.0,29000.0,65.21379310344828,32.69316779240438,27.757089659123462,16.400099444766735,29000.0,109800.0
semisupervised.SelfTrainingClassifier -l trees.HoeffdingTree -s DistanceMeasure,SemiSupervisedStream -s generators.RandomTreeGenerator -t 0.95,1,30000.0,0.411528,9.26517425518897E-9,28458.0,30000.0,65.41333333333334,33.08851830572648,28.327692201422956,16.91223574631647,30000.0,109864.0
semisupervised.SelfTrainingClassifier -l trees.HoeffdingTree -s DistanceMeasure,SemiSupervisedStream -s generators.RandomTreeGenerator -t 0.95,1,31000.0,0.416866,9.416901380237607E-9,29414.0,31000.0,65.53548387096774,33.33713312452783,28.501639563675283,17.255266418835184,31000.0,109872.0
semisupervised.SelfTrainingClassifier -l trees.HoeffdingTree -s DistanceMeasure,SemiSupervisedStream -s generators.RandomTreeGenerator -t 0.95,1,32000.0,0.422324,9.572039381083517E-9,30365.0,32000.0,65.721875,33.70162156093499,28.934240362811774,17.804421131509912,32000.0,109872.0
semisupervised.SelfTrainingClassifier -l trees.HoeffdingTree -s DistanceMeasure,SemiSupervisedStream -s generators.RandomTreeGenerator -t 0.95,1,33000.0,0.427965,9.732378967520264E-9,31313.0,33000.0,65.87575757575758,33.9833155595491,29.300602712204928,18.303830528148577,33000.0,109872.0
semisupervised.SelfTrainingClassifier -l trees.HoeffdingTree -s DistanceMeasure,SemiSupervisedStream -s generators.RandomTreeGenerator -t 0.95,1,34000.0,0.433731,9.896271549579171E-9,32256.0,34000.0,66.04705882352941,34.324484733854526,29.652650822669113,18.623995488509802,34000.0,109872.0
semisupervised.SelfTrainingClassifier -l trees.HoeffdingTree -s DistanceMeasure,SemiSupervisedStream -s generators.RandomTreeGenerator -t 0.95,1,35000.0,0.439445,1.005868608545926E-8,33205.0,35000.0,66.18,34.57505100017652,29.995860192796748,18.957962481172142,35000.0,109872.0
semisupervised.SelfTrainingClassifier -l trees.HoeffdingTree -s DistanceMeasure,SemiSupervisedStream -s generators.RandomTreeGenerator -t 0.95,1,36000.0,0.445049,1.021797398519185E-8,34138.0,36000.0,66.28888888888889,34.787913801006574,30.164575900563932,19.30851063829787,36000.0,109872.0
semisupervised.SelfTrainingClassifier -l trees.HoeffdingTree -s DistanceMeasure,SemiSupervisedStream -s generators.RandomTreeGenerator -t 0.95,1,37000.0,0.451759,1.0408851547787589E-8,35088.0,37000.0,66.40810810810811,35.011778298190166,30.4476776720761,19.631425800193995,37000.0,109960.0
semisupervised.SelfTrainingClassifier -l trees.HoeffdingTree -s DistanceMeasure,SemiSupervisedStream -s generators.RandomTreeGenerator -t 0.95,1,38000.0,0.462514,1.0758912699917954E-8,36033.0,38000.0,66.43157894736842,35.08182152334612,30.515306678287384,19.62192816635161,38000.0,125816.0
semisupervised.SelfTrainingClassifier -l trees.HoeffdingTree -s DistanceMeasure,SemiSupervisedStream -s generators.RandomTreeGenerator -t 0.95,1,39000.0,0.468646,1.09594276919961E-8,36984.0,39000.0,66.5051282051282,35.24317592825118,30.72599034841173,19.775225695510645,39000.0,126400.0
semisupervised.SelfTrainingClassifier -l trees.HoeffdingTree -s DistanceMeasure,SemiSupervisedStream -s generators.RandomTreeGenerator -t 0.95,1,40000.0,0.474279,1.1143637156734866E-8,37924.0,40000.0,66.6125,35.454670951174805,30.985478786626004,20.125598086124402,40000.0,126408.0
semisupervised.SelfTrainingClassifier -l trees.HoeffdingTree -s DistanceMeasure,SemiSupervisedStream -s generators.RandomTreeGenerator -t 0.95,1,41000.0,0.480006,1.1330944299697878E-8,38871.0,41000.0,66.69024390243902,35.622828112476235,31.16431451612904,20.260407543644554,41000.0,126424.0
semisupervised.SelfTrainingClassifier -l trees.HoeffdingTree -s DistanceMeasure,SemiSupervisedStream -s generators.RandomTreeGenerator -t 0.95,1,42000.0,0.485235,1.150197468698025E-8,39830.0,42000.0,66.74761904761904,35.750245387506155,31.279830733651526,20.380822073998043,42000.0,126432.0
semisupervised.SelfTrainingClassifier -l trees.HoeffdingTree -s DistanceMeasure,SemiSupervisedStream -s generators.RandomTreeGenerator -t 0.95,1,43000.0,0.490627,1.167897256712119E-8,40774.0,43000.0,66.81162790697674,35.88435690438463,31.382825271660746,20.53566456929674,43000.0,126888.0
semisupervised.SelfTrainingClassifier -l trees.HoeffdingTree -s DistanceMeasure,SemiSupervisedStream -s generators.RandomTreeGenerator -t 0.95,1,44000.0,0.496103,1.1858841164244548E-8,41716.0,44000.0,66.83181818181818,35.93694203616145,31.409503219438832,20.559577595122754,44000.0,126968.0
semisupervised.SelfTrainingClassifier -l trees.HoeffdingTree -s DistanceMeasure,SemiSupervisedStream -s generators.RandomTreeGenerator -t 0.95,1,45000.0,0.501352,1.2031253557652237E-8,42676.0,45000.0,66.92666666666666,36.12662613712172,31.60071694471254,20.767674616695068,45000.0,126968.0
semisupervised.SelfTrainingClassifier -l trees.HoeffdingTree -s DistanceMeasure,SemiSupervisedStream -s generators.RandomTreeGenerator -t 0.95,1,46000.0,0.507331,1.2227656425287328E-8,43622.0,46000.0,67.00652173913043,36.292656029984016,31.71203599550055,20.944890092717987,46000.0,126976.0
semisupervised.SelfTrainingClassifier -l trees.HoeffdingTree -s DistanceMeasure,SemiSupervisedStream -s generators.RandomTreeGenerator -t 0.95,1,47000.0,0.513267,1.242349447268579E-8,44581.0,47000.0,67.13191489361702,36.53931783525073,31.866096237815906,21.18769450538236,47000.0,127528.0
semisupervised.SelfTrainingClassifier -l trees.HoeffdingTree -s DistanceMeasure,SemiSupervisedStream -s generators.RandomTreeGenerator -t 0.95,1,48000.0,0.519273,1.2621641931020554E-8,45525.0,48000.0,67.24375,36.75436201520804,32.08207343412528,21.557573338654958,48000.0,127528.0
semisupervised.SelfTrainingClassifier -l trees.HoeffdingTree -s DistanceMeasure,SemiSupervisedStream -s generators.RandomTreeGenerator -t 0.95,1,49000.0,0.525809,1.2837288456244604E-8,46478.0,49000.0,67.23061224489796,36.74310884568599,32.13727230463632,21.508530087500606,49000.0,127536.0
semisupervised.SelfTrainingClassifier -l trees.HoeffdingTree -s DistanceMeasure,SemiSupervisedStream -s generators.RandomTreeGenerator -t 0.95,1,50000.0,0.532715,1.3065214097085929E-8,47441.0,50000.0,67.292,36.86082677193109,32.30399867538703,21.73621745788666,50000.0,127576.0
semisupervised.SelfTrainingClassifier -l trees.HoeffdingTree -s DistanceMeasure,SemiSupervisedStream -s generators.RandomTreeGenerator -t 0.95,1,51000.0,0.538586,1.325898059540325E-8,48400.0,51000.0,67.36862745098038,37.00091075830464,32.48681541582149,22.04787109466484,51000.0,127576.0
semisupervised.SelfTrainingClassifier -l trees.HoeffdingTree -s DistanceMeasure,SemiSupervisedStream -s generators.RandomTreeGenerator -t 0.95,1,52000.0,0.545369,1.3482902896487053E-8,49351.0,52000.0,67.38846153846154,37.04602057289866,32.50547263681592,22.118122531459548,52000.0,127608.0
semisupervised.SelfTrainingClassifier -l trees.HoeffdingTree -s DistanceMeasure,SemiSupervisedStream -s generators.RandomTreeGenerator -t 0.95,1,53000.0,0.551576,1.368781012379461E-8,50299.0,53000.0,67.47169811320755,37.202565779508234,32.735076082715565,22.401764414637437,53000.0,127608.0
semisupervised.SelfTrainingClassifier -l trees.HoeffdingTree -s DistanceMeasure,SemiSupervisedStream -s generators.RandomTreeGenerator -t 0.95,1,54000.0,0.557579,1.3886032541178996E-8,51252.0,54000.0,67.55555555555556,37.37012474849297,32.83753737637048,22.621676530341844,54000.0,127640.0
semisupervised.SelfTrainingClassifier -l trees.HoeffdingTree -s DistanceMeasure,SemiSupervisedStream -s generators.RandomTreeGenerator -t 0.95,1,55000.0,0.562993,1.4064805849144858E-8,52209.0,55000.0,67.64545454545454,37.53466794815081,32.97804225829535,22.905294168616237,55000.0,127640.0
semisupervised.SelfTrainingClassifier -l trees.HoeffdingTree -s DistanceMeasure,SemiSupervisedStream -s generators.RandomTreeGenerator -t 0.95,1,56000.0,0.568657,1.4251834296931824E-8,53150.0,56000.0,67.71071428571429,37.66105657382492,33.150948279049146,23.058593251351017,56000.0,127640.0
semisupervised.SelfTrainingClassifier -l trees.HoeffdingTree -s DistanceMeasure,SemiSupervisedStream -s generators.RandomTreeGenerator -t 0.95,1,57000.0,0.574467,1.4443683746374316E-8,54098.0,57000.0,67.77192982456141,37.78159319515344,33.328494174862996,23.260088562118813,57000.0,127640.0
semisupervised.SelfTrainingClassifier -l trees.HoeffdingTree -s DistanceMeasure,SemiSupervisedStream -s generators.RandomTreeGenerator -t 0.95,1,58000.0,0.580029,1.4627344097114273E-8,55042.0,58000.0,67.83103448275862,37.8958152251556,33.4996614035713,23.426085529015854,58000.0,127640.0
semisupervised.SelfTrainingClassifier -l trees.HoeffdingTree -s DistanceMeasure,SemiSupervisedStream -s generators.RandomTreeGenerator -t 0.95,1,59000.0,0.585866,1.4820085101657445E-8,55987.0,59000.0,67.93050847457627,38.08742227081704,33.684985279685954,23.6317403939296,59000.0,127640.0
semisupervised.SelfTrainingClassifier -l trees.HoeffdingTree -s DistanceMeasure,SemiSupervisedStream -s generators.RandomTreeGenerator -t 0.95,1,60000.0,0.591549,1.5007740940070816E-8,56932.0,60000.0,68.02166666666668,38.2606132682978,33.87213510253318,23.86715340052378,60000.0,127640.0
semisupervised.SelfTrainingClassifier -l trees.HoeffdingTree -s DistanceMeasure,SemiSupervisedStream -s generators.RandomTreeGenerator -t 0.95,1,61000.0,0.597199,1.51943071000278E-8,57877.0,61000.0,68.12950819672132,38.4630166539371,34.06477870103443,24.126761113062482,61000.0,127640.0
semisupervised.SelfTrainingClassifier -l trees.HoeffdingTree -s DistanceMeasure,SemiSupervisedStream -s generators.RandomTreeGenerator -t 0.95,1,62000.0,0.60288,1.5381896897322602E-8,58815.0,62000.0,68.17258064516129,38.549356236541215,34.18823372465313,24.26986990060252,62000.0,127640.0
semisupervised.SelfTrainingClassifier -l trees.HoeffdingTree -s DistanceMeasure,SemiSupervisedStream -s generators.RandomTreeGenerator -t 0.95,1,63000.0,0.608577,1.5570015023565953E-8,59758.0,63000.0,68.24603174603175,38.691758941678884,34.356029532403596,24.429585977636748,63000.0,127640.0
semisupervised.SelfTrainingClassifier -l trees.HoeffdingTree -s DistanceMeasure,SemiSupervisedStream -s generators.RandomTreeGenerator -t 0.95,1,64000.0,0.613893,1.574555231672194E-8,60719.0,64000.0,68.359375,38.90505037299809,34.65634075508229,24.737976659481152,64000.0,127640.0
semisupervised.SelfTrainingClassifier -l trees.HoeffdingTree -s DistanceMeasure,SemiSupervisedStream -s generators.RandomTreeGenerator -t 0.95,1,65000.0,0.62036,1.59590962736143E-8,61668.0,65000.0,68.42307692307692,39.03502473415249,34.79158724107256,24.84162730235453,65000.0,127640.0
semisupervised.SelfTrainingClassifier -l trees.HoeffdingTree -s DistanceMeasure,SemiSupervisedStream -s generators.RandomTreeGenerator -t 0.95,1,66000.0,0.625884,1.6141501843101447E-8,62613.0,66000.0,68.5,39.17871337697982,34.976386325962544,25.075681130171567,66000.0,127640.0
semisupervised.SelfTrainingClassifier -l trees.HoeffdingTree -s DistanceMeasure,SemiSupervisedStream -s generators.RandomTreeGenerator -t 0.95,1,67000.0,0.631444,1.6325096152722833E-8,63553.0,67000.0,68.60298507462687,39.370905951932265,35.19408502772643,25.38308740068105,67000.0,127640.0
semisupervised.SelfTrainingClassifier -l trees.HoeffdingTree -s DistanceMeasure,SemiSupervisedStream -s generators.RandomTreeGenerator -t 0.95,1,68000.0,0.636883,1.6504694974670803E-8,64500.0,68000.0,68.68382352941177,39.521047256930395,35.39138349514565,25.630369490815124,68000.0,127640.0
semisupervised.SelfTrainingClassifier -l trees.HoeffdingTree -s DistanceMeasure,SemiSupervisedStream -s generators.RandomTreeGenerator -t 0.95,1,69000.0,0.642595,1.669330840930342E-8,65446.0,69000.0,68.7463768115942,39.64143535865997,35.547984099943214,25.801679053124143,69000.0,127640.0
semisupervised.SelfTrainingClassifier -l trees.HoeffdingTree -s DistanceMeasure,SemiSupervisedStream -s generators.RandomTreeGenerator -t 0.95,1,70000.0,0.652471,1.7046256419271225E-8,66404.0,70000.0,68.78999999999999,39.72672732158454,35.66653906180983,25.952413232104103,70000.0,138144.0
semisupervised.SelfTrainingClassifier -l trees.HoeffdingTree -s DistanceMeasure,SemiSupervisedStream -s generators.RandomTreeGenerator -t 0.95,1,71000.0,0.659624,1.7309484382470443E-8,67365.0,71000.0,68.83380281690141,39.80522790780298,35.79014566769195,26.126727649061916,71000.0,142248.0
semisupervised.SelfTrainingClassifier -l trees.HoeffdingTree -s DistanceMeasure,SemiSupervisedStream -s generators.RandomTreeGenerator -t 0.95,1,72000.0,0.665729,1.753415893763303E-8,68324.0,72000.0,68.83333333333333,39.81835513230355,35.81235697940504,26.06503904319463,72000.0,142256.0
semisupervised.SelfTrainingClassifier -l trees.HoeffdingTree -s DistanceMeasure,SemiSupervisedStream -s generators.RandomTreeGenerator -t 0.95,1,73000.0,0.671573,1.7749264525870476E-8,69276.0,73000.0,68.8945205479452,39.93457004817148,35.930137411472586,26.180104031209357,73000.0,142280.0
semisupervised.SelfTrainingClassifier -l trees.HoeffdingTree -s DistanceMeasure,SemiSupervisedStream -s generators.RandomTreeGenerator -t 0.95,1,74000.0,0.676988,1.7948601922641192E-8,70241.0,74000.0,68.99054054054055,40.114189166227646,36.15724897754779,26.40474663245672,74000.0,142296.0
semisupervised.SelfTrainingClassifier -l trees.HoeffdingTree -s DistanceMeasure,SemiSupervisedStream -s generators.RandomTreeGenerator -t 0.95,1,75000.0,0.682546,1.815320344641804E-8,71197.0,75000.0,69.04533333333333,40.22225275789849,36.2460524509131,26.5339704439733,75000.0,142296.0
semisupervised.SelfTrainingClassifier -l trees.HoeffdingTree -s DistanceMeasure,SemiSupervisedStream -s generators.RandomTreeGenerator -t 0.95,1,76000.0,0.688095,1.8357485145744343E-8,72151.0,76000.0,69.07894736842105,40.28649078639409,36.390212213079245,26.679354778322047,76000.0,142304.0
semisupervised.SelfTrainingClassifier -l trees.HoeffdingTree -s DistanceMeasure,SemiSupervisedStream -s generators.RandomTreeGenerator -t 0.95,1,77000.0,0.694681,1.8601060809774524E-8,73107.0,77000.0,69.11558441558442,40.36224693785657,36.46879675144262,26.723978554261418,77000.0,142960.0
semisupervised.SelfTrainingClassifier -l trees.HoeffdingTree -s DistanceMeasure,SemiSupervisedStream -s generators.RandomTreeGenerator -t 0.95,1,78000.0,0.700293,1.88094156090584E-8,74060.0,78000.0,69.14615384615385,40.425280980590536,36.4627610423212,26.81324696651765,78000.0,143512.0
semisupervised.SelfTrainingClassifier -l trees.HoeffdingTree -s DistanceMeasure,SemiSupervisedStream -s generators.RandomTreeGenerator -t 0.95,1,79000.0,0.705894,1.9018161853568412E-8,75014.0,79000.0,69.16835443037974,40.479360848737215,36.51741034195161,26.83388404926403,79000.0,144064.0
semisupervised.SelfTrainingClassifier -l trees.HoeffdingTree -s DistanceMeasure,SemiSupervisedStream -s generators.RandomTreeGenerator -t 0.95,1,80000.0,0.711985,1.9245170133395317E-8,75952.0,80000.0,69.20125,40.546650564450424,36.57751808283354,26.921936172736988,80000.0,144064.0
semisupervised.SelfTrainingClassifier -l trees.HoeffdingTree -s DistanceMeasure,SemiSupervisedStream -s generators.RandomTreeGenerator -t 0.95,1,81000.0,0.727773,1.992931792512535E-8,76904.0,81000.0,69.21604938271605,40.57804105653697,36.587660851431764,26.975341181983254,81000.0,167504.0
semisupervised.SelfTrainingClassifier -l trees.HoeffdingTree -s DistanceMeasure,SemiSupervisedStream -s generators.RandomTreeGenerator -t 0.95,1,82000.0,0.735306,2.0255873184651127E-8,77849.0,82000.0,69.28048780487805,40.70051186564389,36.78478217225455,27.16495590573947,82000.0,167568.0
semisupervised.SelfTrainingClassifier -l trees.HoeffdingTree -s DistanceMeasure,SemiSupervisedStream -s generators.RandomTreeGenerator -t 0.95,1,83000.0,0.745577,2.072922228732042E-8,78799.0,83000.0,69.30722891566265,40.751131284142225,36.85554233591117,27.228839946296475,83000.0,178144.0
semisupervised.SelfTrainingClassifier -l trees.HoeffdingTree -s DistanceMeasure,SemiSupervisedStream -s generators.RandomTreeGenerator -t 0.95,1,84000.0,0.756793,2.128228802440894E-8,79750.0,84000.0,69.34880952380954,40.833815222326436,36.945607719246695,27.323792587574452,84000.0,190608.0
semisupervised.SelfTrainingClassifier -l trees.HoeffdingTree -s DistanceMeasure,SemiSupervisedStream -s generators.RandomTreeGenerator -t 0.95,1,85000.0,0.765056,2.1691296278602537E-8,80709.0,85000.0,69.37647058823529,40.89157863140679,36.9870972427316,27.391910739191072,85000.0,191336.0
semisupervised.SelfTrainingClassifier -l trees.HoeffdingTree -s DistanceMeasure,SemiSupervisedStream -s generators.RandomTreeGenerator -t 0.95,1,86000.0,0.774122,2.2143204228745556E-8,81657.0,86000.0,69.39418604651163,40.934744631471254,36.95417854319864,27.36630056846405,86000.0,192680.0
semisupervised.SelfTrainingClassifier -l trees.HoeffdingTree -s DistanceMeasure,SemiSupervisedStream -s generators.RandomTreeGenerator -t 0.95,1,87000.0,0.78315,2.2593292751246018E-8,82606.0,87000.0,69.43448275862069,41.016277466664945,37.020107524335074,27.44734257339299,87000.0,192712.0
semisupervised.SelfTrainingClassifier -l trees.HoeffdingTree -s DistanceMeasure,SemiSupervisedStream -s generators.RandomTreeGenerator -t 0.95,1,88000.0,0.791293,2.3000456384486612E-8,83566.0,88000.0,69.48977272727272,41.1240177734661,37.12030726714911,27.568252940541694,88000.0,193280.0
semisupervised.SelfTrainingClassifier -l trees.HoeffdingTree -s DistanceMeasure,SemiSupervisedStream -s generators.RandomTreeGenerator -t 0.95,1,89000.0,0.79961,2.3417576851530198E-8,84512.0,89000.0,69.53370786516854,41.206106383026444,37.222170772365246,27.69333333333333,89000.0,193864.0
semisupervised.SelfTrainingClassifier -l trees.HoeffdingTree -s DistanceMeasure,SemiSupervisedStream -s generators.RandomTreeGenerator -t 0.95,1,90000.0,0.807818,2.3830470742864733E-8,85466.0,90000.0,69.61111111111111,41.34823015628904,37.39269772233032,27.874472573839665,90000.0,194448.0
semisupervised.SelfTrainingClassifier -l trees.HoeffdingTree -s DistanceMeasure,SemiSupervisedStream -s generators.RandomTreeGenerator -t 0.95,1,91000.0,0.816007,2.4242408861302657E-8,86409.0,91000.0,69.66813186813187,41.45383163107074,37.51386593620536,28.005425284957862,91000.0,194448.0
semisupervised.SelfTrainingClassifier -l trees.HoeffdingTree -s DistanceMeasure,SemiSupervisedStream -s generators.RandomTreeGenerator -t 0.95,1,92000.0,0.824096,2.4650421504759117E-8,87360.0,92000.0,69.7054347826087,41.52639757825718,37.630630832233095,28.08782929535311,92000.0,194976.0
semisupervised.SelfTrainingClassifier -l trees.HoeffdingTree -s DistanceMeasure,SemiSupervisedStream -s generators.RandomTreeGenerator -t 0.95,1,93000.0,0.83249,2.507390534091326E-8,88310.0,93000.0,69.75591397849462,41.619208558895316,37.719764403702214,28.241957292649943,93000.0,195016.0
semisupervised.SelfTrainingClassifier -l trees.HoeffdingTree -s DistanceMeasure,SemiSupervisedStream -s generators.RandomTreeGenerator -t 0.95,1,94000.0,0.840824,2.5494500115099873E-8,89263.0,94000.0,69.79468085106383,41.691929909780505,37.83961293429954,28.333080922812865,94000.0,195080.0
semisupervised.SelfTrainingClassifier -l trees.HoeffdingTree -s DistanceMeasure,SemiSupervisedStream -s generators.RandomTreeGenerator -t 0.95,1,95000.0,0.849625,2.593866313497225E-8,90204.0,95000.0,69.84736842105264,41.792529686489,37.90644238272784,28.42149978760089,95000.0,195080.0
semisupervised.SelfTrainingClassifier -l trees.HoeffdingTree -s DistanceMeasure,SemiSupervisedStream -s generators.RandomTreeGenerator -t 0.95,1,96000.0,0.858009,2.636178127593464E-8,91163.0,96000.0,69.8875,41.87090652997911,37.98562694411671,28.496871057903984,96000.0,195080.0
semisupervised.SelfTrainingClassifier -l trees.HoeffdingTree -s DistanceMeasure,SemiSupervisedStream -s generators.RandomTreeGenerator -t 0.95,1,97000.0,0.866279,2.677916325628757E-8,92102.0,97000.0,69.92577319587629,41.93971697202395,38.037383177570085,28.613728129205917,97000.0,195088.0
semisupervised.SelfTrainingClassifier -l trees.HoeffdingTree -s DistanceMeasure,SemiSupervisedStream -s generators.RandomTreeGenerator -t 0.95,1,98000.0,0.874457,2.718453957388798E-8,93050.0,98000.0,69.95918367346938,42.00039890808159,38.12006053472338,28.732237526931165,98000.0,191608.0
semisupervised.SelfTrainingClassifier -l trees.HoeffdingTree -s DistanceMeasure,SemiSupervisedStream -s generators.RandomTreeGenerator -t 0.95,1,99000.0,0.883976,2.765648659318685E-8,94010.0,99000.0,70.01010101010101,42.09600543486664,38.25003639691354,28.84702950128214,99000.0,191648.0
semisupervised.SelfTrainingClassifier -l trees.HoeffdingTree -s DistanceMeasure,SemiSupervisedStream -s generators.RandomTreeGenerator -t 0.95,1,100000.0,0.898671,2.839849945571687E-8,94957.0,100000.0,70.06400000000001,42.194821721529244,38.332234673698096,29.03134038215353,100000.0,195184.0
semisupervised.SelfTrainingClassifier -l trees.HoeffdingTree -s DistanceMeasure,SemiSupervisedStream -s generators.RandomTreeGenerator -t 0.95,1,101000.0,0.918042,2.9433832290685832E-8,95906.0,101000.0,70.1118811881188,42.28381793238265,38.43408386359927,29.146813754254193,101000.0,206600.0
semisupervised.SelfTrainingClassifier -l trees.HoeffdingTree -s DistanceMeasure,SemiSupervisedStream -s generators.RandomTreeGenerator -t 0.95,1,102000.0,0.933189,3.024365338600344E-8,96847.0,102000.0,70.15294117647059,42.362160240340586,38.53422168382797,29.259224835021836,102000.0,206664.0
semisupervised.SelfTrainingClassifier -l trees.HoeffdingTree -s DistanceMeasure,SemiSupervisedStream -s generators.RandomTreeGenerator -t 0.95,1,103000.0,0.947389,3.100296150892973E-8,97805.0,103000.0,70.1990291262136,42.446658029488475,38.68235482131087,29.42217930146469,103000.0,206696.0
semisupervised.SelfTrainingClassifier -l trees.HoeffdingTree -s DistanceMeasure,SemiSupervisedStream -s generators.RandomTreeGenerator -t 0.95,1,104000.0,0.965999,3.2015453357663415E-8,98751.0,104000.0,70.22403846153847,42.500020182147125,38.71197577532805,29.43120185953238,104000.0,210304.0
semisupervised.SelfTrainingClassifier -l trees.HoeffdingTree -s DistanceMeasure,SemiSupervisedStream -s generators.RandomTreeGenerator -t 0.95,1,105000.0,0.980781,3.281967982235882E-8,99703.0,105000.0,70.25238095238096,42.55948215789411,38.75009804690565,29.501647632374855,105000.0,210304.0
semisupervised.SelfTrainingClassifier -l trees.HoeffdingTree -s DistanceMeasure,SemiSupervisedStream -s generators.RandomTreeGenerator -t 0.95,1,106000.0,0.996716,3.368894471062554E-8,100646.0,106000.0,70.29056603773584,42.635067611863704,38.83742158519294,29.56858184420637,106000.0,210864.0
semisupervised.SelfTrainingClassifier -l trees.HoeffdingTree -s DistanceMeasure,SemiSupervisedStream -s generators.RandomTreeGenerator -t 0.95,1,107000.0,1.013128,3.4584332166446574E-8,101600.0,107000.0,70.29719626168223,42.65271575534618,38.8760673897992,29.595498648708507,107000.0,210888.0
semisupervised.SelfTrainingClassifier -l trees.HoeffdingTree -s DistanceMeasure,SemiSupervisedStream -s generators.RandomTreeGenerator -t 0.95,1,108000.0,1.031672,3.5596073261565624E-8,102550.0,108000.0,70.32777777777778,42.710027715241246,38.907635115813555,29.654264076391172,108000.0,210896.0
semisupervised.SelfTrainingClassifier -l trees.HoeffdingTree -s DistanceMeasure,SemiSupervisedStream -s generators.RandomTreeGenerator -t 0.95,1,109000.0,1.044398,3.629039040870136E-8,103519.0,109000.0,70.36146788990825,42.77384860402378,38.99578903638802,29.743600895983292,109000.0,210896.0
semisupervised.SelfTrainingClassifier -l trees.HoeffdingTree -s DistanceMeasure,SemiSupervisedStream -s generators.RandomTreeGenerator -t 0.95,1,110000.0,1.056975,3.697668239060374E-8,104477.0,110000.0,70.3809090909091,42.81529627937325,39.01201752087155,29.806532230265425,110000.0,210928.0
semisupervised.SelfTrainingClassifier -l trees.HoeffdingTree -s DistanceMeasure,SemiSupervisedStream -s generators.RandomTreeGenerator -t 0.95,1,111000.0,1.070451,3.7712086087299704E-8,105425.0,111000.0,70.42252252252253,42.896110885936864,39.06870569021194,29.885744794447405,111000.0,210944.0
semisupervised.SelfTrainingClassifier -l trees.HoeffdingTree -s DistanceMeasure,SemiSupervisedStream -s generators.RandomTreeGenerator -t 0.95,1,112000.0,1.083537,3.842623403502834E-8,106366.0,112000.0,70.44732142857143,42.94218689729306,39.12379761269795,29.965510674763557,112000.0,210952.0
semisupervised.SelfTrainingClassifier -l trees.HoeffdingTree -s DistanceMeasure,SemiSupervisedStream -s generators.RandomTreeGenerator -t 0.95,1,113000.0,1.099214,3.92818466387689E-8,107312.0,113000.0,70.45575221238937,42.9621182357275,39.139549721994335,29.988465974625143,113000.0,210968.0
semisupervised.SelfTrainingClassifier -l trees.HoeffdingTree -s DistanceMeasure,SemiSupervisedStream -s generators.RandomTreeGenerator -t 0.95,1,114000.0,1.112564,4.001219787324467E-8,108266.0,114000.0,70.47719298245613,43.005313108521136,39.19421860885276,30.020376762174077,114000.0,211472.0
semisupervised.SelfTrainingClassifier -l trees.HoeffdingTree -s DistanceMeasure,SemiSupervisedStream -s generators.RandomTreeGenerator -t 0.95,1,115000.0,1.12547,4.071825877452888E-8,109214.0,115000.0,70.47565217391303,43.00699548674671,39.1414231941208,29.988040250742326,115000.0,211472.0
semisupervised.SelfTrainingClassifier -l trees.HoeffdingTree -s DistanceMeasure,SemiSupervisedStream -s generators.RandomTreeGenerator -t 0.95,1,116000.0,1.140952,4.1565247374690223E-8,110163.0,116000.0,70.49568965517241,43.047165386196156,39.195551370653966,30.018811597758955,116000.0,211472.0
semisupervised.SelfTrainingClassifier -l trees.HoeffdingTree -s DistanceMeasure,SemiSupervisedStream -s generators.RandomTreeGenerator -t 0.95,1,117000.0,1.156581,4.242027804462444E-8,111117.0,117000.0,70.51965811965812,43.09277776433176,39.26181587659366,30.08756283444139,117000.0,211472.0
semisupervised.SelfTrainingClassifier -l trees.HoeffdingTree -s DistanceMeasure,SemiSupervisedStream -s generators.RandomTreeGenerator -t 0.95,1,118000.0,1.172058,4.3251169648849286E-8,112057.0,118000.0,70.54322033898305,43.137753647569575,39.32692139852328,30.152318945422387,118000.0,207520.0
semisupervised.SelfTrainingClassifier -l trees.HoeffdingTree -s DistanceMeasure,SemiSupervisedStream -s generators.RandomTreeGenerator -t 0.95,1,119000.0,1.186664,4.404902493167253E-8,113010.0,119000.0,70.55546218487395,43.163239158071235,39.36840283786122,30.180332768755612,119000.0,211152.0
semisupervised.SelfTrainingClassifier -l trees.HoeffdingTree -s DistanceMeasure,SemiSupervisedStream -s generators.RandomTreeGenerator -t 0.95,1,120000.0,1.201929,4.488297298136683E-8,113963.0,120000.0,70.58166666666666,43.21322389160809,39.401950013732495,30.275917915901317,120000.0,211176.0
semisupervised.SelfTrainingClassifier -l trees.HoeffdingTree -s DistanceMeasure,SemiSupervisedStream -s generators.RandomTreeGenerator -t 0.95,1,121000.0,1.217707,4.5759641337725836E-8,114909.0,121000.0,70.59173553719008,43.235362512887704,39.433551198257085,30.286229257684706,121000.0,214776.0
semisupervised.SelfTrainingClassifier -l trees.HoeffdingTree -s DistanceMeasure,SemiSupervisedStream -s generators.RandomTreeGenerator -t 0.95,1,122000.0,1.230638,4.64781226735148E-8,115853.0,122000.0,70.60737704918033,43.26580340664912,39.470308227271204,30.332996580665224,122000.0,214776.0
semisupervised.SelfTrainingClassifier -l trees.HoeffdingTree -s DistanceMeasure,SemiSupervisedStream -s generators.RandomTreeGenerator -t 0.95,1,123000.0,1.244725,4.726278784995276E-8,116825.0,123000.0,70.6308943089431,43.312022248352164,39.492814311078355,30.375452933466974,123000.0,215312.0
semisupervised.SelfTrainingClassifier -l trees.HoeffdingTree -s DistanceMeasure,SemiSupervisedStream -s generators.RandomTreeGenerator -t 0.95,1,124000.0,1.258786,4.804600479081272E-8,117784.0,124000.0,70.64354838709677,43.33990036461702,39.510460459628774,30.403028449066994,124000.0,215312.0
semisupervised.SelfTrainingClassifier -l trees.HoeffdingTree -s DistanceMeasure,SemiSupervisedStream -s generators.RandomTreeGenerator -t 0.95,1,125000.0,1.272264,4.879683151634202E-8,118730.0,125000.0,70.6544,43.36429904976181,39.52154056683098,30.419772757449863,125000.0,215336.0
semisupervised.SelfTrainingClassifier -l trees.HoeffdingTree -s DistanceMeasure,SemiSupervisedStream -s generators.RandomTreeGenerator -t 0.95,1,126000.0,1.285272,4.9521502602017575E-8,119686.0,126000.0,70.66904761904762,43.395989860600665,39.565345368916795,30.45875357519194,126000.0,215344.0
semisupervised.SelfTrainingClassifier -l trees.HoeffdingTree -s DistanceMeasure,SemiSupervisedStream -s generators.RandomTreeGenerator -t 0.95,1,127000.0,1.299503,5.0314365490857085E-8,120628.0,127000.0,70.69291338582677,43.44158743328151,39.633780430445846,30.526001418598575,127000.0,215360.0
semisupervised.SelfTrainingClassifier -l trees.HoeffdingTree -s DistanceMeasure,SemiSupervisedStream -s generators.RandomTreeGenerator -t 0.95,1,128000.0,1.31591,5.122720520529481E-8,121578.0,128000.0,70.71640624999999,43.488590088454565,39.68557912013645,30.581894955181856,128000.0,215064.0
semisupervised.SelfTrainingClassifier -l trees.HoeffdingTree -s DistanceMeasure,SemiSupervisedStream -s generators.RandomTreeGenerator -t 0.95,1,129000.0,1.328719,5.19399417647057E-8,122525.0,129000.0,70.71162790697674,43.483171349110286,39.6665708536936,30.554177005789924,129000.0,215088.0
semisupervised.SelfTrainingClassifier -l trees.HoeffdingTree -s DistanceMeasure,SemiSupervisedStream -s generators.RandomTreeGenerator -t 0.95,1,130000.0,1.343556,5.278096866897409E-8,123475.0,130000.0,70.72692307692307,43.50872919265198,39.701478347673145,30.607221006564554,130000.0,219112.0
semisupervised.SelfTrainingClassifier -l trees.HoeffdingTree -s DistanceMeasure,SemiSupervisedStream -s generators.RandomTreeGenerator -t 0.95,1,131000.0,1.357919,5.3595335233128715E-8,124429.0,131000.0,70.75648854961833,43.56546315591437,39.77992611805393,30.692549842602308,131000.0,219168.0
semisupervised.SelfTrainingClassifier -l trees.HoeffdingTree -s DistanceMeasure,SemiSupervisedStream -s generators.RandomTreeGenerator -t 0.95,1,132000.0,1.372183,5.440417716693545E-8,125381.0,132000.0,70.77272727272728,43.59787808008584,39.83062742712769,30.721160752765407,132000.0,219192.0
semisupervised.SelfTrainingClassifier -l trees.HoeffdingTree -s DistanceMeasure,SemiSupervisedStream -s generators.RandomTreeGenerator -t 0.95,1,133000.0,1.384828,5.512123967003489E-8,126332.0,133000.0,70.79172932330827,43.634484857563976,39.85228996996253,30.79841812740488,133000.0,219200.0
semisupervised.SelfTrainingClassifier -l trees.HoeffdingTree -s DistanceMeasure,SemiSupervisedStream -s generators.RandomTreeGenerator -t 0.95,1,134000.0,1.399877,5.5974626274158535E-8,127268.0,134000.0,70.80970149253731,43.66978031664629,39.912745595035105,30.861688024745916,134000.0,219200.0
semisupervised.SelfTrainingClassifier -l trees.HoeffdingTree -s DistanceMeasure,SemiSupervisedStream -s generators.RandomTreeGenerator -t 0.95,1,135000.0,1.413883,5.676886727205579E-8,128217.0,135000.0,70.81703703703704,43.684789238718395,39.95000533479658,30.884881232237465,135000.0,219200.0
semisupervised.SelfTrainingClassifier -l trees.HoeffdingTree -s DistanceMeasure,SemiSupervisedStream -s generators.RandomTreeGenerator -t 0.95,1,136000.0,1.425766,5.744271889121994E-8,129173.0,136000.0,70.83749999999999,43.723689007959344,40.0084706024716,30.9378700285575,136000.0,219200.0
semisupervised.SelfTrainingClassifier -l trees.HoeffdingTree -s DistanceMeasure,SemiSupervisedStream -s generators.RandomTreeGenerator -t 0.95,1,137000.0,1.440487,5.827750553480451E-8,130119.0,137000.0,70.85620437956204,43.76012256289846,40.05764986713508,30.992585423183954,137000.0,219200.0
semisupervised.SelfTrainingClassifier -l trees.HoeffdingTree -s DistanceMeasure,SemiSupervisedStream -s generators.RandomTreeGenerator -t 0.95,1,138000.0,1.454634,5.9079742247445694E-8,131072.0,138000.0,70.85942028985507,43.77188497678279,40.073912913897416,30.978494069992962,138000.0,219200.0
semisupervised.SelfTrainingClassifier -l trees.HoeffdingTree -s DistanceMeasure,SemiSupervisedStream -s generators.RandomTreeGenerator -t 0.95,1,139000.0,1.467457,5.980711094000272E-8,132014.0,139000.0,70.88129496402877,43.816573801161944,40.15141433408744,31.03360141766629,139000.0,219264.0
semisupervised.SelfTrainingClassifier -l trees.HoeffdingTree -s DistanceMeasure,SemiSupervisedStream -s generators.RandomTreeGenerator -t 0.95,1,140000.0,1.482795,6.067713987289203E-8,132953.0,140000.0,70.90785714285714,43.8657619097224,40.20992366412214,31.09159814570433,140000.0,219264.0
semisupervised.SelfTrainingClassifier -l trees.HoeffdingTree -s DistanceMeasure,SemiSupervisedStream -s generators.RandomTreeGenerator -t 0.95,1,141000.0,1.495731,6.141091834960712E-8,133911.0,141000.0,70.93758865248226,43.91905359953736,40.28097583724386,31.17568021498151,141000.0,219264.0
semisupervised.SelfTrainingClassifier -l trees.HoeffdingTree -s DistanceMeasure,SemiSupervisedStream -s generators.RandomTreeGenerator -t 0.95,1,142000.0,1.508769,6.215220959443184E-8,134866.0,142000.0,70.96901408450704,43.9746063210657,40.3354898470178,31.27729803620844,142000.0,219776.0
semisupervised.SelfTrainingClassifier -l trees.HoeffdingTree -s DistanceMeasure,SemiSupervisedStream -s generators.RandomTreeGenerator -t 0.95,1,143000.0,1.521232,6.286088589992787E-8,135803.0,143000.0,71.00279720279721,44.040042218844924,40.39843615247514,31.351091833187105,143000.0,219800.0
semisupervised.SelfTrainingClassifier -l trees.HoeffdingTree -s DistanceMeasure,SemiSupervisedStream -s generators.RandomTreeGenerator -t 0.95,1,144000.0,1.534306,6.360435925838018E-8,136747.0,144000.0,71.03125,44.09465148146947,40.45902856082558,31.42476697736352,144000.0,219816.0
semisupervised.SelfTrainingClassifier -l trees.HoeffdingTree -s DistanceMeasure,SemiSupervisedStream -s generators.RandomTreeGenerator -t 0.95,1,145000.0,1.549334,6.445894986804987E-8,137703.0,145000.0,71.06,44.14821686362572,40.52778525772759,31.505753692973155,145000.0,219816.0
semisupervised.SelfTrainingClassifier -l trees.HoeffdingTree -s DistanceMeasure,SemiSupervisedStream -s generators.RandomTreeGenerator -t 0.95,1,146000.0,1.56156,6.515422568966943E-8,138654.0,146000.0,71.07876712328766,44.18301965618206,40.554124255606695,31.54959715985539,146000.0,219824.0
semisupervised.SelfTrainingClassifier -l trees.HoeffdingTree -s DistanceMeasure,SemiSupervisedStream -s generators.RandomTreeGenerator -t 0.95,1,147000.0,1.573077,6.580918165544667E-8,139603.0,147000.0,71.08503401360544,44.19523785980435,40.596480930219556,31.5737789368621,147000.0,219824.0
semisupervised.SelfTrainingClassifier -l trees.HoeffdingTree -s DistanceMeasure,SemiSupervisedStream -s generators.RandomTreeGenerator -t 0.95,1,148000.0,1.584567,6.646260216832158E-8,140549.0,148000.0,71.1108108108108,44.24427285806004,40.645519539112925,31.63634037926513,148000.0,219824.0
semisupervised.SelfTrainingClassifier -l trees.HoeffdingTree -s DistanceMeasure,SemiSupervisedStream -s generators.RandomTreeGenerator -t 0.95,1,149000.0,1.597024,6.717101464254986E-8,141501.0,149000.0,71.14563758389262,44.30809995528854,40.688675210727446,31.724630776560264,149000.0,219824.0
semisupervised.SelfTrainingClassifier -l trees.HoeffdingTree -s DistanceMeasure,SemiSupervisedStream -s generators.RandomTreeGenerator -t 0.95,1,150000.0,1.609234,6.78654058360391E-8,142458.0,150000.0,71.15599999999999,44.32794995701107,40.705514746190104,31.723713487667453,150000.0,219832.0
semisupervised.SelfTrainingClassifier -l trees.HoeffdingTree -s DistanceMeasure,SemiSupervisedStream -s generators.RandomTreeGenerator -t 0.95,1,151000.0,1.619467,6.844736366429261E-8,143411.0,151000.0,71.16887417218543,44.35268418695096,40.740488668073226,31.749416025208895,151000.0,219832.0
semisupervised.SelfTrainingClassifier -l trees.HoeffdingTree -s DistanceMeasure,SemiSupervisedStream -s generators.RandomTreeGenerator -t 0.95,1,152000.0,1.629348,6.900930300768878E-8,144359.0,152000.0,71.17763157894737,44.37210830729327,40.74605063838995,31.756935682352744,152000.0,219832.0
semisupervised.SelfTrainingClassifier -l trees.HoeffdingTree -s DistanceMeasure,SemiSupervisedStream -s generators.RandomTreeGenerator -t 0.95,1,153000.0,1.638527,6.953135711658331E-8,145312.0,153000.0,71.1797385620915,44.37685605879147,40.76278244982401,31.771058983722206,153000.0,219848.0
semisupervised.SelfTrainingClassifier -l trees.HoeffdingTree -s DistanceMeasure,SemiSupervisedStream -s generators.RandomTreeGenerator -t 0.95,1,154000.0,1.648189,7.008088177070021E-8,146265.0,154000.0,71.19545454545455,44.407303831811724,40.790720644963244,31.829847397458177,154000.0,219848.0
semisupervised.SelfTrainingClassifier -l trees.HoeffdingTree -s DistanceMeasure,SemiSupervisedStream -s generators.RandomTreeGenerator -t 0.95,1,155000.0,1.656834,7.057256471779611E-8,147225.0,155000.0,71.23548387096774,44.4820763322448,40.853796049402376,31.917785209278172,155000.0,219848.0
semisupervised.SelfTrainingClassifier -l trees.HoeffdingTree -s DistanceMeasure,SemiSupervisedStream -s generators.RandomTreeGenerator -t 0.95,1,156000.0,1.665004,7.103723211834827E-8,148185.0,156000.0,71.25320512820514,44.51697014875663,40.890757631676074,31.94579337137309,156000.0,219848.0
semisupervised.SelfTrainingClassifier -l trees.HoeffdingTree -s DistanceMeasure,SemiSupervisedStream -s generators.RandomTreeGenerator -t 0.95,1,157000.0,1.673375,7.151333136070105E-8,149143.0,157000.0,71.26114649681529,44.53249908995891,40.906828718862144,31.94980694980695,157000.0,219848.0
semisupervised.SelfTrainingClassifier -l trees.HoeffdingTree -s DistanceMeasure,SemiSupervisedStream -s generators.RandomTreeGenerator -t 0.95,1,158000.0,1.681644,7.198369782418012E-8,150097.0,158000.0,71.27848101265822,44.56578088030916,40.94606025115491,31.993585997092705,158000.0,219880.0
semisupervised.SelfTrainingClassifier -l trees.HoeffdingTree -s DistanceMeasure,SemiSupervisedStream -s generators.RandomTreeGenerator -t 0.95,1,159000.0,1.689692,7.244149311963055E-8,151058.0,159000.0,71.30062893081761,44.60684003917398,41.00886831967319,32.05378281391921,159000.0,219880.0
semisupervised.SelfTrainingClassifier -l trees.HoeffdingTree -s DistanceMeasure,SemiSupervisedStream -s generators.RandomTreeGenerator -t 0.95,1,160000.0,1.700581,7.306089333982932E-8,152010.0,160000.0,71.32,44.644587198495415,41.07101579555669,32.0761419817046,160000.0,219880.0
semisupervised.SelfTrainingClassifier -l trees.HoeffdingTree -s DistanceMeasure,SemiSupervisedStream -s generators.RandomTreeGenerator -t 0.95,1,161000.0,1.709851,7.358821898491847E-8,152957.0,161000.0,71.32732919254659,44.6612538316715,41.096082684700775,32.09026582520559,161000.0,219888.0
semisupervised.SelfTrainingClassifier -l trees.HoeffdingTree -s DistanceMeasure,SemiSupervisedStream -s generators.RandomTreeGenerator -t 0.95,1,162000.0,1.720663,7.42032615819739E-8,153907.0,162000.0,71.33086419753086,44.67025376609261,41.11621066511144,32.077568808681164,162000.0,219888.0
semisupervised.SelfTrainingClassifier -l trees.HoeffdingTree -s DistanceMeasure,SemiSupervisedStream -s generators.RandomTreeGenerator -t 0.95,1,163000.0,1.73114,7.479924764277207E-8,154858.0,163000.0,71.35030674846625,44.70824914967475,41.15771833222029,32.11959997674281,163000.0,219888.0
semisupervised.SelfTrainingClassifier -l trees.HoeffdingTree -s DistanceMeasure,SemiSupervisedStream -s generators.RandomTreeGenerator -t 0.95,1,164000.0,1.744397,7.555340194867717E-8,155812.0,164000.0,71.36402439024391,44.73261650640956,41.180817354057346,32.17261947746213,164000.0,219896.0
semisupervised.SelfTrainingClassifier -l trees.HoeffdingTree -s DistanceMeasure,SemiSupervisedStream -s generators.RandomTreeGenerator -t 0.95,1,165000.0,1.757245,7.628615068892637E-8,156761.0,165000.0,71.38666666666667,44.7741322132269,41.2135323928229,32.234821300416236,165000.0,220456.0
semisupervised.SelfTrainingClassifier -l trees.HoeffdingTree -s DistanceMeasure,SemiSupervisedStream -s generators.RandomTreeGenerator -t 0.95,1,166000.0,1.77055,7.70449631102383E-8,157705.0,166000.0,71.4078313253012,44.81481815867691,41.27610610709691,32.27794820575017,166000.0,220456.0
semisupervised.SelfTrainingClassifier -l trees.HoeffdingTree -s DistanceMeasure,SemiSupervisedStream -s generators.RandomTreeGenerator -t 0.95,1,167000.0,1.78469,7.785142662003636E-8,158656.0,167000.0,71.42574850299401,44.84686456761597,41.310818123677876,32.33075243200318,167000.0,220464.0
semisupervised.SelfTrainingClassifier -l trees.HoeffdingTree -s DistanceMeasure,SemiSupervisedStream -s generators.RandomTreeGenerator -t 0.95,1,168000.0,1.798391,7.863288047413031E-8,159605.0,168000.0,71.45238095238096,44.898216305322464,41.360590795715765,32.37736700365186,168000.0,220472.0
semisupervised.SelfTrainingClassifier -l trees.HoeffdingTree -s DistanceMeasure,SemiSupervisedStream -s generators.RandomTreeGenerator -t 0.95,1,169000.0,1.811398,7.937475116095609E-8,160561.0,169000.0,71.46745562130178,44.92566406728141,41.377423864810666,32.42997071311464,169000.0,220472.0
semisupervised.SelfTrainingClassifier -l trees.HoeffdingTree -s DistanceMeasure,SemiSupervisedStream -s generators.RandomTreeGenerator -t 0.95,1,170000.0,1.826032,8.020941984943218E-8,161512.0,170000.0,71.48411764705882,44.957455747824575,41.41327467852653,32.48986867575584,170000.0,220472.0
semisupervised.SelfTrainingClassifier -l trees.HoeffdingTree -s DistanceMeasure,SemiSupervisedStream -s generators.RandomTreeGenerator -t 0.95,1,171000.0,1.839708,8.098944779692424E-8,162467.0,171000.0,71.48596491228069,44.96402614084229,41.41303694803243,32.46956497652451,171000.0,220472.0
semisupervised.SelfTrainingClassifier -l trees.HoeffdingTree -s DistanceMeasure,SemiSupervisedStream -s generators.RandomTreeGenerator -t 0.95,1,172000.0,1.853078,8.175202264760931E-8,163423.0,172000.0,71.50930232558139,45.009112576565904,41.447211202982366,32.5143911642383,172000.0,220472.0
semisupervised.SelfTrainingClassifier -l trees.HoeffdingTree -s DistanceMeasure,SemiSupervisedStream -s generators.RandomTreeGenerator -t 0.95,1,173000.0,1.868662,8.264293996203277E-8,164374.0,173000.0,71.52138728323699,45.031949163009166,41.480680832868124,32.52992248911286,173000.0,220984.0
semisupervised.SelfTrainingClassifier -l trees.HoeffdingTree -s DistanceMeasure,SemiSupervisedStream -s generators.RandomTreeGenerator -t 0.95,1,174000.0,1.883299,8.348189958267742E-8,165319.0,174000.0,71.52988505747126,45.04802265205024,41.51081515065647,32.55272509428568,174000.0,221560.0
semisupervised.SelfTrainingClassifier -l trees.HoeffdingTree -s DistanceMeasure,SemiSupervisedStream -s generators.RandomTreeGenerator -t 0.95,1,175000.0,1.896056,8.421312827203009E-8,166279.0,175000.0,71.53657142857142,45.060706116409854,41.52677670039678,32.58215581181311,175000.0,221568.0
semisupervised.SelfTrainingClassifier -l trees.HoeffdingTree -s DistanceMeasure,SemiSupervisedStream -s generators.RandomTreeGenerator -t 0.95,1,176000.0,1.910268,8.502775727046861E-8,167237.0,176000.0,71.54829545454545,45.08404745340473,41.54623771391216,32.62153688827889,176000.0,221568.0
semisupervised.SelfTrainingClassifier -l trees.HoeffdingTree -s DistanceMeasure,SemiSupervisedStream -s generators.RandomTreeGenerator -t 0.95,1,177000.0,1.92504,8.587451592915588E-8,168179.0,177000.0,71.5542372881356,45.09416944668604,41.55590894844977,32.64708243037162,177000.0,221576.0
semisupervised.SelfTrainingClassifier -l trees.HoeffdingTree -s DistanceMeasure,SemiSupervisedStream -s generators.RandomTreeGenerator -t 0.95,1,178000.0,1.939207,8.6686594856696E-8,169128.0,178000.0,71.56741573033707,45.12035381495609,41.5818269963294,32.67619123633171,178000.0,221576.0
semisupervised.SelfTrainingClassifier -l trees.HoeffdingTree -s DistanceMeasure,SemiSupervisedStream -s generators.RandomTreeGenerator -t 0.95,1,179000.0,1.951207,8.737445729267266E-8,170089.0,179000.0,71.59217877094972,45.167326761312765,41.63826051027787,32.729196983728,179000.0,221576.0
semisupervised.SelfTrainingClassifier -l trees.HoeffdingTree -s DistanceMeasure,SemiSupervisedStream -s generators.RandomTreeGenerator -t 0.95,1,180000.0,1.965384,8.818713877970974E-8,171033.0,180000.0,71.59722222222223,45.17857754796724,41.651449440766946,32.7417678554984,180000.0,221584.0
semisupervised.SelfTrainingClassifier -l trees.HoeffdingTree -s DistanceMeasure,SemiSupervisedStream -s generators.RandomTreeGenerator -t 0.95,1,181000.0,1.979467,8.899449010897014E-8,171984.0,181000.0,71.61767955801105,45.21679317651622,41.7161139537786,32.80226033041636,181000.0,221600.0
semisupervised.SelfTrainingClassifier -l trees.HoeffdingTree -s DistanceMeasure,SemiSupervisedStream -s generators.RandomTreeGenerator -t 0.95,1,182000.0,1.992462,8.973946848884225E-8,172944.0,182000.0,71.63406593406594,45.24752744062744,41.75307165502692,32.840733176360395,182000.0,221600.0
Learner,stream,randomSeed,learning evaluation instances,evaluation time (cpu seconds),model cost (RAM-Hours),Unlabeled instances,classified instances,classifications correct (percent),Kappa Statistic (percent),Kappa Temporal Statistic (percent),Kappa M Statistic (percent),model training instances,model serialized size (bytes)
semisupervised.SelfTrainingClassifier -l trees.HoeffdingTree -s DistanceMeasure,SemiSupervisedStream -s generators.RandomTreeGenerator -t 0.95,1,1000.0,0.114915,2.1492583366731802E-9,944.0,1000.0,61.199999999999996,-0.9759271307742144,19.33471933471933,-3.7433155080213933,1000.0,72488.0
semisupervised.SelfTrainingClassifier -l trees.HoeffdingTree -s DistanceMeasure,SemiSupervisedStream -s generators.RandomTreeGenerator -t 0.95,1,2000.0,0.148665,2.782161875317494E-9,1889.0,2000.0,60.4,-0.6126957469540198,13.81936887921654,-1.7994858611825209,2000.0,72488.0
semisupervised.SelfTrainingClassifier -l trees.HoeffdingTree -s DistanceMeasure,SemiSupervisedStream -s generators.RandomTreeGenerator -t 0.95,1,3000.0,0.170633,3.194121132708258E-9,2850.0,3000.0,60.0,-0.44188850838774146,14.224446032880634,-1.180438448566621,3000.0,72488.0
semisupervised.SelfTrainingClassifier -l trees.HoeffdingTree -s DistanceMeasure,SemiSupervisedStream -s generators.RandomTreeGenerator -t 0.95,1,4000.0,0.19063,3.569118823442194E-9,3797.0,4000.0,59.52499999999999,-0.353997330918406,13.69936034115137,-0.8722741433021952,4000.0,72488.0
semisupervised.SelfTrainingClassifier -l trees.HoeffdingTree -s DistanceMeasure,SemiSupervisedStream -s generators.RandomTreeGenerator -t 0.95,1,5000.0,0.219436,4.110322515997622E-9,4749.0,5000.0,60.56,3.1616256039876287,15.509854327335052,1.6949152542372952,5000.0,72624.0
semisupervised.SelfTrainingClassifier -l trees.HoeffdingTree -s DistanceMeasure,SemiSupervisedStream -s generators.RandomTreeGenerator -t 0.95,1,6000.0,0.251202,4.707138335539236E-9,5701.0,6000.0,62.1,9.729808693884793,18.698605648909535,6.071871127633202,6000.0,72624.0
semisupervised.SelfTrainingClassifier -l trees.HoeffdingTree -s DistanceMeasure,SemiSupervisedStream -s generators.RandomTreeGenerator -t 0.95,1,7000.0,0.276274,5.17818808141682E-9,6644.0,7000.0,63.357142857142854,14.96029965044443,22.20200181983621,10.094637223974765,7000.0,72624.0
semisupervised.SelfTrainingClassifier -l trees.HoeffdingTree -s DistanceMeasure,SemiSupervisedStream -s generators.RandomTreeGenerator -t 0.95,1,8000.0,0.289443,5.425823719965088E-9,7595.0,8000.0,64.47500000000001,18.561968267249696,24.73516949152543,12.795335992635797,8000.0,72688.0
semisupervised.SelfTrainingClassifier -l trees.HoeffdingTree -s DistanceMeasure,SemiSupervisedStream -s generators.RandomTreeGenerator -t 0.95,1,9000.0,0.3236,6.132456180122165E-9,8541.0,9000.0,64.91111111111111,20.662661892469348,25.676629795245944,14.463705308775735,9000.0,79968.0
semisupervised.SelfTrainingClassifier -l trees.HoeffdingTree -s DistanceMeasure,SemiSupervisedStream -s generators.RandomTreeGenerator -t 0.95,1,10000.0,0.345126,6.633959275980791E-9,9498.0,10000.0,64.22,20.51918344367941,24.578414839797645,12.62515262515262,10000.0,90056.0
semisupervised.SelfTrainingClassifier -l trees.HoeffdingTree -s DistanceMeasure,SemiSupervisedStream -s generators.RandomTreeGenerator -t 0.95,1,11000.0,0.36591,7.128370068967343E-9,10458.0,11000.0,64.5090909090909,21.91119726223682,25.23937188816545,13.876020295609957,11000.0,91952.0
semisupervised.SelfTrainingClassifier -l trees.HoeffdingTree -s DistanceMeasure,SemiSupervisedStream -s generators.RandomTreeGenerator -t 0.95,1,12000.0,0.37831,7.423521507945327E-9,11415.0,12000.0,64.96666666666667,23.811781391643763,26.374781085814348,15.412474849094556,12000.0,92008.0
semisupervised.SelfTrainingClassifier -l trees.HoeffdingTree -s DistanceMeasure,SemiSupervisedStream -s generators.RandomTreeGenerator -t 0.95,1,13000.0,0.390105,7.704345646003883E-9,12354.0,13000.0,65.37692307692308,25.02829713154086,27.25068692419589,15.932013447889432,13000.0,92032.0
semisupervised.SelfTrainingClassifier -l trees.HoeffdingTree -s DistanceMeasure,SemiSupervisedStream -s generators.RandomTreeGenerator -t 0.95,1,14000.0,0.399084,7.918142943332594E-9,13302.0,14000.0,65.81428571428572,26.57319912562886,28.55650097029408,17.411561691113025,14000.0,92040.0
semisupervised.SelfTrainingClassifier -l trees.HoeffdingTree -s DistanceMeasure,SemiSupervisedStream -s generators.RandomTreeGenerator -t 0.95,1,15000.0,0.415212,8.302197127292555E-9,14254.0,15000.0,66.27333333333333,28.011678870672142,29.63838664812237,18.83523183057916,15000.0,92048.0
semisupervised.SelfTrainingClassifier -l trees.HoeffdingTree -s DistanceMeasure,SemiSupervisedStream -s generators.RandomTreeGenerator -t 0.95,1,16000.0,0.432501,8.713898068914812E-9,15200.0,16000.0,66.35625,28.56071912534593,29.744192116940766,18.99172310007525,16000.0,92048.0
semisupervised.SelfTrainingClassifier -l trees.HoeffdingTree -s DistanceMeasure,SemiSupervisedStream -s generators.RandomTreeGenerator -t 0.95,1,17000.0,0.448347,9.091237019747497E-9,16157.0,17000.0,66.5235294117647,29.279776359564067,30.12891344383057,19.539092322918144,17000.0,92048.0
semisupervised.SelfTrainingClassifier -l trees.HoeffdingTree -s DistanceMeasure,SemiSupervisedStream -s generators.RandomTreeGenerator -t 0.95,1,18000.0,0.470014,9.607190765026545E-9,17105.0,18000.0,66.60000000000001,29.75227550475167,30.327963842855493,19.711538461538478,18000.0,92048.0
semisupervised.SelfTrainingClassifier -l trees.HoeffdingTree -s DistanceMeasure,SemiSupervisedStream -s generators.RandomTreeGenerator -t 0.95,1,19000.0,0.478491,9.809052577863139E-9,18052.0,19000.0,66.89473684210526,30.75712606857872,30.93983311374615,20.680958385876423,19000.0,92048.0
semisupervised.SelfTrainingClassifier -l trees.HoeffdingTree -s DistanceMeasure,SemiSupervisedStream -s generators.RandomTreeGenerator -t 0.95,1,20000.0,0.486706,1.0004675415241058E-8,19000.0,20000.0,67.065,31.36409377846717,31.23499321432299,21.038120354830973,20000.0,92048.0
semisupervised.SelfTrainingClassifier -l trees.HoeffdingTree -s DistanceMeasure,SemiSupervisedStream -s generators.RandomTreeGenerator -t 0.95,1,21000.0,0.49606,1.0227440485937729E-8,19948.0,21000.0,67.32380952380952,32.1249557605457,31.81637519872813,21.684546907098813,21000.0,92056.0
semisupervised.SelfTrainingClassifier -l trees.HoeffdingTree -s DistanceMeasure,SemiSupervisedStream -s generators.RandomTreeGenerator -t 0.95,1,22000.0,0.50569,1.0456778483672275E-8,20908.0,22000.0,67.37272727272727,32.38666153365443,31.793994678829335,21.551912568306008,22000.0,92056.0
semisupervised.SelfTrainingClassifier -l trees.HoeffdingTree -s DistanceMeasure,SemiSupervisedStream -s generators.RandomTreeGenerator -t 0.95,1,23000.0,0.513073,1.0632604281935427E-8,21850.0,23000.0,67.40869565217392,32.66958676001832,31.94734453018611,21.540715930500316,23000.0,92056.0
semisupervised.SelfTrainingClassifier -l trees.HoeffdingTree -s DistanceMeasure,SemiSupervisedStream -s generators.RandomTreeGenerator -t 0.95,1,24000.0,0.520066,1.0799142248514626E-8,22801.0,24000.0,67.44583333333334,32.92558802394803,32.119895742832334,21.49316720257235,24000.0,92056.0
semisupervised.SelfTrainingClassifier -l trees.HoeffdingTree -s DistanceMeasure,SemiSupervisedStream -s generators.RandomTreeGenerator -t 0.95,1,25000.0,0.5273,1.0971419618775447E-8,23751.0,25000.0,67.672,33.58487174283841,32.54319338953343,22.146228687024376,25000.0,92056.0
semisupervised.SelfTrainingClassifier -l trees.HoeffdingTree -s DistanceMeasure,SemiSupervisedStream -s generators.RandomTreeGenerator -t 0.95,1,26000.0,0.536262,1.1184849227882093E-8,24701.0,26000.0,67.75,33.92644459413695,32.731648616125156,22.461623820972815,26000.0,92056.0
semisupervised.SelfTrainingClassifier -l trees.HoeffdingTree -s DistanceMeasure,SemiSupervisedStream -s generators.RandomTreeGenerator -t 0.95,1,27000.0,0.545279,1.1399588659405709E-8,25660.0,27000.0,67.87777777777778,34.35099095462172,33.13030069390903,22.899813316739284,27000.0,92056.0
semisupervised.SelfTrainingClassifier -l trees.HoeffdingTree -s DistanceMeasure,SemiSupervisedStream -s generators.RandomTreeGenerator -t 0.95,1,28000.0,0.556078,1.165676633723908E-8,26602.0,28000.0,67.88928571428572,34.499497670250264,33.30613455975077,22.810782967032985,28000.0,92056.0
semisupervised.SelfTrainingClassifier -l trees.HoeffdingTree -s DistanceMeasure,SemiSupervisedStream -s generators.RandomTreeGenerator -t 0.95,1,29000.0,0.564424,1.1855525935275688E-8,27557.0,29000.0,68.06551724137931,34.97803311209692,33.67946147235749,23.253501284494916,29000.0,92056.0
semisupervised.SelfTrainingClassifier -l trees.HoeffdingTree -s DistanceMeasure,SemiSupervisedStream -s generators.RandomTreeGenerator -t 0.95,1,30000.0,0.572125,1.2038924888604218E-8,28504.0,30000.0,68.20333333333333,35.37240279241086,34.109276783864075,23.61467008327996,30000.0,92056.0
semisupervised.SelfTrainingClassifier -l trees.HoeffdingTree -s DistanceMeasure,SemiSupervisedStream -s generators.RandomTreeGenerator -t 0.95,1,31000.0,0.580816,1.2245900645438168E-8,29458.0,31000.0,68.2,35.47240201395838,34.029311383256385,23.652416356877342,31000.0,92056.0
semisupervised.SelfTrainingClassifier -l trees.HoeffdingTree -s DistanceMeasure,SemiSupervisedStream -s generators.RandomTreeGenerator -t 0.95,1,32000.0,0.588018,1.2417415937201844E-8,30410.0,32000.0,68.21875,35.63137550813711,34.11078717201165,23.791682278006725,32000.0,92056.0
semisupervised.SelfTrainingClassifier -l trees.HoeffdingTree -s DistanceMeasure,SemiSupervisedStream -s generators.RandomTreeGenerator -t 0.95,1,33000.0,0.594869,1.2580572180449963E-8,31368.0,33000.0,68.26363636363637,35.81680185457869,34.24786539427423,24.020603598374915,33000.0,92056.0
semisupervised.SelfTrainingClassifier -l trees.HoeffdingTree -s DistanceMeasure,SemiSupervisedStream -s generators.RandomTreeGenerator -t 0.95,1,34000.0,0.602259,1.2756564683384367E-8,32313.0,34000.0,68.3264705882353,36.025257305155016,34.375380865326036,24.08712815451855,34000.0,92056.0
semisupervised.SelfTrainingClassifier -l trees.HoeffdingTree -s DistanceMeasure,SemiSupervisedStream -s generators.RandomTreeGenerator -t 0.95,1,35000.0,0.632221,1.3633751447002095E-8,33258.0,35000.0,68.35428571428571,36.17133456578232,34.496422023774315,24.168150075311516,35000.0,113168.0
semisupervised.SelfTrainingClassifier -l trees.HoeffdingTree -s DistanceMeasure,SemiSupervisedStream -s generators.RandomTreeGenerator -t 0.95,1,36000.0,0.645749,1.4075050031145416E-8,34205.0,36000.0,68.19444444444444,36.00372990507416,34.112095753251246,23.86968085106384,36000.0,126096.0
semisupervised.SelfTrainingClassifier -l trees.HoeffdingTree -s DistanceMeasure,SemiSupervisedStream -s generators.RandomTreeGenerator -t 0.95,1,37000.0,0.654953,1.4376914004484815E-8,35152.0,37000.0,68.03243243243243,35.83392248078165,33.81085618354784,23.517620433236342,37000.0,126776.0
semisupervised.SelfTrainingClassifier -l trees.HoeffdingTree -s DistanceMeasure,SemiSupervisedStream -s generators.RandomTreeGenerator -t 0.95,1,38000.0,0.665892,1.4737627835323416E-8,36087.0,38000.0,67.9,35.6980061723555,33.5548534698769,23.137996219281685,38000.0,127464.0
semisupervised.SelfTrainingClassifier -l trees.HoeffdingTree -s DistanceMeasure,SemiSupervisedStream -s generators.RandomTreeGenerator -t 0.95,1,39000.0,0.674736,1.502935050055385E-8,37036.0,39000.0,67.84871794871795,35.702330129537756,33.50479927878242,22.993305901860833,39000.0,127504.0
semisupervised.SelfTrainingClassifier -l trees.HoeffdingTree -s DistanceMeasure,SemiSupervisedStream -s generators.RandomTreeGenerator -t 0.95,1,40000.0,0.684966,1.5366833241035544E-8,37981.0,40000.0,67.7875,35.695187623476095,33.414293834943926,22.936602870813406,40000.0,127520.0
semisupervised.SelfTrainingClassifier -l trees.HoeffdingTree -s DistanceMeasure,SemiSupervisedStream -s generators.RandomTreeGenerator -t 0.95,1,41000.0,0.694822,1.5692018698900942E-8,38929.0,41000.0,67.78048780487805,35.764049561456844,33.41733870967742,22.870321714252366,41000.0,127536.0
semisupervised.SelfTrainingClassifier -l trees.HoeffdingTree -s DistanceMeasure,SemiSupervisedStream -s generators.RandomTreeGenerator -t 0.95,1,42000.0,0.702949,1.596017494797707E-8,39887.0,42000.0,67.71904761904763,35.74142427488478,33.2874083550657,22.706801208597003,42000.0,127544.0
semisupervised.SelfTrainingClassifier -l trees.HoeffdingTree -s DistanceMeasure,SemiSupervisedStream -s generators.RandomTreeGenerator -t 0.95,1,43000.0,0.711882,1.6254944238397814E-8,40847.0,43000.0,67.69767441860465,35.78972011125266,33.21473218578709,22.657163539172554,43000.0,127552.0
semisupervised.SelfTrainingClassifier -l trees.HoeffdingTree -s DistanceMeasure,SemiSupervisedStream -s generators.RandomTreeGenerator -t 0.95,1,44000.0,0.721831,1.658325987764531E-8,41803.0,44000.0,67.65454545454546,35.783708741365125,33.11087089345303,22.53007457405695,44000.0,127560.0
semisupervised.SelfTrainingClassifier -l trees.HoeffdingTree -s DistanceMeasure,SemiSupervisedStream -s generators.RandomTreeGenerator -t 0.95,1,45000.0,0.731135,1.6890367627557786E-8,42751.0,45000.0,67.64444444444445,35.83648661126739,33.08516016361045,22.487223168654168,45000.0,127592.0
semisupervised.SelfTrainingClassifier -l trees.HoeffdingTree -s DistanceMeasure,SemiSupervisedStream -s generators.RandomTreeGenerator -t 0.95,1,46000.0,0.738863,1.714545454622971E-8,43693.0,46000.0,67.63695652173914,35.89299331635482,33.016872890888635,22.45546411084489,46000.0,127592.0
semisupervised.SelfTrainingClassifier -l trees.HoeffdingTree -s DistanceMeasure,SemiSupervisedStream -s generators.RandomTreeGenerator -t 0.95,1,47000.0,0.746012,1.7381429750886234E-8,44651.0,47000.0,67.6404255319149,35.96381228291306,32.920213469765805,22.40702004999744,47000.0,127592.0
semisupervised.SelfTrainingClassifier -l trees.HoeffdingTree -s DistanceMeasure,SemiSupervisedStream -s generators.RandomTreeGenerator -t 0.95,1,48000.0,0.753295,1.762182804652387E-8,45596.0,48000.0,67.64375,36.03849797958193,32.91144708423327,22.51546597485532,48000.0,127592.0
semisupervised.SelfTrainingClassifier -l trees.HoeffdingTree -s DistanceMeasure,SemiSupervisedStream -s generators.RandomTreeGenerator -t 0.95,1,49000.0,0.759847,1.7838097390615284E-8,46547.0,49000.0,67.55102040816327,35.91932146669601,32.80081146189933,22.27599354744097,49000.0,127592.0
semisupervised.SelfTrainingClassifier -l trees.HoeffdingTree -s DistanceMeasure,SemiSupervisedStream -s generators.RandomTreeGenerator -t 0.95,1,50000.0,0.766794,1.8067419328209432E-8,47508.0,50000.0,67.532,35.94247637219261,32.80072853713057,22.310490045941805,50000.0,127600.0
semisupervised.SelfTrainingClassifier -l trees.HoeffdingTree -s DistanceMeasure,SemiSupervisedStream -s generators.RandomTreeGenerator -t 0.95,1,51000.0,0.773526,1.8289658002969298E-8,48462.0,51000.0,67.53529411764706,36.01271429860734,32.83164300202839,22.44601620684809,51000.0,127608.0
semisupervised.SelfTrainingClassifier -l trees.HoeffdingTree -s DistanceMeasure,SemiSupervisedStream -s generators.RandomTreeGenerator -t 0.95,1,52000.0,0.779471,1.848591601269113E-8,49421.0,52000.0,67.5,36.00748220208099,32.736318407960205,22.384495269587593,52000.0,127608.0
semisupervised.SelfTrainingClassifier -l trees.HoeffdingTree -s DistanceMeasure,SemiSupervisedStream -s generators.RandomTreeGenerator -t 0.95,1,53000.0,0.78573,1.869253987860349E-8,50363.0,53000.0,67.50188679245282,36.06493667473718,32.79750292625828,22.473781338614565,53000.0,127608.0
semisupervised.SelfTrainingClassifier -l trees.HoeffdingTree -s DistanceMeasure,SemiSupervisedStream -s generators.RandomTreeGenerator -t 0.95,1,54000.0,0.791894,1.8896027577834E-8,51322.0,54000.0,67.49814814814815,36.11728046429912,32.71869968565515,22.484762830138685,54000.0,127608.0
semisupervised.SelfTrainingClassifier -l trees.HoeffdingTree -s DistanceMeasure,SemiSupervisedStream -s generators.RandomTreeGenerator -t 0.95,1,55000.0,0.799007,1.913084393160211E-8,52278.0,55000.0,67.50727272727272,36.17903713176543,32.69180068547325,22.576033272680014,55000.0,127608.0
semisupervised.SelfTrainingClassifier -l trees.HoeffdingTree -s DistanceMeasure,SemiSupervisedStream -s generators.RandomTreeGenerator -t 0.95,1,56000.0,0.805636,1.9349682341433236E-8,53218.0,56000.0,67.49642857142857,36.20219914195077,32.7073089578173,22.547976681843316,56000.0,127608.0
semisupervised.SelfTrainingClassifier -l trees.HoeffdingTree -s DistanceMeasure,SemiSupervisedStream -s generators.RandomTreeGenerator -t 0.95,1,57000.0,0.81163,1.9547557952917285E-8,54176.0,57000.0,67.45964912280702,36.179678834312924,32.682466519072335,22.516500960815446,57000.0,127608.0
semisupervised.SelfTrainingClassifier -l trees.HoeffdingTree -s DistanceMeasure,SemiSupervisedStream -s generators.RandomTreeGenerator -t 0.95,1,58000.0,0.817864,1.9753369413730173E-8,55126.0,58000.0,67.4448275862069,36.189943796032864,32.701286666429056,22.50677173110073,58000.0,127616.0
semisupervised.SelfTrainingClassifier -l trees.HoeffdingTree -s DistanceMeasure,SemiSupervisedStream -s generators.RandomTreeGenerator -t 0.95,1,59000.0,0.82449,1.9972122499926225E-8,56070.0,59000.0,67.44237288135592,36.22559498834423,32.67559231739799,22.46932515337422,59000.0,127616.0
semisupervised.SelfTrainingClassifier -l trees.HoeffdingTree -s DistanceMeasure,SemiSupervisedStream -s generators.RandomTreeGenerator -t 0.95,1,60000.0,0.831073,2.0189496841695577E-8,57023.0,60000.0,67.44666666666667,36.276043150358305,32.68309495088747,22.4982144274264,60000.0,127640.0
semisupervised.SelfTrainingClassifier -l trees.HoeffdingTree -s DistanceMeasure,SemiSupervisedStream -s generators.RandomTreeGenerator -t 0.95,1,61000.0,0.840555,2.0502597784830466E-8,57958.0,61000.0,67.44098360655738,36.29934496355861,32.640325589282696,22.487608788978662,61000.0,127640.0
semisupervised.SelfTrainingClassifier -l trees.HoeffdingTree -s DistanceMeasure,SemiSupervisedStream -s generators.RandomTreeGenerator -t 0.95,1,62000.0,0.848946,2.0779673297786053E-8,58914.0,62000.0,67.41774193548386,36.293051000987944,32.62740128068302,22.47380742218981,62000.0,127640.0
semisupervised.SelfTrainingClassifier -l trees.HoeffdingTree -s DistanceMeasure,SemiSupervisedStream -s generators.RandomTreeGenerator -t 0.95,1,63000.0,0.856502,2.1029176643739146E-8,59861.0,63000.0,67.43809523809524,36.36279013864417,32.68580803937653,22.50679963735269,63000.0,127640.0
semisupervised.SelfTrainingClassifier -l trees.HoeffdingTree -s DistanceMeasure,SemiSupervisedStream -s generators.RandomTreeGenerator -t 0.95,1,64000.0,0.863803,2.1270274857266084E-8,60805.0,64000.0,67.471875,36.46034398375722,32.82349144885448,22.626923362818708,64000.0,127648.0
semisupervised.SelfTrainingClassifier -l trees.HoeffdingTree -s DistanceMeasure,SemiSupervisedStream -s generators.RandomTreeGenerator -t 0.95,1,65000.0,0.870713,2.1498461222896975E-8,61769.0,65000.0,67.44769230769231,36.45073314248307,32.77735417460923,22.520048335713508,65000.0,127648.0
semisupervised.SelfTrainingClassifier -l trees.HoeffdingTree -s DistanceMeasure,SemiSupervisedStream -s generators.RandomTreeGenerator -t 0.95,1,66000.0,0.878828,2.1766490240891775E-8,62702.0,66000.0,67.47575757575758,36.53217378684558,32.862102398899076,22.639469511316147,66000.0,127672.0
semisupervised.SelfTrainingClassifier -l trees.HoeffdingTree -s DistanceMeasure,SemiSupervisedStream -s generators.RandomTreeGenerator -t 0.95,1,67000.0,0.885897,2.199997109464473E-8,63657.0,67000.0,67.50895522388059,36.621363135003406,32.93592113370301,22.78305902383655,67000.0,127672.0
semisupervised.SelfTrainingClassifier -l trees.HoeffdingTree -s DistanceMeasure,SemiSupervisedStream -s generators.RandomTreeGenerator -t 0.95,1,68000.0,0.893054,2.223635848611593E-8,64607.0,68000.0,67.5235294117647,36.67435293118888,32.997572815533985,22.874903960326883,68000.0,127672.0
semisupervised.SelfTrainingClassifier -l trees.HoeffdingTree -s DistanceMeasure,SemiSupervisedStream -s generators.RandomTreeGenerator -t 0.95,1,69000.0,0.900046,2.2467296119365425E-8,65559.0,69000.0,67.53623188405797,36.724861385340795,33.0523924803491,22.928709055876702,69000.0,127672.0
semisupervised.SelfTrainingClassifier -l trees.HoeffdingTree -s DistanceMeasure,SemiSupervisedStream -s generators.RandomTreeGenerator -t 0.95,1,70000.0,0.907359,2.2708836009518965E-8,66511.0,70000.0,67.52857142857142,36.73518073100007,33.06634470979711,22.95959869848155,70000.0,127672.0
semisupervised.SelfTrainingClassifier -l trees.HoeffdingTree -s DistanceMeasure,SemiSupervisedStream -s generators.RandomTreeGenerator -t 0.95,1,71000.0,0.913797,2.2921475666678612E-8,67455.0,71000.0,67.52394366197183,36.74804394095326,33.091521095699605,23.021967016091345,71000.0,127672.0
semisupervised.SelfTrainingClassifier -l trees.HoeffdingTree -s DistanceMeasure,SemiSupervisedStream -s generators.RandomTreeGenerator -t 0.95,1,72000.0,0.919893,2.312281946134236E-8,68402.0,72000.0,67.48194444444444,36.697749259315266,33.02917620137299,22.85921386445257,72000.0,127672.0
semisupervised.SelfTrainingClassifier -l trees.HoeffdingTree -s DistanceMeasure,SemiSupervisedStream -s generators.RandomTreeGenerator -t 0.95,1,73000.0,0.926067,2.3326739505347278E-8,69342.0,73000.0,67.4931506849315,36.742546458445666,33.043650009875556,22.85435630689205,73000.0,127672.0
semisupervised.SelfTrainingClassifier -l trees.HoeffdingTree -s DistanceMeasure,SemiSupervisedStream -s generators.RandomTreeGenerator -t 0.95,1,74000.0,0.932191,2.352900810746683E-8,70292.0,74000.0,67.53513513513514,36.8386834638321,33.16083799348969,22.950609364977563,74000.0,127672.0
semisupervised.SelfTrainingClassifier -l trees.HoeffdingTree -s DistanceMeasure,SemiSupervisedStream -s generators.RandomTreeGenerator -t 0.95,1,75000.0,0.938636,2.3741878966490427E-8,71243.0,75000.0,67.53333333333333,36.85692080095567,33.13195111904436,22.945476408974397,75000.0,127672.0
semisupervised.SelfTrainingClassifier -l trees.HoeffdingTree -s DistanceMeasure,SemiSupervisedStream -s generators.RandomTreeGenerator -t 0.95,1,76000.0,0.944896,2.3948639490538173E-8,72190.0,76000.0,67.54078947368421,36.889593324710305,33.22596362061499,23.03204268197561,76000.0,127672.0
semisupervised.SelfTrainingClassifier -l trees.HoeffdingTree -s DistanceMeasure,SemiSupervisedStream -s generators.RandomTreeGenerator -t 0.95,1,77000.0,0.951358,2.4162071839802794E-8,73143.0,77000.0,67.53896103896105,36.90738239175018,33.22558238939944,22.983299439206263,77000.0,127672.0
semisupervised.SelfTrainingClassifier -l trees.HoeffdingTree -s DistanceMeasure,SemiSupervisedStream -s generators.RandomTreeGenerator -t 0.95,1,78000.0,0.95754,2.436625611450937E-8,74087.0,78000.0,67.52692307692307,36.90169426652056,33.12828365498851,22.972356536812324,78000.0,127672.0
semisupervised.SelfTrainingClassifier -l trees.HoeffdingTree -s DistanceMeasure,SemiSupervisedStream -s generators.RandomTreeGenerator -t 0.95,1,79000.0,0.963507,2.4563339189108872E-8,75042.0,79000.0,67.53544303797469,36.94091356009637,33.15523352793995,22.958846500450587,79000.0,127672.0
semisupervised.SelfTrainingClassifier -l trees.HoeffdingTree -s DistanceMeasure,SemiSupervisedStream -s generators.RandomTreeGenerator -t 0.95,1,80000.0,0.969457,2.475986077346735E-8,76000.0,80000.0,67.53875000000001,36.96420186003471,33.15400653813484,22.97722149721201,80000.0,127672.0
semisupervised.SelfTrainingClassifier -l trees.HoeffdingTree -s DistanceMeasure,SemiSupervisedStream -s generators.RandomTreeGenerator -t 0.95,1,81000.0,0.975529,2.4960411876026123E-8,76950.0,81000.0,67.54320987654322,36.988348945721114,33.1417527084075,23.007087213729278,81000.0,127672.0
semisupervised.SelfTrainingClassifier -l trees.HoeffdingTree -s DistanceMeasure,SemiSupervisedStream -s generators.RandomTreeGenerator -t 0.95,1,82000.0,0.987572,2.5402343960271937E-8,77887.0,82000.0,67.57560975609756,37.06321972754946,33.2764505119454,23.122741072719393,82000.0,141848.0
semisupervised.SelfTrainingClassifier -l trees.HoeffdingTree -s DistanceMeasure,SemiSupervisedStream -s generators.RandomTreeGenerator -t 0.95,1,83000.0,0.994348,2.565202099581559E-8,78842.0,83000.0,67.59036144578313,37.10166254986008,33.32341860003965,23.1582254977576,83000.0,142432.0
semisupervised.SelfTrainingClassifier -l trees.HoeffdingTree -s DistanceMeasure,SemiSupervisedStream -s generators.RandomTreeGenerator -t 0.95,1,84000.0,1.004316,2.6032744505339195E-8,79782.0,84000.0,67.60833333333333,37.15281140651665,33.36517032792105,23.196996640980043,84000.0,147640.0
semisupervised.SelfTrainingClassifier -l trees.HoeffdingTree -s DistanceMeasure,SemiSupervisedStream -s generators.RandomTreeGenerator -t 0.95,1,85000.0,1.012656,2.6358864613705206E-8,80730.0,85000.0,67.62235294117647,37.19683364384439,33.3777142995473,23.23291492329148,85000.0,151152.0
semisupervised.SelfTrainingClassifier -l trees.HoeffdingTree -s DistanceMeasure,SemiSupervisedStream -s generators.RandomTreeGenerator -t 0.95,1,86000.0,1.029866,2.712903077817625E-8,81677.0,86000.0,67.60697674418604,37.18891338089589,33.27265323720327,23.124896517467846,86000.0,172984.0
semisupervised.SelfTrainingClassifier -l trees.HoeffdingTree -s DistanceMeasure,SemiSupervisedStream -s generators.RandomTreeGenerator -t 0.95,1,87000.0,1.042088,2.76848569802112E-8,82635.0,87000.0,67.6264367816092,37.24566638743516,33.294649835397784,23.155625886718344,87000.0,175792.0
semisupervised.SelfTrainingClassifier -l trees.HoeffdingTree -s DistanceMeasure,SemiSupervisedStream -s generators.RandomTreeGenerator -t 0.95,1,88000.0,1.057224,2.8380127611259613E-8,83579.0,88000.0,67.63181818181818,37.27196804239767,33.291177779339094,23.15744037984244,88000.0,177560.0
semisupervised.SelfTrainingClassifier -l trees.HoeffdingTree -s DistanceMeasure,SemiSupervisedStream -s generators.RandomTreeGenerator -t 0.95,1,89000.0,1.070448,2.898981492966413E-8,84528.0,89000.0,67.63258426966291,37.287513642203855,33.304778662715314,23.18133333333334,89000.0,178216.0
semisupervised.SelfTrainingClassifier -l trees.HoeffdingTree -s DistanceMeasure,SemiSupervisedStream -s generators.RandomTreeGenerator -t 0.95,1,90000.0,1.081032,2.9478005133569234E-8,85479.0,90000.0,67.65777777777777,37.34614110175849,33.3684331006066,23.238396624472564,90000.0,178296.0
semisupervised.SelfTrainingClassifier -l trees.HoeffdingTree -s DistanceMeasure,SemiSupervisedStream -s generators.RandomTreeGenerator -t 0.95,1,91000.0,1.091633,2.996728662608398E-8,86428.0,91000.0,67.68681318681318,37.40994941570378,33.432187082607015,23.302642218106886,91000.0,178408.0
semisupervised.SelfTrainingClassifier -l trees.HoeffdingTree -s DistanceMeasure,SemiSupervisedStream -s generators.RandomTreeGenerator -t 0.95,1,92000.0,1.102527,3.0470204053239687E-8,87368.0,92000.0,67.70326086956521,37.453622294152815,33.508626669948754,23.335139458678437,92000.0,178448.0
semisupervised.SelfTrainingClassifier -l trees.HoeffdingTree -s DistanceMeasure,SemiSupervisedStream -s generators.RandomTreeGenerator -t 0.95,1,93000.0,1.112681,3.0938980672508476E-8,88302.0,93000.0,67.73118279569893,37.51592544304395,33.550329923386926,23.438018215679783,93000.0,178456.0
semisupervised.SelfTrainingClassifier -l trees.HoeffdingTree -s DistanceMeasure,SemiSupervisedStream -s generators.RandomTreeGenerator -t 0.95,1,94000.0,1.122816,3.140688012457556E-8,89252.0,94000.0,67.76170212765958,37.58087769103082,33.65588808371828,23.50951587662174,94000.0,178456.0
semisupervised.SelfTrainingClassifier -l trees.HoeffdingTree -s DistanceMeasure,SemiSupervisedStream -s generators.RandomTreeGenerator -t 0.95,1,95000.0,1.131638,3.180612915919886E-8,90204.0,95000.0,67.7821052631579,37.63166104752136,33.65342928986389,23.518828556435693,95000.0,174936.0
semisupervised.SelfTrainingClassifier -l trees.HoeffdingTree -s DistanceMeasure,SemiSupervisedStream -s generators.RandomTreeGenerator -t 0.95,1,96000.0,1.142194,3.2303252137369576E-8,91154.0,96000.0,67.80833333333334,37.69328877580001,33.70374343022633,23.55982092062629,96000.0,182040.0
semisupervised.SelfTrainingClassifier -l trees.HoeffdingTree -s DistanceMeasure,SemiSupervisedStream -s generators.RandomTreeGenerator -t 0.95,1,97000.0,1.151209,3.273616200726893E-8,92115.0,97000.0,67.85463917525773,37.78474810239817,33.77017841971114,23.697540682735855,97000.0,185624.0
semisupervised.SelfTrainingClassifier -l trees.HoeffdingTree -s DistanceMeasure,SemiSupervisedStream -s generators.RandomTreeGenerator -t 0.95,1,98000.0,1.159615,3.313984444778826E-8,93059.0,98000.0,67.8795918367347,37.84005025469984,33.836388094837744,23.798687937253394,98000.0,185632.0
semisupervised.SelfTrainingClassifier -l trees.HoeffdingTree -s DistanceMeasure,SemiSupervisedStream -s generators.RandomTreeGenerator -t 0.95,1,99000.0,1.170181,3.365685666393902E-8,93990.0,99000.0,67.92525252525252,37.93415564011486,33.95728042262016,23.90059194286672,99000.0,189144.0
semisupervised.SelfTrainingClassifier -l trees.HoeffdingTree -s DistanceMeasure,SemiSupervisedStream -s generators.RandomTreeGenerator -t 0.95,1,100000.0,1.179414,3.4108642939892074E-8,94929.0,100000.0,67.979,38.03727196274459,34.03716216216216,24.088473756578633,100000.0,189144.0
semisupervised.SelfTrainingClassifier -l trees.HoeffdingTree -s DistanceMeasure,SemiSupervisedStream -s generators.RandomTreeGenerator -t 0.95,1,101000.0,1.188806,3.456826766745911E-8,95878.0,101000.0,68.02178217821783,38.1243340276695,34.12873225648557,24.191996244572252,101000.0,189168.0
semisupervised.SelfTrainingClassifier -l trees.HoeffdingTree -s DistanceMeasure,SemiSupervisedStream -s generators.RandomTreeGenerator -t 0.95,1,102000.0,1.199377,3.5096988510340444E-8,96826.0,102000.0,68.03921568627452,38.164077192310764,34.18130426004443,24.24946556371411,102000.0,193336.0
semisupervised.SelfTrainingClassifier -l trees.HoeffdingTree -s DistanceMeasure,SemiSupervisedStream -s generators.RandomTreeGenerator -t 0.95,1,103000.0,1.208423,3.554947215028934E-8,97776.0,103000.0,68.05825242718446,38.20687346921464,34.277552488064075,24.352164815709,103000.0,193352.0
semisupervised.SelfTrainingClassifier -l trees.HoeffdingTree -s DistanceMeasure,SemiSupervisedStream -s generators.RandomTreeGenerator -t 0.95,1,104000.0,1.217578,3.600740800301233E-8,98727.0,104000.0,68.10288461538462,38.301239355571894,34.34599323134167,24.404083678957207,104000.0,193352.0
semisupervised.SelfTrainingClassifier -l trees.HoeffdingTree -s DistanceMeasure,SemiSupervisedStream -s generators.RandomTreeGenerator -t 0.95,1,105000.0,1.22761,3.6499930918216696E-8,99677.0,105000.0,68.13809523809525,38.376851213227745,34.39681543650484,24.491039588317616,105000.0,189776.0
semisupervised.SelfTrainingClassifier -l trees.HoeffdingTree -s DistanceMeasure,SemiSupervisedStream -s generators.RandomTreeGenerator -t 0.95,1,106000.0,1.239754,3.713140487670898E-8,100627.0,106000.0,68.16698113207548,38.438811955826786,34.46561401464391,24.534251783597618,106000.0,201000.0
semisupervised.SelfTrainingClassifier -l trees.HoeffdingTree -s DistanceMeasure,SemiSupervisedStream -s generators.RandomTreeGenerator -t 0.95,1,107000.0,1.251344,3.774644862860441E-8,101588.0,107000.0,68.19158878504673,38.49119516620468,34.543041772444035,24.604581099641134,107000.0,205128.0
semisupervised.SelfTrainingClassifier -l trees.HoeffdingTree -s DistanceMeasure,SemiSupervisedStream -s generators.RandomTreeGenerator -t 0.95,1,108000.0,1.261778,3.8300298365453875E-8,102546.0,108000.0,68.23148148148148,38.5705352613841,34.591554665904106,24.684447371309407,108000.0,205184.0
semisupervised.SelfTrainingClassifier -l trees.HoeffdingTree -s DistanceMeasure,SemiSupervisedStream -s generators.RandomTreeGenerator -t 0.95,1,109000.0,1.271265,3.8805234930995436E-8,103489.0,109000.0,68.2605504587156,38.62940053011529,34.671525955020115,24.76349955418306,109000.0,205736.0
semisupervised.SelfTrainingClassifier -l trees.HoeffdingTree -s DistanceMeasure,SemiSupervisedStream -s generators.RandomTreeGenerator -t 0.95,1,110000.0,1.281663,3.9358658606393467E-8,104432.0,110000.0,68.29454545454546,38.69973904022747,34.71603459248998,24.86211651154773,110000.0,205736.0
semisupervised.SelfTrainingClassifier -l trees.HoeffdingTree -s DistanceMeasure,SemiSupervisedStream -s generators.RandomTreeGenerator -t 0.95,1,111000.0,1.29216,3.9918959086967836E-8,105382.0,111000.0,68.34774774774775,38.80643268733329,34.79455105601127,24.967431927389203,111000.0,206328.0
semisupervised.SelfTrainingClassifier -l trees.HoeffdingTree -s DistanceMeasure,SemiSupervisedStream -s generators.RandomTreeGenerator -t 0.95,1,112000.0,1.30261,4.04767508390877E-8,106325.0,112000.0,68.35982142857144,38.83416236492055,34.823711169557306,25.018514208332466,112000.0,206328.0
semisupervised.SelfTrainingClassifier -l trees.HoeffdingTree -s DistanceMeasure,SemiSupervisedStream -s generators.RandomTreeGenerator -t 0.95,1,113000.0,1.312076,4.098209778881735E-8,107288.0,113000.0,68.38849557522124,38.89552337050796,34.88105004101723,25.089650833595485,113000.0,206360.0
semisupervised.SelfTrainingClassifier -l trees.HoeffdingTree -s DistanceMeasure,SemiSupervisedStream -s generators.RandomTreeGenerator -t 0.95,1,114000.0,1.321884,4.150570257256428E-8,108241.0,114000.0,68.39736842105263,38.92082418290866,34.91056910569105,25.090447872915544,114000.0,206360.0
semisupervised.SelfTrainingClassifier -l trees.HoeffdingTree -s DistanceMeasure,SemiSupervisedStream -s generators.RandomTreeGenerator -t 0.95,1,115000.0,1.33328,4.212462609426842E-8,109192.0,115000.0,68.39826086956522,38.931209787464574,34.859293780247356,25.06186077202245,115000.0,209936.0
semisupervised.SelfTrainingClassifier -l trees.HoeffdingTree -s DistanceMeasure,SemiSupervisedStream -s generators.RandomTreeGenerator -t 0.95,1,116000.0,1.343713,4.26941850533088E-8,110132.0,116000.0,68.41810344827586,38.9749820827557,34.913923286016306,25.09099088046455,116000.0,211024.0
semisupervised.SelfTrainingClassifier -l trees.HoeffdingTree -s DistanceMeasure,SemiSupervisedStream -s generators.RandomTreeGenerator -t 0.95,1,117000.0,1.354674,4.3292568619880407E-8,111080.0,117000.0,68.45811965811966,39.05344796485791,35.01443967035288,25.198637911464232,117000.0,211024.0
semisupervised.SelfTrainingClassifier -l trees.HoeffdingTree -s DistanceMeasure,SemiSupervisedStream -s generators.RandomTreeGenerator -t 0.95,1,118000.0,1.365689,4.3893922954383816E-8,112031.0,118000.0,68.48474576271187,39.106304733918954,35.08701495924174,25.271280443694227,118000.0,211032.0
semisupervised.SelfTrainingClassifier -l trees.HoeffdingTree -s DistanceMeasure,SemiSupervisedStream -s generators.RandomTreeGenerator -t 0.95,1,119000.0,1.375251,4.441597180854942E-8,112973.0,119000.0,68.50756302521009,39.15564445121619,35.15141027859491,25.324300089668228,119000.0,211040.0
semisupervised.SelfTrainingClassifier -l trees.HoeffdingTree -s DistanceMeasure,SemiSupervisedStream -s generators.RandomTreeGenerator -t 0.95,1,120000.0,1.385155,4.495671306012404E-8,113912.0,120000.0,68.54083333333332,39.22171088048699,35.19809118374073,25.438960320752095,120000.0,211048.0
semisupervised.SelfTrainingClassifier -l trees.HoeffdingTree -s DistanceMeasure,SemiSupervisedStream -s generators.RandomTreeGenerator -t 0.95,1,121000.0,1.395674,4.5531032246847936E-8,114864.0,121000.0,68.54628099173554,39.239449358757824,35.220928649237486,25.437376329761204,121000.0,211048.0
semisupervised.SelfTrainingClassifier -l trees.HoeffdingTree -s DistanceMeasure,SemiSupervisedStream -s generators.RandomTreeGenerator -t 0.95,1,122000.0,1.406025,4.60962003469467E-8,115809.0,122000.0,68.57131147540983,39.290747334842266,35.277337024408354,25.507071806030456,122000.0,211056.0
semisupervised.SelfTrainingClassifier -l trees.HoeffdingTree -s DistanceMeasure,SemiSupervisedStream -s generators.RandomTreeGenerator -t 0.95,1,123000.0,1.415743,4.662680643300214E-8,116752.0,123000.0,68.60243902439025,39.35460958420382,35.313724833338924,25.566648677819764,123000.0,211056.0
semisupervised.SelfTrainingClassifier -l trees.HoeffdingTree -s DistanceMeasure,SemiSupervisedStream -s generators.RandomTreeGenerator -t 0.95,1,124000.0,1.424986,4.7131477358440544E-8,117695.0,124000.0,68.60564516129031,39.36985320001462,35.31132122501203,25.571657999388176,124000.0,211056.0
semisupervised.SelfTrainingClassifier -l trees.HoeffdingTree -s DistanceMeasure,SemiSupervisedStream -s generators.RandomTreeGenerator -t 0.95,1,125000.0,1.433954,4.762113319089014E-8,118634.0,125000.0,68.6152,39.3969614592073,35.31894547672827,25.58470380697661,125000.0,211056.0
semisupervised.SelfTrainingClassifier -l trees.HoeffdingTree -s DistanceMeasure,SemiSupervisedStream -s generators.RandomTreeGenerator -t 0.95,1,126000.0,1.442394,4.808196004480122E-8,119575.0,126000.0,68.63015873015873,39.43209505940064,35.364338042909466,25.624717748005427,126000.0,211056.0
semisupervised.SelfTrainingClassifier -l trees.HoeffdingTree -s DistanceMeasure,SemiSupervisedStream -s generators.RandomTreeGenerator -t 0.95,1,127000.0,1.450652,4.8532866727974663E-8,120528.0,127000.0,68.62125984251969,39.421872017371555,35.36662503851956,25.615037144883722,127000.0,211064.0
semisupervised.SelfTrainingClassifier -l trees.HoeffdingTree -s DistanceMeasure,SemiSupervisedStream -s generators.RandomTreeGenerator -t 0.95,1,128000.0,1.459001,4.898972714112863E-8,121473.0,128000.0,68.64218749999999,39.46651096695851,35.413381392205444,25.66486406400472,128000.0,211520.0
semisupervised.SelfTrainingClassifier -l trees.HoeffdingTree -s DistanceMeasure,SemiSupervisedStream -s generators.RandomTreeGenerator -t 0.95,1,129000.0,1.467762,4.946913234889506E-8,122423.0,129000.0,68.64496124031008,39.47762274545007,35.40928108332535,25.65389210550501,129000.0,211520.0
semisupervised.SelfTrainingClassifier -l trees.HoeffdingTree -s DistanceMeasure,SemiSupervisedStream -s generators.RandomTreeGenerator -t 0.95,1,130000.0,1.475964,4.99179488668839E-8,123379.0,130000.0,68.65615384615384,39.500761965740814,35.43597788024274,25.698395331874547,130000.0,211520.0
semisupervised.SelfTrainingClassifier -l trees.HoeffdingTree -s DistanceMeasure,SemiSupervisedStream -s generators.RandomTreeGenerator -t 0.95,1,131000.0,1.484352,5.037694337467351E-8,124332.0,131000.0,68.67938931297711,39.550514376432915,35.50263302680186,25.76980135325831,131000.0,211520.0
semisupervised.SelfTrainingClassifier -l trees.HoeffdingTree -s DistanceMeasure,SemiSupervisedStream -s generators.RandomTreeGenerator -t 0.95,1,132000.0,1.492711,5.083435099158021E-8,125276.0,132000.0,68.69015151515151,39.57690098499264,35.54328670128978,25.784729205573893,132000.0,211520.0
semisupervised.SelfTrainingClassifier -l trees.HoeffdingTree -s DistanceMeasure,SemiSupervisedStream -s generators.RandomTreeGenerator -t 0.95,1,133000.0,1.501069,5.1291842270228587E-8,126218.0,133000.0,68.69398496240602,39.588213644501245,35.532468336791254,25.828345446772133,133000.0,211584.0
semisupervised.SelfTrainingClassifier -l trees.HoeffdingTree -s DistanceMeasure,SemiSupervisedStream -s generators.RandomTreeGenerator -t 0.95,1,134000.0,1.509236,5.173887879484228E-8,127177.0,134000.0,68.70671641791046,39.61639805999292,35.58382106702307,25.880689350419807,134000.0,211584.0
semisupervised.SelfTrainingClassifier -l trees.HoeffdingTree -s DistanceMeasure,SemiSupervisedStream -s generators.RandomTreeGenerator -t 0.95,1,135000.0,1.517903,5.2213283785515346E-8,128135.0,135000.0,68.69703703703703,39.60343018762003,35.587665950279685,25.864004771762396,135000.0,211584.0
semisupervised.SelfTrainingClassifier -l trees.HoeffdingTree -s DistanceMeasure,SemiSupervisedStream -s generators.RandomTreeGenerator -t 0.95,1,136000.0,1.525971,5.265490135384929E-8,129098.0,136000.0,68.70808823529411,39.627509076987174,35.627959038586624,25.89503378143067,136000.0,211584.0
semisupervised.SelfTrainingClassifier -l trees.HoeffdingTree -s DistanceMeasure,SemiSupervisedStream -s generators.RandomTreeGenerator -t 0.95,1,137000.0,1.534145,5.3102321036987826E-8,130054.0,137000.0,68.72189781021898,39.65810580772807,35.66785269257909,25.938920479095735,137000.0,211584.0
semisupervised.SelfTrainingClassifier -l trees.HoeffdingTree -s DistanceMeasure,SemiSupervisedStream -s generators.RandomTreeGenerator -t 0.95,1,138000.0,1.542427,5.355565230879518E-8,131000.0,138000.0,68.72028985507245,39.66402211129102,35.674902393228614,25.911813672485106,138000.0,211584.0
semisupervised.SelfTrainingClassifier -l trees.HoeffdingTree -s DistanceMeasure,SemiSupervisedStream -s generators.RandomTreeGenerator -t 0.95,1,139000.0,1.551414,5.404757311774624E-8,131948.0,139000.0,68.73597122302158,39.700690007193515,35.74206331603307,25.952494547437293,139000.0,211584.0
semisupervised.SelfTrainingClassifier -l trees.HoeffdingTree -s DistanceMeasure,SemiSupervisedStream -s generators.RandomTreeGenerator -t 0.95,1,140000.0,1.559666,5.449926228159003E-8,132897.0,140000.0,68.74357142857143,39.71943780012889,35.761890780974745,25.965215037390443,140000.0,211584.0
semisupervised.SelfTrainingClassifier -l trees.HoeffdingTree -s DistanceMeasure,SemiSupervisedStream -s generators.RandomTreeGenerator -t 0.95,1,141000.0,1.567907,5.495038345042201E-8,133847.0,141000.0,68.75460992907801,39.743280952208146,35.79527237751027,26.006046355391334,141000.0,211600.0
semisupervised.SelfTrainingClassifier -l trees.HoeffdingTree -s DistanceMeasure,SemiSupervisedStream -s generators.RandomTreeGenerator -t 0.95,1,142000.0,1.575923,5.538920446816417E-8,134799.0,142000.0,68.76549295774647,39.765190864929764,35.80681110966379,26.061080918881057,142000.0,211608.0
semisupervised.SelfTrainingClassifier -l trees.HoeffdingTree -s DistanceMeasure,SemiSupervisedStream -s generators.RandomTreeGenerator -t 0.95,1,143000.0,1.58413,5.583848142582508E-8,135747.0,143000.0,68.78811188811189,39.81407901746882,35.84631748404531,26.107974769465102,143000.0,211608.0
semisupervised.SelfTrainingClassifier -l trees.HoeffdingTree -s DistanceMeasure,SemiSupervisedStream -s generators.RandomTreeGenerator -t 0.95,1,144000.0,1.592941,5.6320823240611274E-8,136678.0,144000.0,68.8,39.841821267437254,35.873024935413426,26.142920550377262,144000.0,211608.0
semisupervised.SelfTrainingClassifier -l trees.HoeffdingTree -s DistanceMeasure,SemiSupervisedStream -s generators.RandomTreeGenerator -t 0.95,1,145000.0,1.601401,5.678400273952218E-8,137615.0,145000.0,68.81862068965518,39.88131185335502,35.92171090860133,26.200930384395665,145000.0,211632.0
semisupervised.SelfTrainingClassifier -l trees.HoeffdingTree -s DistanceMeasure,SemiSupervisedStream -s generators.RandomTreeGenerator -t 0.95,1,146000.0,1.609596,5.7232673660748524E-8,138555.0,146000.0,68.82671232876713,39.90212305722586,35.925159437428725,26.21946277173473,146000.0,211632.0
semisupervised.SelfTrainingClassifier -l trees.HoeffdingTree -s DistanceMeasure,SemiSupervisedStream -s generators.RandomTreeGenerator -t 0.95,1,147000.0,1.617968,5.7691035216881156E-8,139499.0,147000.0,68.82585034013606,39.906568321426754,35.955166100652654,26.22750249525097,147000.0,211632.0
semisupervised.SelfTrainingClassifier -l trees.HoeffdingTree -s DistanceMeasure,SemiSupervisedStream -s generators.RandomTreeGenerator -t 0.95,1,148000.0,1.625849,5.812251484228504E-8,140461.0,148000.0,68.8331081081081,39.92632662738777,35.96584993405983,26.246362444437338,148000.0,211632.0
semisupervised.SelfTrainingClassifier -l trees.HoeffdingTree -s DistanceMeasure,SemiSupervisedStream -s generators.RandomTreeGenerator -t 0.95,1,149000.0,1.634219,5.8580766899718163E-8,141409.0,149000.0,68.8469798657718,39.955348245380385,35.96369004097285,26.285532793393664,149000.0,211632.0
semisupervised.SelfTrainingClassifier -l trees.HoeffdingTree -s DistanceMeasure,SemiSupervisedStream -s generators.RandomTreeGenerator -t 0.95,1,150000.0,1.642246,5.902023993018599E-8,142363.0,150000.0,68.85066666666667,39.96752500583084,35.96645104703432,26.26678659912576,150000.0,211632.0
semisupervised.SelfTrainingClassifier -l trees.HoeffdingTree -s DistanceMeasure,SemiSupervisedStream -s generators.RandomTreeGenerator -t 0.95,1,151000.0,1.650371,5.9465078396929613E-8,143312.0,151000.0,68.85099337748343,39.97341834150865,35.97631525216089,26.26240456519353,151000.0,211632.0
semisupervised.SelfTrainingClassifier -l trees.HoeffdingTree -s DistanceMeasure,SemiSupervisedStream -s generators.RandomTreeGenerator -t 0.95,1,152000.0,1.658284,5.98983100015256E-8,144266.0,152000.0,68.84210526315789,39.96392225634303,35.94460073577148,26.22708226241101,152000.0,211632.0
semisupervised.SelfTrainingClassifier -l trees.HoeffdingTree -s DistanceMeasure,SemiSupervisedStream -s generators.RandomTreeGenerator -t 0.95,1,153000.0,1.667393,6.039704068046476E-8,145222.0,153000.0,68.83267973856209,39.950116304084254,35.93863349364573,26.21464380763756,153000.0,211640.0
semisupervised.SelfTrainingClassifier -l trees.HoeffdingTree -s DistanceMeasure,SemiSupervisedStream -s generators.RandomTreeGenerator -t 0.95,1,154000.0,1.675506,6.084123894572257E-8,146161.0,154000.0,68.83116883116884,39.95207192737345,35.93080526969128,26.234420863364637,154000.0,211640.0
semisupervised.SelfTrainingClassifier -l trees.HoeffdingTree -s DistanceMeasure,SemiSupervisedStream -s generators.RandomTreeGenerator -t 0.95,1,155000.0,1.683556,6.128198787156077E-8,147112.0,155000.0,68.86,40.009733174490975,35.96927607752617,26.295295249438816,155000.0,211640.0
semisupervised.SelfTrainingClassifier -l trees.HoeffdingTree -s DistanceMeasure,SemiSupervisedStream -s generators.RandomTreeGenerator -t 0.95,1,156000.0,1.6918,6.173335857275458E-8,148052.0,156000.0,68.87884615384615,40.04963547884033,36.00859387356987,26.324814859779046,156000.0,211640.0
semisupervised.SelfTrainingClassifier -l trees.HoeffdingTree -s DistanceMeasure,SemiSupervisedStream -s generators.RandomTreeGenerator -t 0.95,1,157000.0,1.700144,6.219020441588426E-8,149009.0,157000.0,68.87388535031847,40.0449558663642,35.99811404772508,26.297055984555996,157000.0,211640.0
semisupervised.SelfTrainingClassifier -l trees.HoeffdingTree -s DistanceMeasure,SemiSupervisedStream -s generators.RandomTreeGenerator -t 0.95,1,158000.0,1.708203,6.26314461044967E-8,149957.0,158000.0,68.88101265822785,40.062024917372476,36.01665690676036,26.31689370438639,158000.0,211640.0
semisupervised.SelfTrainingClassifier -l trees.HoeffdingTree -s DistanceMeasure,SemiSupervisedStream -s generators.RandomTreeGenerator -t 0.95,1,159000.0,1.716345,6.307723216091592E-8,150908.0,159000.0,68.89182389937108,40.08513290991775,36.05760529513666,26.350898613737563,159000.0,211640.0
semisupervised.SelfTrainingClassifier -l trees.HoeffdingTree -s DistanceMeasure,SemiSupervisedStream -s generators.RandomTreeGenerator -t 0.95,1,160000.0,1.725483,6.357768301541606E-8,151865.0,160000.0,68.89562500000001,40.09688171150289,36.08963657377682,26.334408952307665,160000.0,211696.0
semisupervised.SelfTrainingClassifier -l trees.HoeffdingTree -s DistanceMeasure,SemiSupervisedStream -s generators.RandomTreeGenerator -t 0.95,1,161000.0,1.733984,6.404324798741273E-8,152813.0,161000.0,68.89875776397515,40.1083100241607,36.1069286716856,26.33832031422395,161000.0,211696.0
semisupervised.SelfTrainingClassifier -l trees.HoeffdingTree -s DistanceMeasure,SemiSupervisedStream -s generators.RandomTreeGenerator -t 0.95,1,162000.0,1.741934,6.447871921170088E-8,153762.0,162000.0,68.89320987654321,40.10392403737308,36.109491087050216,26.302319459475264,162000.0,211736.0
semisupervised.SelfTrainingClassifier -l trees.HoeffdingTree -s DistanceMeasure,SemiSupervisedStream -s generators.RandomTreeGenerator -t 0.95,1,163000.0,1.750079,6.492487180564137E-8,154708.0,163000.0,68.90061349693252,40.12273947798638,36.12640651185061,26.315483458340594,163000.0,211736.0
semisupervised.SelfTrainingClassifier -l trees.HoeffdingTree -s DistanceMeasure,SemiSupervisedStream -s generators.RandomTreeGenerator -t 0.95,1,164000.0,1.75816,6.536753544376955E-8,155651.0,164000.0,68.90426829268293,40.13110667353402,36.12840198890322,26.346423258568137,164000.0,211744.0
semisupervised.SelfTrainingClassifier -l trees.HoeffdingTree -s DistanceMeasure,SemiSupervisedStream -s generators.RandomTreeGenerator -t 0.95,1,165000.0,1.766114,6.580324223472011E-8,156609.0,165000.0,68.91272727272727,40.149698515920214,36.1307915478577,26.375771494186868,165000.0,211744.0
semisupervised.SelfTrainingClassifier -l trees.HoeffdingTree -s DistanceMeasure,SemiSupervisedStream -s generators.RandomTreeGenerator -t 0.95,1,166000.0,1.773847,6.622684301601514E-8,157569.0,166000.0,68.93313253012047,40.19057724969854,36.19345738889438,26.416494256973667,166000.0,211744.0
semisupervised.SelfTrainingClassifier -l trees.HoeffdingTree -s DistanceMeasure,SemiSupervisedStream -s generators.RandomTreeGenerator -t 0.95,1,167000.0,1.782292,6.668944596416419E-8,158520.0,167000.0,68.95149700598803,40.22687175107117,36.22890736458898,26.4712555659548,167000.0,211744.0
semisupervised.SelfTrainingClassifier -l trees.HoeffdingTree -s DistanceMeasure,SemiSupervisedStream -s generators.RandomTreeGenerator -t 0.95,1,168000.0,1.790368,6.71318357106712E-8,159481.0,168000.0,68.96309523809524,40.25353803356964,36.24737125250648,26.48083132411208,168000.0,211744.0
semisupervised.SelfTrainingClassifier -l trees.HoeffdingTree -s DistanceMeasure,SemiSupervisedStream -s generators.RandomTreeGenerator -t 0.95,1,169000.0,1.798906,6.759953304297392E-8,160432.0,169000.0,68.96923076923078,40.266002109912016,36.244605191173804,26.513739612964706,169000.0,211744.0
semisupervised.SelfTrainingClassifier -l trees.HoeffdingTree -s DistanceMeasure,SemiSupervisedStream -s generators.RandomTreeGenerator -t 0.95,1,170000.0,1.80712,6.80494821982251E-8,161380.0,170000.0,68.97823529411765,40.28486622369725,36.264865126172296,26.557299427632415,170000.0,211744.0
semisupervised.SelfTrainingClassifier -l trees.HoeffdingTree -s DistanceMeasure,SemiSupervisedStream -s generators.RandomTreeGenerator -t 0.95,1,171000.0,1.815811,6.85255606141355E-8,162326.0,171000.0,68.97426900584796,40.2841342202876,36.25232802643437,26.52105868177222,171000.0,211744.0
semisupervised.SelfTrainingClassifier -l trees.HoeffdingTree -s DistanceMeasure,SemiSupervisedStream -s generators.RandomTreeGenerator -t 0.95,1,172000.0,1.824162,6.898425879577793E-8,163280.0,172000.0,68.9796511627907,40.298695986061865,36.24838694259906,26.52243369047293,172000.0,212320.0
semisupervised.SelfTrainingClassifier -l trees.HoeffdingTree -s DistanceMeasure,SemiSupervisedStream -s generators.RandomTreeGenerator -t 0.95,1,173000.0,1.83244,6.943894728190367E-8,164232.0,173000.0,68.9849710982659,40.31245528745269,36.26872230998564,26.520774561091187,173000.0,212320.0
semisupervised.SelfTrainingClassifier -l trees.HoeffdingTree -s DistanceMeasure,SemiSupervisedStream -s generators.RandomTreeGenerator -t 0.95,1,174000.0,1.840653,6.989006549119947E-8,165177.0,174000.0,68.9867816091954,40.318547090565446,36.2862472844054,26.527972551635877,174000.0,212320.0
semisupervised.SelfTrainingClassifier -l trees.HoeffdingTree -s DistanceMeasure,SemiSupervisedStream -s generators.RandomTreeGenerator -t 0.95,1,175000.0,1.848822,7.033878380432723E-8,166122.0,175000.0,68.98857142857143,40.32257846716616,36.29234850797081,26.547019652428144,175000.0,212328.0
semisupervised.SelfTrainingClassifier -l trees.HoeffdingTree -s DistanceMeasure,SemiSupervisedStream -s generators.RandomTreeGenerator -t 0.95,1,176000.0,1.856846,7.077953735366461E-8,167072.0,176000.0,68.99147727272728,40.33150823072339,36.29327854691476,26.566557677040866,176000.0,212328.0
semisupervised.SelfTrainingClassifier -l trees.HoeffdingTree -s DistanceMeasure,SemiSupervisedStream -s generators.RandomTreeGenerator -t 0.95,1,177000.0,1.868253,7.140611708164212E-8,168029.0,177000.0,68.99774011299435,40.34342408570598,36.30338135091528,26.593894641089456,177000.0,212328.0
semisupervised.SelfTrainingClassifier -l trees.HoeffdingTree -s DistanceMeasure,SemiSupervisedStream -s generators.RandomTreeGenerator -t 0.95,1,178000.0,1.877392,7.190811691805717E-8,168976.0,178000.0,68.99887640449438,40.34992975169588,36.304453216981784,26.594301221166887,178000.0,212328.0
semisupervised.SelfTrainingClassifier -l trees.HoeffdingTree -s DistanceMeasure,SemiSupervisedStream -s generators.RandomTreeGenerator -t 0.95,1,179000.0,1.886144,7.238885907456275E-8,169931.0,179000.0,69.01899441340782,40.39017438774307,36.3518461132344,26.635798386029887,179000.0,212328.0
semisupervised.SelfTrainingClassifier -l trees.HoeffdingTree -s DistanceMeasure,SemiSupervisedStream -s generators.RandomTreeGenerator -t 0.95,1,180000.0,1.895147,7.288338851183649E-8,170881.0,180000.0,69.01666666666667,40.389546967483184,36.35014836795253,26.63097101811533,180000.0,212328.0
semisupervised.SelfTrainingClassifier -l trees.HoeffdingTree -s DistanceMeasure,SemiSupervisedStream -s generators.RandomTreeGenerator -t 0.95,1,181000.0,1.905107,7.342145677655931E-8,171817.0,181000.0,69.03259668508286,40.42151070989251,36.407574227657946,26.68184018103572,181000.0,208824.0
semisupervised.SelfTrainingClassifier -l trees.HoeffdingTree -s DistanceMeasure,SemiSupervisedStream -s generators.RandomTreeGenerator -t 0.95,1,182000.0,1.918438,7.417998627862992E-8,172765.0,182000.0,69.03571428571429,40.42978081795605,36.41758712894747,26.68886836388235,182000.0,219944.0
semisupervised.SelfTrainingClassifier -l trees.HoeffdingTree -s DistanceMeasure,SemiSupervisedStream -s generators.RandomTreeGenerator -t 0.95,1,183000.0,1.932872,7.501480844492709E-8,173706.0,183000.0,69.03661202185792,40.43611033177763,36.432986683718696,26.672619509796313,183000.0,223568.0
semisupervised.SelfTrainingClassifier -l trees.HoeffdingTree -s DistanceMeasure,SemiSupervisedStream -s generators.RandomTreeGenerator -t 0.95,1,184000.0,1.946328,7.580529136997125E-8,174657.0,184000.0,69.04945652173913,40.46411606588677,36.45432330197837,26.698073135884464,184000.0,227080.0
semisupervised.SelfTrainingClassifier -l trees.HoeffdingTree -s DistanceMeasure,SemiSupervisedStream -s generators.RandomTreeGenerator -t 0.95,1,185000.0,1.959542,7.658511303158265E-8,175605.0,185000.0,69.04648648648649,40.462952667097376,36.45382515480392,26.67392278634997,185000.0,228120.0
semisupervised.SelfTrainingClassifier -l trees.HoeffdingTree -s DistanceMeasure,SemiSupervisedStream -s generators.RandomTreeGenerator -t 0.95,1,186000.0,1.972486,7.735109023542862E-8,176558.0,186000.0,69.04193548387096,40.458392591187085,36.431780797721416,26.637788253280664,186000.0,228744.0
semisupervised.SelfTrainingClassifier -l trees.HoeffdingTree -s DistanceMeasure,SemiSupervisedStream -s generators.RandomTreeGenerator -t 0.95,1,187000.0,1.986342,7.817103616686326E-8,177510.0,187000.0,69.05989304812834,40.49374758555661,36.44771528998242,26.671060302653913,187000.0,228744.0
semisupervised.SelfTrainingClassifier -l trees.HoeffdingTree -s DistanceMeasure,SemiSupervisedStream -s generators.RandomTreeGenerator -t 0.95,1,188000.0,2.000199,7.899279066464962E-8,178469.0,188000.0,69.07234042553192,40.51909870094942,36.4789424810182,26.702468295388655,188000.0,229232.0
Learner,stream,randomSeed,learning evaluation instances,evaluation time (cpu seconds),model cost (RAM-Hours),Unlabeled instances,classified instances,classifications correct (percent),Kappa Statistic (percent),Kappa Temporal Statistic (percent),Kappa M Statistic (percent),model training instances,model serialized size (bytes)
semisupervised.SelfTrainingClassifier -l trees.HoeffdingTree -s DistanceMeasure,SemiSupervisedStream -s generators.RandomTreeGenerator -t 0.95,1,1000.0,0.102655,1.9433293181161086E-9,954.0,1000.0,61.6,16.29427792915531,20.166320166320162,-2.6737967914438525,1000.0,73368.0
semisupervised.SelfTrainingClassifier -l trees.HoeffdingTree -s DistanceMeasure,SemiSupervisedStream -s generators.RandomTreeGenerator -t 0.95,1,2000.0,0.122129,2.3134363753100235E-9,1902.0,2000.0,60.3,20.72264207271351,13.601741022850925,-2.0565552699228813,2000.0,73464.0
semisupervised.SelfTrainingClassifier -l trees.HoeffdingTree -s DistanceMeasure,SemiSupervisedStream -s generators.RandomTreeGenerator -t 0.95,1,3000.0,0.139427,2.6421881405015787E-9,2847.0,3000.0,60.06666666666667,21.626983694312983,14.367405289492504,-1.011804384485667,3000.0,73464.0
semisupervised.SelfTrainingClassifier -l trees.HoeffdingTree -s DistanceMeasure,SemiSupervisedStream -s generators.RandomTreeGenerator -t 0.95,1,4000.0,0.155156,2.9411207636197407E-9,3788.0,4000.0,60.525,23.352677195358435,15.83155650319828,1.6199376947040374,4000.0,73464.0
semisupervised.SelfTrainingClassifier -l trees.HoeffdingTree -s DistanceMeasure,SemiSupervisedStream -s generators.RandomTreeGenerator -t 0.95,1,5000.0,0.163483,3.099376975248257E-9,4753.0,5000.0,60.540000000000006,24.05144761867223,15.46700942587833,1.6450648055832628,5000.0,73464.0
semisupervised.SelfTrainingClassifier -l trees.HoeffdingTree -s DistanceMeasure,SemiSupervisedStream -s generators.RandomTreeGenerator -t 0.95,1,6000.0,0.173961,3.2985133491456505E-9,5705.0,6000.0,60.650000000000006,24.467610222583282,15.588130139435108,2.478314745972741,6000.0,73464.0
semisupervised.SelfTrainingClassifier -l trees.HoeffdingTree -s DistanceMeasure,SemiSupervisedStream -s generators.RandomTreeGenerator -t 0.95,1,7000.0,0.182396,3.4588221212228134E-9,6667.0,7000.0,60.55714285714286,24.40320896193758,16.257203518350003,3.224675779880822,7000.0,73464.0
semisupervised.SelfTrainingClassifier -l trees.HoeffdingTree -s DistanceMeasure,SemiSupervisedStream -s generators.RandomTreeGenerator -t 0.95,1,8000.0,0.191121,3.6246423982083793E-9,7624.0,8000.0,61.0375,25.384478200035186,17.452330508474574,4.357164774470706,8000.0,73464.0
semisupervised.SelfTrainingClassifier -l trees.HoeffdingTree -s DistanceMeasure,SemiSupervisedStream -s generators.RandomTreeGenerator -t 0.95,1,9000.0,0.229393,4.509949657238192E-9,8574.0,9000.0,60.95555555555555,25.284668813769724,17.29818780889621,4.821235102925245,9000.0,89416.0
semisupervised.SelfTrainingClassifier -l trees.HoeffdingTree -s DistanceMeasure,SemiSupervisedStream -s generators.RandomTreeGenerator -t 0.95,1,10000.0,0.242308,4.812842208064265E-9,9522.0,10000.0,61.480000000000004,25.89681019241281,18.802698145025307,5.934065934065932,10000.0,90656.0
semisupervised.SelfTrainingClassifier -l trees.HoeffdingTree -s DistanceMeasure,SemiSupervisedStream -s generators.RandomTreeGenerator -t 0.95,1,11000.0,0.255826,5.134548927760786E-9,10476.0,11000.0,61.86363636363637,26.17667926017274,19.6667943316737,7.456430619898518,11000.0,91992.0
semisupervised.SelfTrainingClassifier -l trees.HoeffdingTree -s DistanceMeasure,SemiSupervisedStream -s generators.RandomTreeGenerator -t 0.95,1,12000.0,0.266854,5.39708893539177E-9,11430.0,12000.0,62.43333333333333,27.18723967681665,21.05078809106829,9.295774647887319,12000.0,92024.0
semisupervised.SelfTrainingClassifier -l trees.HoeffdingTree -s DistanceMeasure,SemiSupervisedStream -s generators.RandomTreeGenerator -t 0.95,1,13000.0,0.276465,5.625934667057461E-9,12373.0,13000.0,62.80769230769231,27.890097878106907,21.852270890577014,9.693686963018312,13000.0,92040.0
semisupervised.SelfTrainingClassifier -l trees.HoeffdingTree -s DistanceMeasure,SemiSupervisedStream -s generators.RandomTreeGenerator -t 0.95,1,14000.0,0.286173,5.8571101393964556E-9,13313.0,14000.0,63.25714285714285,28.714285080775685,23.212419764143906,11.233822260569454,14000.0,92048.0
semisupervised.SelfTrainingClassifier -l trees.HoeffdingTree -s DistanceMeasure,SemiSupervisedStream -s generators.RandomTreeGenerator -t 0.95,1,15000.0,0.294468,6.054655174828238E-9,14266.0,15000.0,63.586666666666666,29.274502979224167,24.03337969401947,12.369645435584792,15000.0,92056.0
semisupervised.SelfTrainingClassifier -l trees.HoeffdingTree -s DistanceMeasure,SemiSupervisedStream -s generators.RandomTreeGenerator -t 0.95,1,16000.0,0.302721,6.251199982232518E-9,15224.0,16000.0,63.849999999999994,29.788489645896178,24.5105716523101,12.957110609480797,16000.0,92056.0
semisupervised.SelfTrainingClassifier -l trees.HoeffdingTree -s DistanceMeasure,SemiSupervisedStream -s generators.RandomTreeGenerator -t 0.95,1,17000.0,0.310446,6.435170494433907E-9,16171.0,17000.0,64.06470588235294,30.175919328320482,24.99693063228976,13.629294500212097,17000.0,92056.0
semisupervised.SelfTrainingClassifier -l trees.HoeffdingTree -s DistanceMeasure,SemiSupervisedStream -s generators.RandomTreeGenerator -t 0.95,1,18000.0,0.319623,6.6537203184432455E-9,17126.0,18000.0,64.31666666666666,30.63885517574862,25.564955383010773,14.222756410256418,18000.0,92056.0
semisupervised.SelfTrainingClassifier -l trees.HoeffdingTree -s DistanceMeasure,SemiSupervisedStream -s generators.RandomTreeGenerator -t 0.95,1,19000.0,0.326915,6.827378955980142E-9,18077.0,19000.0,64.61052631578947,31.205216901460265,26.174791392182694,15.20807061790669,19000.0,92056.0
semisupervised.SelfTrainingClassifier -l trees.HoeffdingTree -s DistanceMeasure,SemiSupervisedStream -s generators.RandomTreeGenerator -t 0.95,1,20000.0,0.334696,7.012683105551534E-9,19030.0,20000.0,64.835,31.656325519493063,26.57897484079757,15.691680652121795,20000.0,92056.0
semisupervised.SelfTrainingClassifier -l trees.HoeffdingTree -s DistanceMeasure,SemiSupervisedStream -s generators.RandomTreeGenerator -t 0.95,1,21000.0,0.342154,7.19029502529237E-9,19974.0,21000.0,65.06190476190477,32.073688363144534,27.096581875993646,16.263410180324126,21000.0,92056.0
semisupervised.SelfTrainingClassifier -l trees.HoeffdingTree -s DistanceMeasure,SemiSupervisedStream -s generators.RandomTreeGenerator -t 0.95,1,22000.0,0.347762,7.323849281917015E-9,20920.0,22000.0,65.13636363636364,32.25515149308257,27.118966172557958,16.17486338797814,22000.0,92056.0
semisupervised.SelfTrainingClassifier -l trees.HoeffdingTree -s DistanceMeasure,SemiSupervisedStream -s generators.RandomTreeGenerator -t 0.95,1,23000.0,0.353592,7.462690458115603E-9,21881.0,23000.0,65.21304347826087,32.44108460799361,27.36268724466637,16.254971739585518,23000.0,92056.0
semisupervised.SelfTrainingClassifier -l trees.HoeffdingTree -s DistanceMeasure,SemiSupervisedStream -s generators.RandomTreeGenerator -t 0.95,1,24000.0,0.359405,7.601126780112583E-9,22841.0,24000.0,65.20833333333333,32.4700157266011,27.454387489139886,16.097266881028936,24000.0,92056.0
semisupervised.SelfTrainingClassifier -l trees.HoeffdingTree -s DistanceMeasure,SemiSupervisedStream -s generators.RandomTreeGenerator -t 0.95,1,25000.0,0.36503,7.735085890938837E-9,23789.0,25000.0,65.49199999999999,33.01870442624326,27.994324346882554,16.896252769482707,25000.0,92056.0
semisupervised.SelfTrainingClassifier -l trees.HoeffdingTree -s DistanceMeasure,SemiSupervisedStream -s generators.RandomTreeGenerator -t 0.95,1,26000.0,0.370311,7.860852657920784E-9,24738.0,26000.0,65.60000000000001,33.231234255422635,28.247091857200168,17.292398742371013,26000.0,92056.0
semisupervised.SelfTrainingClassifier -l trees.HoeffdingTree -s DistanceMeasure,SemiSupervisedStream -s generators.RandomTreeGenerator -t 0.95,1,27000.0,0.37571,7.989429589360953E-9,25686.0,27000.0,65.74444444444445,33.52658625109304,28.689282960678497,17.77935816517026,27000.0,92056.0
semisupervised.SelfTrainingClassifier -l trees.HoeffdingTree -s DistanceMeasure,SemiSupervisedStream -s generators.RandomTreeGenerator -t 0.95,1,28000.0,0.382015,8.139582868251536E-9,26640.0,28000.0,65.75714285714285,33.572400177514396,28.877679697351827,17.68543956043957,28000.0,92056.0
semisupervised.SelfTrainingClassifier -l trees.HoeffdingTree -s DistanceMeasure,SemiSupervisedStream -s generators.RandomTreeGenerator -t 0.95,1,29000.0,0.387177,8.262515655822224E-9,27596.0,29000.0,65.92068965517241,33.898926371346526,29.225150386708677,18.098947542885565,29000.0,92056.0
semisupervised.SelfTrainingClassifier -l trees.HoeffdingTree -s DistanceMeasure,SemiSupervisedStream -s generators.RandomTreeGenerator -t 0.95,1,30000.0,0.392398,8.386853525622024E-9,28552.0,30000.0,66.10333333333334,34.25092124358231,29.757546452994415,18.569827033952603,30000.0,92056.0
semisupervised.SelfTrainingClassifier -l trees.HoeffdingTree -s DistanceMeasure,SemiSupervisedStream -s generators.RandomTreeGenerator -t 0.95,1,31000.0,0.398641,8.535530277424388E-9,29515.0,31000.0,66.14516129032259,34.33107019672627,29.766445827477757,18.719021065675356,31000.0,92056.0
semisupervised.SelfTrainingClassifier -l trees.HoeffdingTree -s DistanceMeasure,SemiSupervisedStream -s generators.RandomTreeGenerator -t 0.95,1,32000.0,0.404106,8.665678995764918E-9,30456.0,32000.0,66.196875,34.46000435322625,29.91901522513767,18.943424503559378,32000.0,92056.0
semisupervised.SelfTrainingClassifier -l trees.HoeffdingTree -s DistanceMeasure,SemiSupervisedStream -s generators.RandomTreeGenerator -t 0.95,1,33000.0,0.409581,8.796065863635805E-9,31395.0,33000.0,66.31515151515151,34.69919445286009,30.210949271722757,19.355774811375507,33000.0,92056.0
semisupervised.SelfTrainingClassifier -l trees.HoeffdingTree -s DistanceMeasure,SemiSupervisedStream -s generators.RandomTreeGenerator -t 0.95,1,34000.0,0.426318,9.256037024574147E-9,32344.0,34000.0,66.39117647058823,34.87915492137714,30.365630712979886,19.448752290991102,34000.0,106232.0
semisupervised.SelfTrainingClassifier -l trees.HoeffdingTree -s DistanceMeasure,SemiSupervisedStream -s generators.RandomTreeGenerator -t 0.95,1,35000.0,0.432809,9.438495042009486E-9,33285.0,35000.0,66.23142857142858,34.645876501986,30.102312378023544,19.08119950705191,35000.0,108656.0
semisupervised.SelfTrainingClassifier -l trees.HoeffdingTree -s DistanceMeasure,SemiSupervisedStream -s generators.RandomTreeGenerator -t 0.95,1,36000.0,0.438216,9.591467237720887E-9,34240.0,36000.0,66.19166666666668,34.60619745124343,29.963171826447248,19.07579787234044,36000.0,109360.0
semisupervised.SelfTrainingClassifier -l trees.HoeffdingTree -s DistanceMeasure,SemiSupervisedStream -s generators.RandomTreeGenerator -t 0.95,1,37000.0,0.444473,9.768539015203714E-9,35176.0,37000.0,66.2,34.65567207158554,30.016787912702853,19.133527319754293,37000.0,109392.0
semisupervised.SelfTrainingClassifier -l trees.HoeffdingTree -s DistanceMeasure,SemiSupervisedStream -s generators.RandomTreeGenerator -t 0.95,1,38000.0,0.450904,9.952371685455241E-9,36132.0,38000.0,66.20263157894738,34.70418203796624,30.041398845190102,19.073724007561445,38000.0,110496.0
semisupervised.SelfTrainingClassifier -l trees.HoeffdingTree -s DistanceMeasure,SemiSupervisedStream -s generators.RandomTreeGenerator -t 0.95,1,39000.0,0.456105,1.0101044320811826E-8,37081.0,39000.0,66.18717948717948,34.72346946981585,30.068409609163695,19.013695265000283,39000.0,110496.0
semisupervised.SelfTrainingClassifier -l trees.HoeffdingTree -s DistanceMeasure,SemiSupervisedStream -s generators.RandomTreeGenerator -t 0.95,1,40000.0,0.461392,1.0252175300071635E-8,38031.0,40000.0,66.1425,34.682694117831524,30.01395276729885,19.00119617224882,40000.0,110496.0
semisupervised.SelfTrainingClassifier -l trees.HoeffdingTree -s DistanceMeasure,SemiSupervisedStream -s generators.RandomTreeGenerator -t 0.95,1,41000.0,0.467083,1.041485477859775E-8,38985.0,41000.0,66.10243902439025,34.653485421146264,29.949596774193555,18.85327261049806,41000.0,110496.0
semisupervised.SelfTrainingClassifier -l trees.HoeffdingTree -s DistanceMeasure,SemiSupervisedStream -s generators.RandomTreeGenerator -t 0.95,1,42000.0,0.473031,1.0584893013454143E-8,39932.0,42000.0,66.09047619047618,34.67747158303366,29.921763519165477,18.80736560059288,42000.0,110504.0
semisupervised.SelfTrainingClassifier -l trees.HoeffdingTree -s DistanceMeasure,SemiSupervisedStream -s generators.RandomTreeGenerator -t 0.95,1,43000.0,0.478892,1.0752444138957391E-8,40887.0,43000.0,66.09302325581396,34.72257542273625,29.897105490912594,18.815078790578546,43000.0,110504.0
semisupervised.SelfTrainingClassifier -l trees.HoeffdingTree -s DistanceMeasure,SemiSupervisedStream -s generators.RandomTreeGenerator -t 0.95,1,44000.0,0.484544,1.0914020484520327E-8,41836.0,44000.0,66.07954545454545,34.73671193541133,29.85383277717723,18.757824832616627,44000.0,110504.0
semisupervised.SelfTrainingClassifier -l trees.HoeffdingTree -s DistanceMeasure,SemiSupervisedStream -s generators.RandomTreeGenerator -t 0.95,1,45000.0,0.490794,1.1092705068488913E-8,42784.0,45000.0,66.05111111111111,34.7169573449935,29.789971965623437,18.670144804088604,45000.0,110512.0
semisupervised.SelfTrainingClassifier -l trees.HoeffdingTree -s DistanceMeasure,SemiSupervisedStream -s generators.RandomTreeGenerator -t 0.95,1,46000.0,0.497807,1.1293203466468384E-8,43741.0,46000.0,66.05434782608695,34.75553010034077,29.74128233970753,18.663402437753934,46000.0,110512.0
semisupervised.SelfTrainingClassifier -l trees.HoeffdingTree -s DistanceMeasure,SemiSupervisedStream -s generators.RandomTreeGenerator -t 0.95,1,47000.0,0.503627,1.1459594551059931E-8,44696.0,47000.0,66.01702127659574,34.7300656207145,29.554977285758397,18.514361512167735,47000.0,110512.0
semisupervised.SelfTrainingClassifier -l trees.HoeffdingTree -s DistanceMeasure,SemiSupervisedStream -s generators.RandomTreeGenerator -t 0.95,1,48000.0,0.509656,1.1631960848139389E-8,45650.0,48000.0,66.03541666666666,34.78960417573728,29.57667386609072,18.663939333466374,48000.0,110512.0
semisupervised.SelfTrainingClassifier -l trees.HoeffdingTree -s DistanceMeasure,SemiSupervisedStream -s generators.RandomTreeGenerator -t 0.95,1,49000.0,0.515958,1.1812132087846594E-8,46613.0,49000.0,65.97755102040817,34.72051836894525,29.542284772410305,18.50711247983575,49000.0,110512.0
semisupervised.SelfTrainingClassifier -l trees.HoeffdingTree -s DistanceMeasure,SemiSupervisedStream -s generators.RandomTreeGenerator -t 0.95,1,50000.0,0.522405,1.199644880990187E-8,47553.0,50000.0,65.97800000000001,34.744801499524655,29.584402682341267,18.59207503828484,50000.0,110512.0
semisupervised.SelfTrainingClassifier -l trees.HoeffdingTree -s DistanceMeasure,SemiSupervisedStream -s generators.RandomTreeGenerator -t 0.95,1,51000.0,0.530748,1.2234971287349857E-8,48509.0,51000.0,65.97254901960784,34.75658984582559,29.598377281947247,18.712820272612284,51000.0,110512.0
semisupervised.SelfTrainingClassifier -l trees.HoeffdingTree -s DistanceMeasure,SemiSupervisedStream -s generators.RandomTreeGenerator -t 0.95,1,52000.0,0.538169,1.2447134214970798E-8,49458.0,52000.0,65.90961538461538,34.67476030921424,29.444776119402977,18.58638743455497,52000.0,110512.0
semisupervised.SelfTrainingClassifier -l trees.HoeffdingTree -s DistanceMeasure,SemiSupervisedStream -s generators.RandomTreeGenerator -t 0.95,1,53000.0,0.546046,1.2672333969838086E-8,50403.0,53000.0,65.93018867924528,34.73177318368955,29.547405384315255,18.724400234055004,53000.0,110512.0
semisupervised.SelfTrainingClassifier -l trees.HoeffdingTree -s DistanceMeasure,SemiSupervisedStream -s generators.RandomTreeGenerator -t 0.95,1,54000.0,0.552146,1.2846730123791427E-8,51348.0,54000.0,65.91296296296296,34.73281051502751,29.43724603235452,18.704178076141677,54000.0,110512.0
semisupervised.SelfTrainingClassifier -l trees.HoeffdingTree -s DistanceMeasure,SemiSupervisedStream -s generators.RandomTreeGenerator -t 0.95,1,55000.0,0.559135,1.304654237296846E-8,52295.0,55000.0,65.93636363636364,34.78872144431702,29.43768596286393,18.83285677151028,55000.0,110512.0
semisupervised.SelfTrainingClassifier -l trees.HoeffdingTree -s DistanceMeasure,SemiSupervisedStream -s generators.RandomTreeGenerator -t 0.95,1,56000.0,0.565941,1.3241122737526892E-8,53248.0,56000.0,65.91607142857143,34.77816919603377,29.435468963732497,18.78217948172419,56000.0,110512.0
semisupervised.SelfTrainingClassifier -l trees.HoeffdingTree -s DistanceMeasure,SemiSupervisedStream -s generators.RandomTreeGenerator -t 0.95,1,57000.0,0.571719,1.3406325019896028E-8,54197.0,57000.0,65.86140350877193,34.70091495076569,29.37611149421116,18.71083632717855,57000.0,110520.0
semisupervised.SelfTrainingClassifier -l trees.HoeffdingTree -s DistanceMeasure,SemiSupervisedStream -s generators.RandomTreeGenerator -t 0.95,1,58000.0,0.578395,1.359720256179571E-8,55167.0,58000.0,65.83965517241379,34.68244366983872,29.38304166518158,18.685873758515967,58000.0,110520.0
semisupervised.SelfTrainingClassifier -l trees.HoeffdingTree -s DistanceMeasure,SemiSupervisedStream -s generators.RandomTreeGenerator -t 0.95,1,59000.0,0.586633,1.3832620841761428E-8,56111.0,59000.0,65.81694915254236,34.677427638084275,29.314453946446083,18.598643848886013,59000.0,110464.0
semisupervised.SelfTrainingClassifier -l trees.HoeffdingTree -s DistanceMeasure,SemiSupervisedStream -s generators.RandomTreeGenerator -t 0.95,1,60000.0,0.598139,1.420850720670488E-8,57080.0,60000.0,65.795,34.666918945378725,29.26762019645012,18.56598682644236,60000.0,126280.0
semisupervised.SelfTrainingClassifier -l trees.HoeffdingTree -s DistanceMeasure,SemiSupervisedStream -s generators.RandomTreeGenerator -t 0.95,1,61000.0,0.604786,1.4425793797191644E-8,58036.0,61000.0,65.74426229508197,34.59913954350567,29.130066135323045,18.448269133200643,61000.0,126360.0
semisupervised.SelfTrainingClassifier -l trees.HoeffdingTree -s DistanceMeasure,SemiSupervisedStream -s generators.RandomTreeGenerator -t 0.95,1,62000.0,0.611327,1.4639669458071389E-8,59001.0,62000.0,65.6983870967742,34.53541389568184,29.07217182497331,18.382776221360864,62000.0,126392.0
semisupervised.SelfTrainingClassifier -l trees.HoeffdingTree -s DistanceMeasure,SemiSupervisedStream -s generators.RandomTreeGenerator -t 0.95,1,63000.0,0.617836,1.4852512263589433E-8,59954.0,63000.0,65.66984126984127,34.5093023476932,29.030352748154208,18.298579631308552,63000.0,126400.0
semisupervised.SelfTrainingClassifier -l trees.HoeffdingTree -s DistanceMeasure,SemiSupervisedStream -s generators.RandomTreeGenerator -t 0.95,1,64000.0,0.624428,1.506815100709597E-8,60911.0,64000.0,65.6953125,34.57312737228988,29.15456598902873,18.40110012636587,64000.0,126448.0
semisupervised.SelfTrainingClassifier -l trees.HoeffdingTree -s DistanceMeasure,SemiSupervisedStream -s generators.RandomTreeGenerator -t 0.95,1,65000.0,0.630865,1.5278772649665672E-8,61869.0,65000.0,65.63230769230769,34.490267478001684,29.028466132926674,18.19912849243839,65000.0,126480.0
semisupervised.SelfTrainingClassifier -l trees.HoeffdingTree -s DistanceMeasure,SemiSupervisedStream -s generators.RandomTreeGenerator -t 0.95,1,66000.0,0.637494,1.54956766217947E-8,62815.0,66000.0,65.63636363636364,34.50983005797037,29.065148719231853,18.264379414732606,66000.0,126480.0
semisupervised.SelfTrainingClassifier -l trees.HoeffdingTree -s DistanceMeasure,SemiSupervisedStream -s generators.RandomTreeGenerator -t 0.95,1,67000.0,0.644054,1.571124609145853E-8,63762.0,67000.0,65.63283582089552,34.51269224890583,29.063462723351808,18.32434733257661,67000.0,127024.0
semisupervised.SelfTrainingClassifier -l trees.HoeffdingTree -s DistanceMeasure,SemiSupervisedStream -s generators.RandomTreeGenerator -t 0.95,1,68000.0,0.656311,1.6160650650660196E-8,64700.0,68000.0,65.63235294117648,34.52319073127633,29.095873786407783,18.383739610253556,68000.0,141728.0
semisupervised.SelfTrainingClassifier -l trees.HoeffdingTree -s DistanceMeasure,SemiSupervisedStream -s generators.RandomTreeGenerator -t 0.95,1,69000.0,0.66321,1.641787260149916E-8,65650.0,69000.0,65.60579710144927,34.49268460480357,29.071400818912696,18.345719790806495,69000.0,144120.0
semisupervised.SelfTrainingClassifier -l trees.HoeffdingTree -s DistanceMeasure,SemiSupervisedStream -s generators.RandomTreeGenerator -t 0.95,1,70000.0,0.670071,1.6673734560608864E-8,66604.0,70000.0,65.63428571428571,34.54890726522093,29.16163609057982,18.465292841648576,70000.0,144152.0
semisupervised.SelfTrainingClassifier -l trees.HoeffdingTree -s DistanceMeasure,SemiSupervisedStream -s generators.RandomTreeGenerator -t 0.95,1,71000.0,0.676853,1.6926664469970598E-8,67555.0,71000.0,65.65915492957747,34.58644305296241,29.24960826417503,18.601856179475213,71000.0,144160.0
semisupervised.SelfTrainingClassifier -l trees.HoeffdingTree -s DistanceMeasure,SemiSupervisedStream -s generators.RandomTreeGenerator -t 0.95,1,72000.0,0.684117,1.719779573380947E-8,68505.0,72000.0,65.62361111111112,34.543960885768406,29.20194508009153,18.450792395637716,72000.0,144280.0
semisupervised.SelfTrainingClassifier -l trees.HoeffdingTree -s DistanceMeasure,SemiSupervisedStream -s generators.RandomTreeGenerator -t 0.95,1,73000.0,0.691168,1.7462129530807337E-8,69445.0,73000.0,65.63287671232877,34.571564409569866,29.211929685956946,18.439531859557867,73000.0,144912.0
semisupervised.SelfTrainingClassifier -l trees.HoeffdingTree -s DistanceMeasure,SemiSupervisedStream -s generators.RandomTreeGenerator -t 0.95,1,74000.0,0.698212,1.7726244640847047E-8,70400.0,74000.0,65.6554054054054,34.622167192211236,29.290821578610583,18.489416292495203,74000.0,144936.0
semisupervised.SelfTrainingClassifier -l trees.HoeffdingTree -s DistanceMeasure,SemiSupervisedStream -s generators.RandomTreeGenerator -t 0.95,1,75000.0,0.705693,1.8006760569082365E-8,71367.0,75000.0,65.65466666666666,34.63347393433961,29.26266648359192,18.486756748204154,75000.0,144944.0
semisupervised.SelfTrainingClassifier -l trees.HoeffdingTree -s DistanceMeasure,SemiSupervisedStream -s generators.RandomTreeGenerator -t 0.95,1,76000.0,0.713994,1.831807567220595E-8,72303.0,76000.0,65.65394736842106,34.63701704610116,29.344413165872663,18.55792330972512,76000.0,144968.0
semisupervised.SelfTrainingClassifier -l trees.HoeffdingTree -s DistanceMeasure,SemiSupervisedStream -s generators.RandomTreeGenerator -t 0.95,1,77000.0,0.721519,1.8600319342480762E-8,73249.0,77000.0,65.61168831168831,34.582776255045786,29.261060055567416,18.410673568743444,77000.0,144984.0
semisupervised.SelfTrainingClassifier -l trees.HoeffdingTree -s DistanceMeasure,SemiSupervisedStream -s generators.RandomTreeGenerator -t 0.95,1,78000.0,0.728758,1.8871850859787725E-8,74206.0,78000.0,65.60128205128206,34.5719418492726,29.162816484938087,18.404646777970378,78000.0,144992.0
semisupervised.SelfTrainingClassifier -l trees.HoeffdingTree -s DistanceMeasure,SemiSupervisedStream -s generators.RandomTreeGenerator -t 0.95,1,79000.0,0.735953,1.914173195759455E-8,75150.0,79000.0,65.6139240506329,34.61065944653366,29.198811509591316,18.398918594172418,79000.0,144992.0
semisupervised.SelfTrainingClassifier -l trees.HoeffdingTree -s DistanceMeasure,SemiSupervisedStream -s generators.RandomTreeGenerator -t 0.95,1,80000.0,0.742877,1.940144797166188E-8,76098.0,80000.0,65.60249999999999,34.599878492263876,29.1667739195346,18.38296357812314,80000.0,144992.0
semisupervised.SelfTrainingClassifier -l trees.HoeffdingTree -s DistanceMeasure,SemiSupervisedStream -s generators.RandomTreeGenerator -t 0.95,1,81000.0,0.749919,1.9665604684915803E-8,77040.0,81000.0,65.59753086419752,34.599768210261686,29.133818218808806,18.391612487553445,81000.0,145000.0
semisupervised.SelfTrainingClassifier -l trees.HoeffdingTree -s DistanceMeasure,SemiSupervisedStream -s generators.RandomTreeGenerator -t 0.95,1,82000.0,0.756488,1.991204560009969E-8,78003.0,82000.0,65.6109756097561,34.62748003042109,29.233587633005413,18.46465230591296,82000.0,145016.0
semisupervised.SelfTrainingClassifier -l trees.HoeffdingTree -s DistanceMeasure,SemiSupervisedStream -s generators.RandomTreeGenerator -t 0.95,1,83000.0,0.763346,2.0169356951696998E-8,78952.0,83000.0,65.63253012048193,34.671504980605874,29.29555819948442,18.51629674065187,83000.0,145032.0
semisupervised.SelfTrainingClassifier -l trees.HoeffdingTree -s DistanceMeasure,SemiSupervisedStream -s generators.RandomTreeGenerator -t 0.95,1,84000.0,0.770196,2.0426382321036518E-8,79902.0,84000.0,65.62738095238096,34.67354574791446,29.29003502069405,18.50001411352922,84000.0,145040.0
semisupervised.SelfTrainingClassifier -l trees.HoeffdingTree -s DistanceMeasure,SemiSupervisedStream -s generators.RandomTreeGenerator -t 0.95,1,85000.0,0.777914,2.0715992717693242E-8,80846.0,85000.0,65.62,34.670744692950976,29.25754678157302,18.485355648535563,85000.0,145048.0
semisupervised.SelfTrainingClassifier -l trees.HoeffdingTree -s DistanceMeasure,SemiSupervisedStream -s generators.RandomTreeGenerator -t 0.95,1,86000.0,0.784624,2.0967792787899565E-8,81809.0,86000.0,65.59302325581396,34.64520192387715,29.12405087547007,18.345383299299083,86000.0,145056.0
semisupervised.SelfTrainingClassifier -l trees.HoeffdingTree -s DistanceMeasure,SemiSupervisedStream -s generators.RandomTreeGenerator -t 0.95,1,87000.0,0.791733,2.1234565768390886E-8,82744.0,87000.0,65.5919540229885,34.658098465408465,29.10262179380907,18.326421477681993,87000.0,145056.0
semisupervised.SelfTrainingClassifier -l trees.HoeffdingTree -s DistanceMeasure,SemiSupervisedStream -s generators.RandomTreeGenerator -t 0.95,1,88000.0,0.798657,2.1494396422058337E-8,83692.0,88000.0,65.57613636363637,34.64371556189427,29.054544602918092,18.277220243876105,88000.0,145056.0
semisupervised.SelfTrainingClassifier -l trees.HoeffdingTree -s DistanceMeasure,SemiSupervisedStream -s generators.RandomTreeGenerator -t 0.95,1,89000.0,0.805539,2.1752650979906315E-8,84648.0,89000.0,65.57191011235956,34.643416501826216,29.05862196703094,18.290666666666684,89000.0,145056.0
semisupervised.SelfTrainingClassifier -l trees.HoeffdingTree -s DistanceMeasure,SemiSupervisedStream -s generators.RandomTreeGenerator -t 0.95,1,90000.0,0.812507,2.2014132781575118E-8,85598.0,90000.0,65.59555555555555,34.69474338516693,29.119835183701486,18.343881856540076,90000.0,145056.0
semisupervised.SelfTrainingClassifier -l trees.HoeffdingTree -s DistanceMeasure,SemiSupervisedStream -s generators.RandomTreeGenerator -t 0.95,1,91000.0,0.819553,2.2278556200779143E-8,86536.0,91000.0,65.58681318681319,34.687058492549816,29.106014986530226,18.318161663058497,91000.0,145064.0
semisupervised.SelfTrainingClassifier -l trees.HoeffdingTree -s DistanceMeasure,SemiSupervisedStream -s generators.RandomTreeGenerator -t 0.95,1,92000.0,0.826341,2.2533297354562413E-8,87494.0,92000.0,65.57173913043478,34.669542729396056,29.120325821827375,18.275408313336946,92000.0,145064.0
semisupervised.SelfTrainingClassifier -l trees.HoeffdingTree -s DistanceMeasure,SemiSupervisedStream -s generators.RandomTreeGenerator -t 0.95,1,93000.0,0.83334,2.2795956950220794E-8,88431.0,93000.0,65.58064516129032,34.690570053607075,29.121828085558644,18.335586907161254,93000.0,145064.0
semisupervised.SelfTrainingClassifier -l trees.HoeffdingTree -s DistanceMeasure,SemiSupervisedStream -s generators.RandomTreeGenerator -t 0.95,1,94000.0,0.840191,2.3053062378118434E-8,89372.0,94000.0,65.59255319148937,34.71875168826632,29.19193467171663,18.362865364228398,94000.0,145064.0
semisupervised.SelfTrainingClassifier -l trees.HoeffdingTree -s DistanceMeasure,SemiSupervisedStream -s generators.RandomTreeGenerator -t 0.95,1,95000.0,0.849907,2.3435300847308502E-8,90321.0,95000.0,65.58736842105263,34.72543699618994,29.13378999393046,18.30880331842373,95000.0,152072.0
semisupervised.SelfTrainingClassifier -l trees.HoeffdingTree -s DistanceMeasure,SemiSupervisedStream -s generators.RandomTreeGenerator -t 0.95,1,96000.0,0.860327,2.3867749640097218E-8,91272.0,96000.0,65.57083333333334,34.70871221649703,29.095784618684977,18.24680303742363,96000.0,160424.0
semisupervised.SelfTrainingClassifier -l trees.HoeffdingTree -s DistanceMeasure,SemiSupervisedStream -s generators.RandomTreeGenerator -t 0.95,1,97000.0,0.867516,2.416610610567861E-8,92221.0,97000.0,65.56082474226804,34.69698648981083,29.04418011894648,18.252783555609945,97000.0,160424.0
semisupervised.SelfTrainingClassifier -l trees.HoeffdingTree -s DistanceMeasure,SemiSupervisedStream -s generators.RandomTreeGenerator -t 0.95,1,98000.0,0.874533,2.4457338783476085E-8,93170.0,98000.0,65.5326530612245,34.64987196622745,29.002017824112997,18.230893994044877,98000.0,160432.0
semisupervised.SelfTrainingClassifier -l trees.HoeffdingTree -s DistanceMeasure,SemiSupervisedStream -s generators.RandomTreeGenerator -t 0.95,1,99000.0,0.881822,2.4759875600122742E-8,94118.0,99000.0,65.54747474747474,34.684475647298854,29.06137559534951,18.259160735255335,99000.0,160440.0
semisupervised.SelfTrainingClassifier -l trees.HoeffdingTree -s DistanceMeasure,SemiSupervisedStream -s generators.RandomTreeGenerator -t 0.95,1,100000.0,0.888564,2.503970866608951E-8,95081.0,100000.0,65.58,34.74091066332016,29.095253790375747,18.401213787871608,100000.0,160440.0
semisupervised.SelfTrainingClassifier -l trees.HoeffdingTree -s DistanceMeasure,SemiSupervisedStream -s generators.RandomTreeGenerator -t 0.95,1,101000.0,0.896176,2.535565190224184E-8,96033.0,101000.0,65.58217821782179,34.752867904710335,29.10344264969816,18.40863748386341,101000.0,160440.0
semisupervised.SelfTrainingClassifier -l trees.HoeffdingTree -s DistanceMeasure,SemiSupervisedStream -s generators.RandomTreeGenerator -t 0.95,1,102000.0,0.903321,2.565333570043246E-8,96981.0,102000.0,65.57352941176471,34.74394098385684,29.103573591762572,18.40552095919696,102000.0,161048.0
semisupervised.SelfTrainingClassifier -l trees.HoeffdingTree -s DistanceMeasure,SemiSupervisedStream -s generators.RandomTreeGenerator -t 0.95,1,103000.0,0.910838,2.5967622784276806E-8,97921.0,103000.0,65.57669902912622,34.74965305093114,29.17157753850457,18.475086799567748,103000.0,161616.0
semisupervised.SelfTrainingClassifier -l trees.HoeffdingTree -s DistanceMeasure,SemiSupervisedStream -s generators.RandomTreeGenerator -t 0.95,1,104000.0,0.917866,2.6261464692652228E-8,98877.0,104000.0,65.57403846153846,34.75978200230917,29.14085538425002,18.410737887972292,104000.0,161616.0
semisupervised.SelfTrainingClassifier -l trees.HoeffdingTree -s DistanceMeasure,SemiSupervisedStream -s generators.RandomTreeGenerator -t 0.95,1,105000.0,0.924991,2.6559362187981608E-8,99822.0,105000.0,65.57523809523809,34.77069387658793,29.119930974978438,18.417370107886068,105000.0,161616.0
semisupervised.SelfTrainingClassifier -l trees.HoeffdingTree -s DistanceMeasure,SemiSupervisedStream -s generators.RandomTreeGenerator -t 0.95,1,106000.0,0.932092,2.6856256239116195E-8,100771.0,106000.0,65.57358490566038,34.77908785487214,29.126609567091993,18.386151678482758,106000.0,161616.0
semisupervised.SelfTrainingClassifier -l trees.HoeffdingTree -s DistanceMeasure,SemiSupervisedStream -s generators.RandomTreeGenerator -t 0.95,1,107000.0,0.93939,2.7161417102648156E-8,101723.0,107000.0,65.56448598130841,34.767723604493185,29.136856681283163,18.3775641309645,107000.0,161632.0
semisupervised.SelfTrainingClassifier -l trees.HoeffdingTree -s DistanceMeasure,SemiSupervisedStream -s generators.RandomTreeGenerator -t 0.95,1,108000.0,0.946435,2.7455998944739505E-8,102672.0,108000.0,65.58703703703704,34.81451325739122,29.146887808597832,18.41510262320271,108000.0,161632.0
semisupervised.SelfTrainingClassifier -l trees.HoeffdingTree -s DistanceMeasure,SemiSupervisedStream -s generators.RandomTreeGenerator -t 0.95,1,109000.0,0.953837,2.7765554454591544E-8,103608.0,109000.0,65.60091743119266,34.843333788479526,29.197273259436912,18.458995715808012,109000.0,161656.0
semisupervised.SelfTrainingClassifier -l trees.HoeffdingTree -s DistanceMeasure,SemiSupervisedStream -s generators.RandomTreeGenerator -t 0.95,1,110000.0,0.960708,2.8052917487091494E-8,104564.0,110000.0,65.61818181818182,34.87842522518865,29.205196361049758,18.519476042743875,110000.0,161664.0
semisupervised.SelfTrainingClassifier -l trees.HoeffdingTree -s DistanceMeasure,SemiSupervisedStream -s generators.RandomTreeGenerator -t 0.95,1,111000.0,0.967832,2.8350861635473044E-8,105509.0,111000.0,65.65135135135135,34.94620490800783,29.23982034816821,18.57554725040042,111000.0,161664.0
semisupervised.SelfTrainingClassifier -l trees.HoeffdingTree -s DistanceMeasure,SemiSupervisedStream -s generators.RandomTreeGenerator -t 0.95,1,112000.0,0.975099,2.8654786414570282E-8,106457.0,112000.0,65.65714285714286,34.95500004906495,29.25640506887863,18.613656080066026,112000.0,161664.0
semisupervised.SelfTrainingClassifier -l trees.HoeffdingTree -s DistanceMeasure,SemiSupervisedStream -s generators.RandomTreeGenerator -t 0.95,1,113000.0,0.982028,2.894457515743044E-8,107409.0,113000.0,65.67256637168141,34.9886321447309,29.286300246103362,18.653664674425936,113000.0,161664.0
semisupervised.SelfTrainingClassifier -l trees.HoeffdingTree -s DistanceMeasure,SemiSupervisedStream -s generators.RandomTreeGenerator -t 0.95,1,114000.0,0.989347,2.9250674711333382E-8,108349.0,114000.0,65.67105263157896,34.99357119161336,29.29539295392955,18.628103297708673,114000.0,161664.0
semisupervised.SelfTrainingClassifier -l trees.HoeffdingTree -s DistanceMeasure,SemiSupervisedStream -s generators.RandomTreeGenerator -t 0.95,1,115000.0,0.996212,2.9537786808278828E-8,109308.0,115000.0,65.66869565217391,34.99847482642055,29.232837426062012,18.589161992741683,115000.0,161664.0
semisupervised.SelfTrainingClassifier -l trees.HoeffdingTree -s DistanceMeasure,SemiSupervisedStream -s generators.RandomTreeGenerator -t 0.95,1,116000.0,1.003399,2.983836577998267E-8,110261.0,116000.0,65.66810344827586,35.00450765975753,29.246540053653604,18.56827383143172,116000.0,161664.0
semisupervised.SelfTrainingClassifier -l trees.HoeffdingTree -s DistanceMeasure,SemiSupervisedStream -s generators.RandomTreeGenerator -t 0.95,1,117000.0,1.014583,3.032661742634243E-8,111212.0,117000.0,65.6974358974359,35.059663410610305,29.326618299640767,18.65169450299983,117000.0,168752.0
semisupervised.SelfTrainingClassifier -l trees.HoeffdingTree -s DistanceMeasure,SemiSupervisedStream -s generators.RandomTreeGenerator -t 0.95,1,118000.0,1.02532,3.081937600961989E-8,112160.0,118000.0,65.72203389830509,35.10220855136076,29.39656827663252,18.720360099670447,118000.0,177400.0
semisupervised.SelfTrainingClassifier -l trees.HoeffdingTree -s DistanceMeasure,SemiSupervisedStream -s generators.RandomTreeGenerator -t 0.95,1,119000.0,1.034269,3.1231688321050664E-8,113109.0,119000.0,65.75462184873949,35.15270434883347,29.482609448001373,18.796453123443253,119000.0,178096.0
semisupervised.SelfTrainingClassifier -l trees.HoeffdingTree -s DistanceMeasure,SemiSupervisedStream -s generators.RandomTreeGenerator -t 0.95,1,120000.0,1.045576,3.1754163160092294E-8,114050.0,120000.0,65.81666666666666,35.247019602268914,29.586652018676197,18.98244158716992,120000.0,178616.0
semisupervised.SelfTrainingClassifier -l trees.HoeffdingTree -s DistanceMeasure,SemiSupervisedStream -s generators.RandomTreeGenerator -t 0.95,1,121000.0,1.055407,3.2208556940572124E-8,114990.0,121000.0,65.86363636363637,35.32317479327124,29.696010348583897,19.07803224732091,121000.0,178664.0
semisupervised.SelfTrainingClassifier -l trees.HoeffdingTree -s DistanceMeasure,SemiSupervisedStream -s generators.RandomTreeGenerator -t 0.95,1,122000.0,1.065299,3.26568031994005E-8,115937.0,122000.0,65.91147540983606,35.398749201690265,29.799804192971198,19.20267329810381,122000.0,175160.0
semisupervised.SelfTrainingClassifier -l trees.HoeffdingTree -s DistanceMeasure,SemiSupervisedStream -s generators.RandomTreeGenerator -t 0.95,1,123000.0,1.076923,3.321576984599232E-8,116891.0,123000.0,65.95447154471545,35.46768053742287,29.858296204482244,19.28918356333358,123000.0,185880.0
semisupervised.SelfTrainingClassifier -l trees.HoeffdingTree -s DistanceMeasure,SemiSupervisedStream -s generators.RandomTreeGenerator -t 0.95,1,124000.0,1.087084,3.3713721781969065E-8,117827.0,124000.0,65.99274193548386,35.529859172231774,29.927383306469018,19.377103089629845,124000.0,189432.0
semisupervised.SelfTrainingClassifier -l trees.HoeffdingTree -s DistanceMeasure,SemiSupervisedStream -s generators.RandomTreeGenerator -t 0.95,1,125000.0,1.098985,3.433115608990192E-8,118785.0,125000.0,66.0168,35.56606673970062,29.96389296489868,19.423737172556383,125000.0,200544.0
semisupervised.SelfTrainingClassifier -l trees.HoeffdingTree -s DistanceMeasure,SemiSupervisedStream -s generators.RandomTreeGenerator -t 0.95,1,126000.0,1.108075,3.4813815131783484E-8,119740.0,126000.0,66.04206349206349,35.607687467209566,30.0317242281528,19.488559385819677,126000.0,205248.0
semisupervised.SelfTrainingClassifier -l trees.HoeffdingTree -s DistanceMeasure,SemiSupervisedStream -s generators.RandomTreeGenerator -t 0.95,1,127000.0,1.116436,3.526015382260084E-8,120697.0,127000.0,66.06771653543308,35.64457378337074,30.106881619280863,19.5617277037369,127000.0,206352.0
semisupervised.SelfTrainingClassifier -l trees.HoeffdingTree -s DistanceMeasure,SemiSupervisedStream -s generators.RandomTreeGenerator -t 0.95,1,128000.0,1.128729,3.592787027152048E-8,121643.0,128000.0,66.10703125,35.70874986313479,30.191806391400906,19.655159641454922,128000.0,209960.0
semisupervised.SelfTrainingClassifier -l trees.HoeffdingTree -s DistanceMeasure,SemiSupervisedStream -s generators.RandomTreeGenerator -t 0.95,1,129000.0,1.139686,3.652315553277731E-8,122583.0,129000.0,66.12790697674419,35.74327242651008,30.224202356999143,19.6856906534326,129000.0,210008.0
semisupervised.SelfTrainingClassifier -l trees.HoeffdingTree -s DistanceMeasure,SemiSupervisedStream -s generators.RandomTreeGenerator -t 0.95,1,130000.0,1.148186,3.6986273274653486E-8,123529.0,130000.0,66.16384615384615,35.79625102103913,30.30216602494018,19.790299051787013,130000.0,210608.0
semisupervised.SelfTrainingClassifier -l trees.HoeffdingTree -s DistanceMeasure,SemiSupervisedStream -s generators.RandomTreeGenerator -t 0.95,1,131000.0,1.156592,3.7444269479148913E-8,124493.0,131000.0,66.21526717557252,35.88356828867077,30.428358091645062,19.9298042479285,131000.0,210608.0
semisupervised.SelfTrainingClassifier -l trees.HoeffdingTree -s DistanceMeasure,SemiSupervisedStream -s generators.RandomTreeGenerator -t 0.95,1,132000.0,1.164978,3.790235618336333E-8,125445.0,132000.0,66.24545454545454,35.93438971252459,30.510457118794733,19.989943973567,132000.0,211152.0
semisupervised.SelfTrainingClassifier -l trees.HoeffdingTree -s DistanceMeasure,SemiSupervisedStream -s generators.RandomTreeGenerator -t 0.95,1,133000.0,1.173257,3.835463226255443E-8,126392.0,133000.0,66.28195488721803,35.98962043091824,30.565447620227282,20.113652558073245,133000.0,211168.0
semisupervised.SelfTrainingClassifier -l trees.HoeffdingTree -s DistanceMeasure,SemiSupervisedStream -s generators.RandomTreeGenerator -t 0.95,1,134000.0,1.181159,3.878637850698497E-8,127351.0,134000.0,66.30970149253731,36.03326302214064,30.6496459130221,20.203269995581078,134000.0,211200.0
semisupervised.SelfTrainingClassifier -l trees.HoeffdingTree -s DistanceMeasure,SemiSupervisedStream -s generators.RandomTreeGenerator -t 0.95,1,135000.0,1.190139,3.9277116999857946E-8,128310.0,135000.0,66.32222222222222,36.0496110871129,30.700992272166083,20.239640714360917,135000.0,211240.0
semisupervised.SelfTrainingClassifier -l trees.HoeffdingTree -s DistanceMeasure,SemiSupervisedStream -s generators.RandomTreeGenerator -t 0.95,1,136000.0,1.198247,3.972021927022271E-8,129259.0,136000.0,66.34044117647059,36.07873040631937,30.757362617416163,20.288012816047928,136000.0,211248.0
semisupervised.SelfTrainingClassifier -l trees.HoeffdingTree -s DistanceMeasure,SemiSupervisedStream -s generators.RandomTreeGenerator -t 0.95,1,137000.0,1.206365,4.01638848417335E-8,130211.0,137000.0,66.36569343065693,36.12157151532745,30.821660736537115,20.359840301422423,137000.0,211256.0
semisupervised.SelfTrainingClassifier -l trees.HoeffdingTree -s DistanceMeasure,SemiSupervisedStream -s generators.RandomTreeGenerator -t 0.95,1,138000.0,1.216125,4.069728912578688E-8,131166.0,138000.0,66.37391304347827,36.136966885617674,30.849700473877157,20.354255702589988,138000.0,211256.0
semisupervised.SelfTrainingClassifier -l trees.HoeffdingTree -s DistanceMeasure,SemiSupervisedStream -s generators.RandomTreeGenerator -t 0.95,1,139000.0,1.224658,4.1163635309785595E-8,132109.0,139000.0,66.4,36.18492879458939,30.940868562303166,20.419847328244277,139000.0,211256.0
semisupervised.SelfTrainingClassifier -l trees.HoeffdingTree -s DistanceMeasure,SemiSupervisedStream -s generators.RandomTreeGenerator -t 0.95,1,140000.0,1.232831,4.1610306745602014E-8,133064.0,140000.0,66.42,36.219784444365104,30.986494421608924,20.46154366730958,140000.0,211256.0
semisupervised.SelfTrainingClassifier -l trees.HoeffdingTree -s DistanceMeasure,SemiSupervisedStream -s generators.RandomTreeGenerator -t 0.95,1,141000.0,1.24144,4.2080842122021635E-8,134000.0,141000.0,66.44326241134752,36.258478291244664,31.045789734471995,20.532415183070192,141000.0,211272.0
semisupervised.SelfTrainingClassifier -l trees.HoeffdingTree -s DistanceMeasure,SemiSupervisedStream -s generators.RandomTreeGenerator -t 0.95,1,142000.0,1.249523,4.2522695242530754E-8,134957.0,142000.0,66.46549295774648,36.29274727443684,31.079848899309624,20.616477178008182,142000.0,211304.0
semisupervised.SelfTrainingClassifier -l trees.HoeffdingTree -s DistanceMeasure,SemiSupervisedStream -s generators.RandomTreeGenerator -t 0.95,1,143000.0,1.258913,4.3035994859205334E-8,135907.0,143000.0,66.5041958041958,36.36323383907013,31.151900189731506,20.70095856166086,143000.0,211304.0
semisupervised.SelfTrainingClassifier -l trees.HoeffdingTree -s DistanceMeasure,SemiSupervisedStream -s generators.RandomTreeGenerator -t 0.95,1,144000.0,1.268589,4.3564948547217566E-8,136845.0,144000.0,66.51944444444445,36.39101859970312,31.185681049371265,20.74435731781493,144000.0,211312.0
semisupervised.SelfTrainingClassifier -l trees.HoeffdingTree -s DistanceMeasure,SemiSupervisedStream -s generators.RandomTreeGenerator -t 0.95,1,145000.0,1.278905,4.4130212540427826E-8,137791.0,145000.0,66.53586206896551,36.418310088174835,31.230601340721947,20.798171876275187,145000.0,211808.0
semisupervised.SelfTrainingClassifier -l trees.HoeffdingTree -s DistanceMeasure,SemiSupervisedStream -s generators.RandomTreeGenerator -t 0.95,1,146000.0,1.288333,4.464687721596822E-8,138743.0,146000.0,66.55821917808218,36.45788071939491,31.262406554884475,20.850422293189812,146000.0,211832.0
semisupervised.SelfTrainingClassifier -l trees.HoeffdingTree -s DistanceMeasure,SemiSupervisedStream -s generators.RandomTreeGenerator -t 0.95,1,147000.0,1.298811,4.5221083035899515E-8,139694.0,147000.0,66.56258503401361,36.46576143893497,31.305465878439765,20.87156701761166,147000.0,211832.0
semisupervised.SelfTrainingClassifier -l trees.HoeffdingTree -s DistanceMeasure,SemiSupervisedStream -s generators.RandomTreeGenerator -t 0.95,1,148000.0,1.308777,4.576725132349463E-8,140633.0,148000.0,66.56756756756756,36.474483655768964,31.311168182133674,20.885165169006417,148000.0,211840.0
semisupervised.SelfTrainingClassifier -l trees.HoeffdingTree -s DistanceMeasure,SemiSupervisedStream -s generators.RandomTreeGenerator -t 0.95,1,149000.0,1.318481,4.6299061183300265E-8,141577.0,149000.0,66.58389261744966,36.502791722933566,31.311821430049534,20.930601873908213,149000.0,211840.0
semisupervised.SelfTrainingClassifier -l trees.HoeffdingTree -s DistanceMeasure,SemiSupervisedStream -s generators.RandomTreeGenerator -t 0.95,1,150000.0,1.328731,4.686081478165254E-8,142536.0,150000.0,66.58,36.49826509324892,31.298651463655286,20.891918761539532,150000.0,211848.0
semisupervised.SelfTrainingClassifier -l trees.HoeffdingTree -s DistanceMeasure,SemiSupervisedStream -s generators.RandomTreeGenerator -t 0.95,1,151000.0,1.337413,4.733663378076419E-8,143491.0,151000.0,66.56821192052979,36.47862592479064,31.284285033689507,20.8584821358584,151000.0,211848.0
semisupervised.SelfTrainingClassifier -l trees.HoeffdingTree -s DistanceMeasure,SemiSupervisedStream -s generators.RandomTreeGenerator -t 0.95,1,152000.0,1.345445,4.777682938095594E-8,144437.0,152000.0,66.5671052631579,36.48041651003379,31.26758277429129,20.84053771983115,152000.0,211848.0
semisupervised.SelfTrainingClassifier -l trees.HoeffdingTree -s DistanceMeasure,SemiSupervisedStream -s generators.RandomTreeGenerator -t 0.95,1,153000.0,1.353691,4.82287533001767E-8,145379.0,153000.0,66.56339869281047,36.47294382512429,31.274349122759894,20.842359348889023,153000.0,211848.0
semisupervised.SelfTrainingClassifier -l trees.HoeffdingTree -s DistanceMeasure,SemiSupervisedStream -s generators.RandomTreeGenerator -t 0.95,1,154000.0,1.361726,4.8669113316055776E-8,146327.0,154000.0,66.57857142857144,36.499728191976644,31.300471175536256,20.903320987844058,154000.0,211848.0
semisupervised.SelfTrainingClassifier -l trees.HoeffdingTree -s DistanceMeasure,SemiSupervisedStream -s generators.RandomTreeGenerator -t 0.95,1,155000.0,1.369526,4.909659410309458E-8,147282.0,155000.0,66.61483870967741,36.56603807265809,31.352728141043496,20.981263456869286,155000.0,211848.0
semisupervised.SelfTrainingClassifier -l trees.HoeffdingTree -s DistanceMeasure,SemiSupervisedStream -s generators.RandomTreeGenerator -t 0.95,1,156000.0,1.377219,4.951821073061888E-8,148244.0,156000.0,66.6352564102564,36.604696428121414,31.39531818421467,21.013415078305197,156000.0,211848.0
semisupervised.SelfTrainingClassifier -l trees.HoeffdingTree -s DistanceMeasure,SemiSupervisedStream -s generators.RandomTreeGenerator -t 0.95,1,157000.0,1.385253,4.995851594126884E-8,149193.0,157000.0,66.64140127388535,36.61875302452913,31.40765382298242,21.010798745173737,157000.0,211848.0
semisupervised.SelfTrainingClassifier -l trees.HoeffdingTree -s DistanceMeasure,SemiSupervisedStream -s generators.RandomTreeGenerator -t 0.95,1,158000.0,1.393547,5.0413070511486766E-8,150143.0,158000.0,66.6379746835443,36.61327998125179,31.404775847485183,21.00585952134752,158000.0,211848.0
semisupervised.SelfTrainingClassifier -l trees.HoeffdingTree -s DistanceMeasure,SemiSupervisedStream -s generators.RandomTreeGenerator -t 0.95,1,159000.0,1.401646,5.0858061098390124E-8,151089.0,159000.0,66.65911949685534,36.650843730083764,31.468314502158908,21.06493545168928,159000.0,212384.0
semisupervised.SelfTrainingClassifier -l trees.HoeffdingTree -s DistanceMeasure,SemiSupervisedStream -s generators.RandomTreeGenerator -t 0.95,1,160000.0,1.410487,5.134382005367011E-8,152035.0,160000.0,66.659375,36.65524997826751,31.494799024014387,21.038219011812075,160000.0,212384.0
semisupervised.SelfTrainingClassifier -l trees.HoeffdingTree -s DistanceMeasure,SemiSupervisedStream -s generators.RandomTreeGenerator -t 0.95,1,161000.0,1.418405,5.177886579599642E-8,152983.0,161000.0,66.66832298136646,36.67175212416019,31.52481817021819,21.055651176133104,161000.0,212384.0
semisupervised.SelfTrainingClassifier -l trees.HoeffdingTree -s DistanceMeasure,SemiSupervisedStream -s generators.RandomTreeGenerator -t 0.95,1,162000.0,1.42663,5.223077931337883E-8,153936.0,162000.0,66.66666666666666,36.67344658497494,31.536374470674733,21.027230980724795,162000.0,212384.0
semisupervised.SelfTrainingClassifier -l trees.HoeffdingTree -s DistanceMeasure,SemiSupervisedStream -s generators.RandomTreeGenerator -t 0.95,1,163000.0,1.434205,5.2646979300512174E-8,154892.0,163000.0,66.67361963190184,36.68638380663044,31.552486675150877,21.039013896156735,163000.0,212384.0
semisupervised.SelfTrainingClassifier -l trees.HoeffdingTree -s DistanceMeasure,SemiSupervisedStream -s generators.RandomTreeGenerator -t 0.95,1,164000.0,1.442258,5.3089459134886626E-8,155829.0,164000.0,66.67134146341463,36.67923628267875,31.541900980674576,21.05749649763861,164000.0,212392.0
semisupervised.SelfTrainingClassifier -l trees.HoeffdingTree -s DistanceMeasure,SemiSupervisedStream -s generators.RandomTreeGenerator -t 0.95,1,165000.0,1.449717,5.3499301067656904E-8,156791.0,165000.0,66.67878787878789,36.691061598805675,31.5411338421885,21.085115544710778,165000.0,212392.0
semisupervised.SelfTrainingClassifier -l trees.HoeffdingTree -s DistanceMeasure,SemiSupervisedStream -s generators.RandomTreeGenerator -t 0.95,1,166000.0,1.457955,5.3951997053292026E-8,157730.0,166000.0,66.68855421686747,36.71124827142415,31.58344056220924,21.100092744524503,166000.0,212416.0
semisupervised.SelfTrainingClassifier -l trees.HoeffdingTree -s DistanceMeasure,SemiSupervisedStream -s generators.RandomTreeGenerator -t 0.95,1,167000.0,1.465942,5.4390900043977595E-8,158676.0,167000.0,66.7059880239521,36.7381268704744,31.616815073547517,21.153464363708572,167000.0,212416.0
semisupervised.SelfTrainingClassifier -l trees.HoeffdingTree -s DistanceMeasure,SemiSupervisedStream -s generators.RandomTreeGenerator -t 0.95,1,168000.0,1.474568,5.4864917472004853E-8,159630.0,168000.0,66.73273809523809,36.78888985540119,31.666014574265176,21.197636873792717,168000.0,212416.0
semisupervised.SelfTrainingClassifier -l trees.HoeffdingTree -s DistanceMeasure,SemiSupervisedStream -s generators.RandomTreeGenerator -t 0.95,1,169000.0,1.482734,5.5313673801720106E-8,160575.0,169000.0,66.74852071005917,36.813840162112626,31.68196462221141,21.254711825455754,169000.0,212424.0
semisupervised.SelfTrainingClassifier -l trees.HoeffdingTree -s DistanceMeasure,SemiSupervisedStream -s generators.RandomTreeGenerator -t 0.95,1,170000.0,1.490545,5.574292137597994E-8,161522.0,170000.0,66.75588235294117,36.826063824716584,31.698975152276898,21.29597393011823,170000.0,212424.0
semisupervised.SelfTrainingClassifier -l trees.HoeffdingTree -s DistanceMeasure,SemiSupervisedStream -s generators.RandomTreeGenerator -t 0.95,1,171000.0,1.498342,5.6171415727585516E-8,162470.0,171000.0,66.75672514619883,36.83130812162525,31.69600480624811,21.269199340747594,171000.0,212432.0
semisupervised.SelfTrainingClassifier -l trees.HoeffdingTree -s DistanceMeasure,SemiSupervisedStream -s generators.RandomTreeGenerator -t 0.95,1,172000.0,1.50621,5.660381197722418E-8,163422.0,172000.0,66.76046511627906,36.83934083721372,31.68761649859007,21.265871595009227,172000.0,212432.0
semisupervised.SelfTrainingClassifier -l trees.HoeffdingTree -s DistanceMeasure,SemiSupervisedStream -s generators.RandomTreeGenerator -t 0.95,1,173000.0,1.514415,5.705472850344243E-8,164379.0,173000.0,66.76589595375722,36.8514908019227,31.708852490171164,21.263454849223518,173000.0,212432.0
semisupervised.SelfTrainingClassifier -l trees.HoeffdingTree -s DistanceMeasure,SemiSupervisedStream -s generators.RandomTreeGenerator -t 0.95,1,174000.0,1.522656,5.7507623456832394E-8,165329.0,174000.0,66.76954022988507,36.85755708288709,31.73113252101634,21.27520525004426,174000.0,212432.0
semisupervised.SelfTrainingClassifier -l trees.HoeffdingTree -s DistanceMeasure,SemiSupervisedStream -s generators.RandomTreeGenerator -t 0.95,1,175000.0,1.531682,5.800365911382764E-8,166290.0,175000.0,66.77714285714286,36.86827309135427,31.749348484492764,21.30907909696281,175000.0,212432.0
semisupervised.SelfTrainingClassifier -l trees.HoeffdingTree -s DistanceMeasure,SemiSupervisedStream -s generators.RandomTreeGenerator -t 0.95,1,176000.0,1.541166,5.852486476095182E-8,167233.0,176000.0,66.79545454545455,36.902068228962456,31.781570284593652,21.366003310055294,176000.0,212432.0
semisupervised.SelfTrainingClassifier -l trees.HoeffdingTree -s DistanceMeasure,SemiSupervisedStream -s generators.RandomTreeGenerator -t 0.95,1,177000.0,1.550628,5.904486136924885E-8,168183.0,177000.0,66.81073446327683,36.92811266653126,31.810003598416685,21.415576424004065,177000.0,212432.0
semisupervised.SelfTrainingClassifier -l trees.HoeffdingTree -s DistanceMeasure,SemiSupervisedStream -s generators.RandomTreeGenerator -t 0.95,1,178000.0,1.558536,5.947945587130052E-8,169137.0,178000.0,66.81123595505618,36.931295152305026,31.809682110949524,21.414318780429404,178000.0,212432.0
semisupervised.SelfTrainingClassifier -l trees.HoeffdingTree -s DistanceMeasure,SemiSupervisedStream -s generators.RandomTreeGenerator -t 0.95,1,179000.0,1.566438,5.991372063549025E-8,170082.0,179000.0,66.83631284916201,36.97852141633368,31.86769043602017,21.467125281121845,179000.0,212432.0
semisupervised.SelfTrainingClassifier -l trees.HoeffdingTree -s DistanceMeasure,SemiSupervisedStream -s generators.RandomTreeGenerator -t 0.95,1,180000.0,1.574278,6.034464301127523E-8,171032.0,180000.0,66.83666666666667,36.98205762823292,31.871718785665372,21.468696144080614,180000.0,212464.0
semisupervised.SelfTrainingClassifier -l trees.HoeffdingTree -s DistanceMeasure,SemiSupervisedStream -s generators.RandomTreeGenerator -t 0.95,1,181000.0,1.58196,6.076688098203801E-8,171979.0,181000.0,66.84972375690607,37.00432802964192,31.924983832722564,21.513688864471746,181000.0,212464.0
semisupervised.SelfTrainingClassifier -l trees.HoeffdingTree -s DistanceMeasure,SemiSupervisedStream -s generators.RandomTreeGenerator -t 0.95,1,182000.0,1.589672,6.119076789046324E-8,172919.0,182000.0,66.86208791208792,37.02709448288485,31.954238263400757,21.542584329591115,182000.0,212464.0
semisupervised.SelfTrainingClassifier -l trees.HoeffdingTree -s DistanceMeasure,SemiSupervisedStream -s generators.RandomTreeGenerator -t 0.95,1,183000.0,1.597464,6.161905196598831E-8,173865.0,183000.0,66.87267759562842,37.049472707768274,31.99048676785695,21.547998032973577,183000.0,212464.0
semisupervised.SelfTrainingClassifier -l trees.HoeffdingTree -s DistanceMeasure,SemiSupervisedStream -s generators.RandomTreeGenerator -t 0.95,1,184000.0,1.604735,6.201869949077563E-8,174828.0,184000.0,66.88152173913043,37.06897023796126,32.00325823765049,21.56363027892549,184000.0,212464.0
semisupervised.SelfTrainingClassifier -l trees.HoeffdingTree -s DistanceMeasure,SemiSupervisedStream -s generators.RandomTreeGenerator -t 0.95,1,185000.0,1.613243,6.248633821184433E-8,175782.0,185000.0,66.8745945945946,37.06110977770724,31.995028519430946,21.52890710032652,185000.0,212464.0
semisupervised.SelfTrainingClassifier -l trees.HoeffdingTree -s DistanceMeasure,SemiSupervisedStream -s generators.RandomTreeGenerator -t 0.95,1,186000.0,1.621214,6.292446094875531E-8,176729.0,186000.0,66.8741935483871,37.065044239271,31.980614464082663,21.500828130972096,186000.0,212464.0
semisupervised.SelfTrainingClassifier -l trees.HoeffdingTree -s DistanceMeasure,SemiSupervisedStream -s generators.RandomTreeGenerator -t 0.95,1,187000.0,1.62919,6.336285850861002E-8,177675.0,187000.0,66.88556149732621,37.08571667157067,31.981546572934977,21.51783224759829,187000.0,212464.0
semisupervised.SelfTrainingClassifier -l trees.HoeffdingTree -s DistanceMeasure,SemiSupervisedStream -s generators.RandomTreeGenerator -t 0.95,1,188000.0,1.637153,6.380054152881101E-8,178622.0,188000.0,66.88563829787235,37.08564586931779,31.98776424318567,21.520056475808683,188000.0,212464.0
semisupervised.SelfTrainingClassifier -l trees.HoeffdingTree -s DistanceMeasure,SemiSupervisedStream -s generators.RandomTreeGenerator -t 0.95,1,189000.0,1.644986,6.423107915247475E-8,179573.0,189000.0,66.8994708994709,37.11026683303121,32.0029563932003,21.55879328936481,189000.0,212464.0
semisupervised.SelfTrainingClassifier -l trees.HoeffdingTree -s DistanceMeasure,SemiSupervisedStream -s generators.RandomTreeGenerator -t 0.95,1,190000.0,1.653057,6.467471505204832E-8,180521.0,190000.0,66.91263157894737,37.136874869672795,32.02426391877425,21.577286279206124,190000.0,212472.0
semisupervised.SelfTrainingClassifier -l trees.HoeffdingTree -s DistanceMeasure,SemiSupervisedStream -s generators.RandomTreeGenerator -t 0.95,1,191000.0,1.66108,6.51157125520209E-8,181471.0,191000.0,66.9219895287958,37.15669577029369,32.04878625896727,21.588850001241084,191000.0,212472.0
semisupervised.SelfTrainingClassifier -l trees.HoeffdingTree -s DistanceMeasure,SemiSupervisedStream -s generators.RandomTreeGenerator -t 0.95,1,192000.0,1.669263,6.55655047173301E-8,182407.0,192000.0,66.92447916666666,37.164142580180624,32.04678237421618,21.570685801089265,192000.0,212472.0
semisupervised.SelfTrainingClassifier -l trees.HoeffdingTree -s DistanceMeasure,SemiSupervisedStream -s generators.RandomTreeGenerator -t 0.95,1,193000.0,1.677293,6.600688698391116E-8,183351.0,193000.0,66.9321243523316,37.17979547459408,32.07424672988707,21.596786280266812,193000.0,212472.0
semisupervised.SelfTrainingClassifier -l trees.HoeffdingTree -s DistanceMeasure,SemiSupervisedStream -s generators.RandomTreeGenerator -t 0.95,1,194000.0,1.685255,6.644453151772416E-8,184305.0,194000.0,66.9340206185567,37.189355539027346,32.05020920502093,21.576585938359596,194000.0,212472.0
semisupervised.SelfTrainingClassifier -l trees.HoeffdingTree -s DistanceMeasure,SemiSupervisedStream -s generators.RandomTreeGenerator -t 0.95,1,195000.0,1.693074,6.687434818388683E-8,185259.0,195000.0,66.9451282051282,37.206237703115214,32.076883357745764,21.612812997847467,195000.0,212488.0
semisupervised.SelfTrainingClassifier -l trees.HoeffdingTree -s DistanceMeasure,SemiSupervisedStream -s generators.RandomTreeGenerator -t 0.95,1,196000.0,1.701034,6.73119157325062E-8,186214.0,196000.0,66.9469387755102,37.211958089208686,32.07444298820445,21.597482754447537,196000.0,212488.0
semisupervised.SelfTrainingClassifier -l trees.HoeffdingTree -s DistanceMeasure,SemiSupervisedStream -s generators.RandomTreeGenerator -t 0.95,1,197000.0,1.710812,6.78494201910992E-8,187148.0,197000.0,66.96497461928934,37.24392650899646,32.13302465273433,21.65197919676395,197000.0,212488.0
semisupervised.SelfTrainingClassifier -l trees.HoeffdingTree -s DistanceMeasure,SemiSupervisedStream -s generators.RandomTreeGenerator -t 0.95,1,198000.0,1.719972,6.835295269679687E-8,188102.0,198000.0,66.97676767676768,37.26478538795902,32.17430992811428,21.693413173652697,198000.0,212488.0
semisupervised.SelfTrainingClassifier -l trees.HoeffdingTree -s DistanceMeasure,SemiSupervisedStream -s generators.RandomTreeGenerator -t 0.95,1,199000.0,1.727855,6.878628749400372E-8,189057.0,199000.0,66.99246231155779,37.2964211102827,32.215021361788196,21.715034860854544,199000.0,212488.0
semisupervised.SelfTrainingClassifier -l trees.HoeffdingTree -s DistanceMeasure,SemiSupervisedStream -s generators.RandomTreeGenerator -t 0.95,1,200000.0,1.735463,6.920450532188014E-8,190009.0,200000.0,67.0145,37.334749408858315,32.24013968775678,21.777846285185802,200000.0,212488.0
semisupervised.SelfTrainingClassifier -l trees.HoeffdingTree -s DistanceMeasure,SemiSupervisedStream -s generators.RandomTreeGenerator -t 0.95,1,201000.0,1.743196,6.96295944994522E-8,190959.0,201000.0,67.03681592039801,37.37746665313455,32.281967682259996,21.80891238670694,201000.0,212488.0
semisupervised.SelfTrainingClassifier -l trees.HoeffdingTree -s DistanceMeasure,SemiSupervisedStream -s generators.RandomTreeGenerator -t 0.95,1,202000.0,1.750892,7.005268161288561E-8,191901.0,202000.0,67.04554455445545,37.3903044678709,32.28490631294123,21.845611975344887,202000.0,212504.0
semisupervised.SelfTrainingClassifier -l trees.HoeffdingTree -s DistanceMeasure,SemiSupervisedStream -s generators.RandomTreeGenerator -t 0.95,1,203000.0,1.758892,7.049248110709914E-8,192855.0,203000.0,67.06206896551724,37.41725993714356,32.320461561819926,21.90062372976382,203000.0,212504.0
semisupervised.SelfTrainingClassifier -l trees.HoeffdingTree -s DistanceMeasure,SemiSupervisedStream -s generators.RandomTreeGenerator -t 0.95,1,204000.0,1.767493,7.096644198108046E-8,193800.0,204000.0,67.06029411764706,37.41791850323519,32.32794215392052,21.873038018835018,204000.0,213008.0
semisupervised.SelfTrainingClassifier -l trees.HoeffdingTree -s DistanceMeasure,SemiSupervisedStream -s generators.RandomTreeGenerator -t 0.95,1,205000.0,1.77602,7.143632506123844E-8,194746.0,205000.0,67.0751219512195,37.444829585794004,32.359248792415755,21.90855238800443,205000.0,213008.0
semisupervised.SelfTrainingClassifier -l trees.HoeffdingTree -s DistanceMeasure,SemiSupervisedStream -s generators.RandomTreeGenerator -t 0.95,1,206000.0,1.783686,7.185876245920853E-8,195689.0,206000.0,67.07669902912622,37.447081627380605,32.34915663371671,21.915332097585694,206000.0,213008.0
semisupervised.SelfTrainingClassifier -l trees.HoeffdingTree -s DistanceMeasure,SemiSupervisedStream -s generators.RandomTreeGenerator -t 0.95,1,207000.0,1.792231,7.232963743516137E-8,196643.0,207000.0,67.06908212560386,37.43682393792388,32.343132778847476,21.875214889861777,207000.0,213008.0
semisupervised.SelfTrainingClassifier -l trees.HoeffdingTree -s DistanceMeasure,SemiSupervisedStream -s generators.RandomTreeGenerator -t 0.95,1,208000.0,1.800845,7.280435033349524E-8,197590.0,208000.0,67.07740384615384,37.45551376650221,32.36508375474084,21.88202279234781,208000.0,213024.0
semisupervised.SelfTrainingClassifier -l trees.HoeffdingTree -s DistanceMeasure,SemiSupervisedStream -s generators.RandomTreeGenerator -t 0.95,1,209000.0,1.808907,7.324864280927509E-8,198535.0,209000.0,67.0909090909091,37.47896621378298,32.406269962164025,21.918103692939933,209000.0,213024.0
semisupervised.SelfTrainingClassifier -l trees.HoeffdingTree -s DistanceMeasure,SemiSupervisedStream -s generators.RandomTreeGenerator -t 0.95,1,210000.0,1.816637,7.367463894395361E-8,199495.0,210000.0,67.10047619047619,37.494660308356295,32.42931332948643,21.959787642607026,210000.0,213024.0
semisupervised.SelfTrainingClassifier -l trees.HoeffdingTree -s DistanceMeasure,SemiSupervisedStream -s generators.RandomTreeGenerator -t 0.95,1,211000.0,1.824473,7.410647668151388E-8,200448.0,211000.0,67.10094786729857,37.49542767146961,32.43101182654402,21.964791582355307,211000.0,213024.0
semisupervised.SelfTrainingClassifier -l trees.HoeffdingTree -s DistanceMeasure,SemiSupervisedStream -s generators.RandomTreeGenerator -t 0.95,1,212000.0,1.832686,7.455909068592717E-8,201391.0,212000.0,67.10754716981133,37.50722315121382,32.45641224331654,21.984292139356917,212000.0,213024.0
semisupervised.SelfTrainingClassifier -l trees.HoeffdingTree -s DistanceMeasure,SemiSupervisedStream -s generators.RandomTreeGenerator -t 0.95,1,213000.0,1.840557,7.499285725462765E-8,202343.0,213000.0,67.11220657276995,37.51718809227699,32.4744553691922,21.992204899777267,213000.0,213024.0
semisupervised.SelfTrainingClassifier -l trees.HoeffdingTree -s DistanceMeasure,SemiSupervisedStream -s generators.RandomTreeGenerator -t 0.95,1,214000.0,1.848664,7.543962965615918E-8,203289.0,214000.0,67.12523364485982,37.53692683637818,32.49923242247468,22.045917915078466,214000.0,213024.0
semisupervised.SelfTrainingClassifier -l trees.HoeffdingTree -s DistanceMeasure,SemiSupervisedStream -s generators.RandomTreeGenerator -t 0.95,1,215000.0,1.85694,7.589571555662482E-8,204226.0,215000.0,67.14976744186046,37.57765767470015,32.55796188075322,22.124947626083316,215000.0,213024.0
semisupervised.SelfTrainingClassifier -l trees.HoeffdingTree -s DistanceMeasure,SemiSupervisedStream -s generators.RandomTreeGenerator -t 0.95,1,216000.0,1.86498,7.633879562425941E-8,205179.0,216000.0,67.13842592592593,37.560861966917194,32.52756653992396,22.082811916836807,216000.0,213024.0
semisupervised.SelfTrainingClassifier -l trees.HoeffdingTree -s DistanceMeasure,SemiSupervisedStream -s generators.RandomTreeGenerator -t 0.95,1,217000.0,1.873143,7.678865415561527E-8,206130.0,217000.0,67.14930875576037,37.5798659619617,32.5428668761119,22.108828671328677,217000.0,213024.0
semisupervised.SelfTrainingClassifier -l trees.HoeffdingTree -s DistanceMeasure,SemiSupervisedStream -s generators.RandomTreeGenerator -t 0.95,1,218000.0,1.881333,7.724000064242214E-8,207076.0,218000.0,67.15642201834862,37.58940920416051,32.57336045504201,22.138608262557508,218000.0,213024.0
semisupervised.SelfTrainingClassifier -l trees.HoeffdingTree -s DistanceMeasure,SemiSupervisedStream -s generators.RandomTreeGenerator -t 0.95,1,219000.0,1.889306,7.767938837615977E-8,208027.0,219000.0,67.1675799086758,37.60976756519384,32.6006261599895,22.163525552897365,219000.0,213024.0
semisupervised.SelfTrainingClassifier -l trees.HoeffdingTree -s DistanceMeasure,SemiSupervisedStream -s generators.RandomTreeGenerator -t 0.95,1,220000.0,1.897241,7.810940686199398E-8,208982.0,220000.0,67.17136363636364,37.61723005834948,32.61208304175414,22.164265160741024,220000.0,209480.0
semisupervised.SelfTrainingClassifier -l trees.HoeffdingTree -s DistanceMeasure,SemiSupervisedStream -s generators.RandomTreeGenerator -t 0.95,1,221000.0,1.907993,7.872328384055029E-8,209917.0,221000.0,67.16968325791855,37.61771136569506,32.62292798439895,22.15462855671432,221000.0,220696.0
semisupervised.SelfTrainingClassifier -l trees.HoeffdingTree -s DistanceMeasure,SemiSupervisedStream -s generators.RandomTreeGenerator -t 0.95,1,222000.0,1.916461,7.920675763653382E-8,210857.0,222000.0,67.18738738738739,37.648340225117025,32.657230814743585,22.211780786809626,222000.0,220696.0
semisupervised.SelfTrainingClassifier -l trees.HoeffdingTree -s DistanceMeasure,SemiSupervisedStream -s generators.RandomTreeGenerator -t 0.95,1,223000.0,1.925201,7.971397317118113E-8,211811.0,223000.0,67.1847533632287,37.64609085301838,32.66096750743069,22.203204235459204,223000.0,224328.0
semisupervised.SelfTrainingClassifier -l trees.HoeffdingTree -s DistanceMeasure,SemiSupervisedStream -s generators.RandomTreeGenerator -t 0.95,1,224000.0,1.934633,8.027155733770792E-8,212760.0,224000.0,67.19955357142857,37.67276515708816,32.707789531529066,22.24997089916295,224000.0,228512.0
semisupervised.SelfTrainingClassifier -l trees.HoeffdingTree -s DistanceMeasure,SemiSupervisedStream -s generators.RandomTreeGenerator -t 0.95,1,225000.0,1.943364,8.078882135864759E-8,213714.0,225000.0,67.19822222222223,37.67242132273586,32.71154144215605,22.2526546435193,225000.0,229008.0
semisupervised.SelfTrainingClassifier -l trees.HoeffdingTree -s DistanceMeasure,SemiSupervisedStream -s generators.RandomTreeGenerator -t 0.95,1,226000.0,1.951789,8.129036277946497E-8,214656.0,226000.0,67.20353982300885,37.68061272383236,32.72337799077807,22.285714285714295,226000.0,230112.0
semisupervised.SelfTrainingClassifier -l trees.HoeffdingTree -s DistanceMeasure,SemiSupervisedStream -s generators.RandomTreeGenerator -t 0.95,1,227000.0,1.96005,8.178227803359427E-8,215603.0,227000.0,67.21982378854625,37.70829905149633,32.75405539740634,22.342934669171346,227000.0,230176.0
semisupervised.SelfTrainingClassifier -l trees.HoeffdingTree -s DistanceMeasure,SemiSupervisedStream -s generators.RandomTreeGenerator -t 0.95,1,228000.0,1.968244,8.227020365910395E-8,216551.0,228000.0,67.23333333333333,37.7302292973527,32.789348207458055,22.385330632174952,228000.0,230176.0
semisupervised.SelfTrainingClassifier -l trees.HoeffdingTree -s DistanceMeasure,SemiSupervisedStream -s generators.RandomTreeGenerator -t 0.95,1,229000.0,1.976644,8.277043067332768E-8,217490.0,229000.0,67.2467248908297,37.75244238396548,32.824926560149024,22.432960691645025,229000.0,230192.0
semisupervised.SelfTrainingClassifier -l trees.HoeffdingTree -s DistanceMeasure,SemiSupervisedStream -s generators.RandomTreeGenerator -t 0.95,1,230000.0,1.986262,8.334319060461386E-8,218429.0,230000.0,67.26217391304348,37.7794876397605,32.85027601152203,22.470140032948922,230000.0,230192.0
semisupervised.SelfTrainingClassifier -l trees.HoeffdingTree -s DistanceMeasure,SemiSupervisedStream -s generators.RandomTreeGenerator -t 0.95,1,231000.0,1.994822,8.385296346826683E-8,219379.0,231000.0,67.26883116883117,37.79191475701791,32.8576502974869,22.49602788170775,231000.0,230200.0
Learner,stream,randomSeed,learning evaluation instances,evaluation time (cpu seconds),model cost (RAM-Hours),Unlabeled instances,classified instances,classifications correct (percent),Kappa Statistic (percent),Kappa Temporal Statistic (percent),Kappa M Statistic (percent),model training instances,model serialized size (bytes)
semisupervised.SelfTrainingClassifier -l trees.HoeffdingTree -s DistanceMeasure,SemiSupervisedStream -s generators.RandomTreeGenerator -t 0.95,1,1000.0,0.114629,2.1633626913858783E-9,940.0,1000.0,56.49999999999999,6.249999999999982,9.563409563409548,-16.310160427807503,1000.0,73144.0
semisupervised.SelfTrainingClassifier -l trees.HoeffdingTree -s DistanceMeasure,SemiSupervisedStream -s generators.RandomTreeGenerator -t 0.95,1,2000.0,0.143837,2.7160482998523448E-9,1892.0,2000.0,55.900000000000006,9.417778147501137,4.026115342763889,-13.367609254498698,2000.0,73144.0
semisupervised.SelfTrainingClassifier -l trees.HoeffdingTree -s DistanceMeasure,SemiSupervisedStream -s generators.RandomTreeGenerator -t 0.95,1,3000.0,0.163135,3.0812128736741015E-9,2845.0,3000.0,56.699999999999996,13.06136435431164,7.147962830593278,-9.527824620573375,3000.0,73144.0
semisupervised.SelfTrainingClassifier -l trees.HoeffdingTree -s DistanceMeasure,SemiSupervisedStream -s generators.RandomTreeGenerator -t 0.95,1,4000.0,0.185564,3.5056234978967246E-9,3801.0,4000.0,58.375,16.774593107736642,11.247334754797436,-3.738317757009349,4000.0,73144.0
semisupervised.SelfTrainingClassifier -l trees.HoeffdingTree -s DistanceMeasure,SemiSupervisedStream -s generators.RandomTreeGenerator -t 0.95,1,5000.0,0.19994,3.777651993764772E-9,4753.0,5000.0,58.5,17.52047877076496,11.096829477292193,-3.4396809571286227,5000.0,73144.0
semisupervised.SelfTrainingClassifier -l trees.HoeffdingTree -s DistanceMeasure,SemiSupervisedStream -s generators.RandomTreeGenerator -t 0.95,1,6000.0,0.2176,4.111821668015587E-9,5707.0,6000.0,58.95,18.72987632290802,11.9413657490168,-1.7348203221809184,6000.0,73144.0
semisupervised.SelfTrainingClassifier -l trees.HoeffdingTree -s DistanceMeasure,SemiSupervisedStream -s generators.RandomTreeGenerator -t 0.95,1,7000.0,0.230686,4.359440261291134E-9,6658.0,7000.0,59.357142857142854,19.82623367760347,13.709432817713058,0.280406589554847,7000.0,73144.0
semisupervised.SelfTrainingClassifier -l trees.HoeffdingTree -s DistanceMeasure,SemiSupervisedStream -s generators.RandomTreeGenerator -t 0.95,1,8000.0,0.257535,4.878212316996522E-9,7597.0,8000.0,60.212500000000006,21.539047450019044,15.704449152542374,2.3320036821110923,8000.0,74688.0
semisupervised.SelfTrainingClassifier -l trees.HoeffdingTree -s DistanceMeasure,SemiSupervisedStream -s generators.RandomTreeGenerator -t 0.95,1,9000.0,0.280498,5.321899706290828E-9,8545.0,9000.0,60.05555555555555,21.836792613913893,15.391856907507645,2.6273022751895985,9000.0,74688.0
semisupervised.SelfTrainingClassifier -l trees.HoeffdingTree -s DistanceMeasure,SemiSupervisedStream -s generators.RandomTreeGenerator -t 0.95,1,10000.0,0.300447,5.7073510727948615E-9,9497.0,10000.0,59.809999999999995,21.88809477386068,15.282462057335582,1.8559218559218413,10000.0,74688.0
semisupervised.SelfTrainingClassifier -l trees.HoeffdingTree -s DistanceMeasure,SemiSupervisedStream -s generators.RandomTreeGenerator -t 0.95,1,11000.0,0.318262,6.051569634841548E-9,10445.0,11000.0,59.92727272727273,22.454684736264692,15.587897357334368,2.757555702625191,11000.0,74688.0
semisupervised.SelfTrainingClassifier -l trees.HoeffdingTree -s DistanceMeasure,SemiSupervisedStream -s generators.RandomTreeGenerator -t 0.95,1,12000.0,0.33634,6.400869840549099E-9,11395.0,12000.0,60.083333333333336,22.978038852031883,16.112084063047284,3.6217303822937654,12000.0,74688.0
semisupervised.SelfTrainingClassifier -l trees.HoeffdingTree -s DistanceMeasure,SemiSupervisedStream -s generators.RandomTreeGenerator -t 0.95,1,13000.0,0.349345,6.652150356935131E-9,12351.0,13000.0,59.94615384615385,22.973407840961386,15.83966381121707,2.7456107583115537,13000.0,74688.0
semisupervised.SelfTrainingClassifier -l trees.HoeffdingTree -s DistanceMeasure,SemiSupervisedStream -s generators.RandomTreeGenerator -t 0.95,1,14000.0,0.37292,7.107662711706427E-9,13293.0,14000.0,60.099999999999994,23.39247627991891,16.614420062695924,3.6065573770491746,14000.0,74688.0
semisupervised.SelfTrainingClassifier -l trees.HoeffdingTree -s DistanceMeasure,SemiSupervisedStream -s generators.RandomTreeGenerator -t 0.95,1,15000.0,0.425027,8.338882784462638E-9,14239.0,15000.0,60.5,23.952469330704716,17.59388038942975,4.941440718755004,15000.0,91336.0
semisupervised.SelfTrainingClassifier -l trees.HoeffdingTree -s DistanceMeasure,SemiSupervisedStream -s generators.RandomTreeGenerator -t 0.95,1,16000.0,0.45731,9.107166408664651E-9,15189.0,16000.0,60.699999999999996,24.283383405682354,17.932654659357876,5.372460496613986,16000.0,91992.0
semisupervised.SelfTrainingClassifier -l trees.HoeffdingTree -s DistanceMeasure,SemiSupervisedStream -s generators.RandomTreeGenerator -t 0.95,1,17000.0,0.473848,9.500846966273255E-9,16148.0,17000.0,60.87058823529412,24.65010580595309,18.33026396562309,5.952212639615458,17000.0,92016.0
semisupervised.SelfTrainingClassifier -l trees.HoeffdingTree -s DistanceMeasure,SemiSupervisedStream -s generators.RandomTreeGenerator -t 0.95,1,18000.0,0.492678,9.949126649234031E-9,17086.0,18000.0,60.84444444444445,24.701833469757243,18.321937652103372,5.876068376068386,18000.0,92024.0
semisupervised.SelfTrainingClassifier -l trees.HoeffdingTree -s DistanceMeasure,SemiSupervisedStream -s generators.RandomTreeGenerator -t 0.95,1,19000.0,0.505778,1.026104831033283E-8,18036.0,19000.0,60.968421052631584,25.022207749039772,18.577075098814234,6.481715006305187,19000.0,92040.0
semisupervised.SelfTrainingClassifier -l trees.HoeffdingTree -s DistanceMeasure,SemiSupervisedStream -s generators.RandomTreeGenerator -t 0.95,1,20000.0,0.516793,1.0523347221314908E-8,18979.0,20000.0,60.97,25.13196929075661,18.509238960225495,6.4253176696236025,20000.0,92048.0
semisupervised.SelfTrainingClassifier -l trees.HoeffdingTree -s DistanceMeasure,SemiSupervisedStream -s generators.RandomTreeGenerator -t 0.95,1,21000.0,0.526075,1.0744378405312698E-8,19933.0,21000.0,61.023809523809526,25.3050739202734,18.67050874403816,6.585254508103162,21000.0,92048.0
semisupervised.SelfTrainingClassifier -l trees.HoeffdingTree -s DistanceMeasure,SemiSupervisedStream -s generators.RandomTreeGenerator -t 0.95,1,22000.0,0.533887,1.0930404650668304E-8,20892.0,22000.0,60.93636363636363,25.265653627610018,18.33903458760926,6.076502732240425,22000.0,92048.0
semisupervised.SelfTrainingClassifier -l trees.HoeffdingTree -s DistanceMeasure,SemiSupervisedStream -s generators.RandomTreeGenerator -t 0.95,1,23000.0,0.547335,1.1254481131003964E-8,21840.0,23000.0,60.917391304347824,25.325004383043392,18.393100317748527,5.9137534017165585,23000.0,93152.0
semisupervised.SelfTrainingClassifier -l trees.HoeffdingTree -s DistanceMeasure,SemiSupervisedStream -s generators.RandomTreeGenerator -t 0.95,1,24000.0,0.554623,1.1430110918978851E-8,22797.0,24000.0,60.775,25.190164016433137,18.210251954821903,5.405948553054656,24000.0,93152.0
semisupervised.SelfTrainingClassifier -l trees.HoeffdingTree -s DistanceMeasure,SemiSupervisedStream -s generators.RandomTreeGenerator -t 0.95,1,25000.0,0.562025,1.1608487934701974E-8,23745.0,25000.0,60.804,25.32396459280173,18.212169268007685,5.606396300934417,25000.0,93152.0
semisupervised.SelfTrainingClassifier -l trees.HoeffdingTree -s DistanceMeasure,SemiSupervisedStream -s generators.RandomTreeGenerator -t 0.95,1,26000.0,0.569308,1.1783997230231763E-8,24693.0,26000.0,60.8,25.38820212208554,18.235058162856,5.751803218050678,26000.0,93152.0
semisupervised.SelfTrainingClassifier -l trees.HoeffdingTree -s DistanceMeasure,SemiSupervisedStream -s generators.RandomTreeGenerator -t 0.95,1,27000.0,0.578458,1.2004498404761157E-8,25638.0,27000.0,60.7925925925926,25.431449435300202,18.380878951426375,5.893857231753959,27000.0,93152.0
semisupervised.SelfTrainingClassifier -l trees.HoeffdingTree -s DistanceMeasure,SemiSupervisedStream -s generators.RandomTreeGenerator -t 0.95,1,28000.0,0.588463,1.2245603787402313E-8,26586.0,28000.0,60.68928571428571,25.354018369834613,18.351754320896067,5.503090659340662,28000.0,93152.0
semisupervised.SelfTrainingClassifier -l trees.HoeffdingTree -s DistanceMeasure,SemiSupervisedStream -s generators.RandomTreeGenerator -t 0.95,1,29000.0,0.597447,1.2462104612754451E-8,27524.0,29000.0,60.68275862068966,25.418472880110688,18.347178458894298,5.510897489019655,29000.0,93152.0
semisupervised.SelfTrainingClassifier -l trees.HoeffdingTree -s DistanceMeasure,SemiSupervisedStream -s generators.RandomTreeGenerator -t 0.95,1,30000.0,0.606531,1.268101528700855E-8,28480.0,30000.0,60.67666666666667,25.484677421229403,18.512122677350288,5.533311979500325,30000.0,93152.0
semisupervised.SelfTrainingClassifier -l trees.HoeffdingTree -s DistanceMeasure,SemiSupervisedStream -s generators.RandomTreeGenerator -t 0.95,1,31000.0,0.614302,1.2868284645179908E-8,29434.0,31000.0,60.62903225806452,25.448506968201595,18.32296058355083,5.475526641883534,31000.0,93152.0
semisupervised.SelfTrainingClassifier -l trees.HoeffdingTree -s DistanceMeasure,SemiSupervisedStream -s generators.RandomTreeGenerator -t 0.95,1,32000.0,0.624128,1.3105076398286555E-8,30390.0,32000.0,60.68125,25.57821943849352,18.483965014577247,5.717497189958772,32000.0,93152.0
semisupervised.SelfTrainingClassifier -l trees.HoeffdingTree -s DistanceMeasure,SemiSupervisedStream -s generators.RandomTreeGenerator -t 0.95,1,33000.0,0.63199,1.3294538718958696E-8,31338.0,33000.0,60.67878787878788,25.616186379772156,18.5334003013561,5.861868833430054,33000.0,93152.0
semisupervised.SelfTrainingClassifier -l trees.HoeffdingTree -s DistanceMeasure,SemiSupervisedStream -s generators.RandomTreeGenerator -t 0.95,1,34000.0,0.641514,1.3524052728381422E-8,32285.0,34000.0,60.59411764705882,25.541772069145818,18.35466179159049,5.554772310728875,34000.0,93152.0
semisupervised.SelfTrainingClassifier -l trees.HoeffdingTree -s DistanceMeasure,SemiSupervisedStream -s generators.RandomTreeGenerator -t 0.95,1,35000.0,0.650031,1.3729299559361405E-8,33236.0,35000.0,60.568571428571424,25.549632475803485,18.380743982494526,5.5114336574010725,35000.0,93152.0
semisupervised.SelfTrainingClassifier -l trees.HoeffdingTree -s DistanceMeasure,SemiSupervisedStream -s generators.RandomTreeGenerator -t 0.95,1,36000.0,0.664498,1.4077932400008044E-8,34190.0,36000.0,60.58888888888889,25.615837004150404,18.356542755207748,5.66489361702129,36000.0,93152.0
semisupervised.SelfTrainingClassifier -l trees.HoeffdingTree -s DistanceMeasure,SemiSupervisedStream -s generators.RandomTreeGenerator -t 0.95,1,37000.0,0.676375,1.4364150154093903E-8,35144.0,37000.0,60.54864864864865,25.586331987834438,18.31561275881365,5.612673779502108,37000.0,93152.0
semisupervised.SelfTrainingClassifier -l trees.HoeffdingTree -s DistanceMeasure,SemiSupervisedStream -s generators.RandomTreeGenerator -t 0.95,1,38000.0,0.687956,1.4643234755429958E-8,36098.0,38000.0,60.536842105263155,25.626753968682447,18.313541780150334,5.507246376811598,38000.0,93152.0
semisupervised.SelfTrainingClassifier -l trees.HoeffdingTree -s DistanceMeasure,SemiSupervisedStream -s generators.RandomTreeGenerator -t 0.95,1,39000.0,0.700732,1.4951117051144442E-8,37039.0,39000.0,60.50769230769231,25.617837132864334,18.322108500821972,5.410550881287217,39000.0,93152.0
semisupervised.SelfTrainingClassifier -l trees.HoeffdingTree -s DistanceMeasure,SemiSupervisedStream -s generators.RandomTreeGenerator -t 0.95,1,40000.0,0.710801,1.5193764737082854E-8,37986.0,40000.0,60.5325,25.687436868801576,18.417652834478833,5.580143540669866,40000.0,93152.0
semisupervised.SelfTrainingClassifier -l trees.HoeffdingTree -s DistanceMeasure,SemiSupervisedStream -s generators.RandomTreeGenerator -t 0.95,1,41000.0,0.718822,1.5387058717509112E-8,38942.0,41000.0,60.50731707317073,25.684778443671046,18.38709677419354,5.459216441875406,41000.0,93152.0
semisupervised.SelfTrainingClassifier -l trees.HoeffdingTree -s DistanceMeasure,SemiSupervisedStream -s generators.RandomTreeGenerator -t 0.95,1,42000.0,0.728908,1.5630116077760856E-8,39904.0,42000.0,60.48571428571429,25.694392084670785,18.338827928947506,5.387378142637242,42000.0,93152.0
semisupervised.SelfTrainingClassifier -l trees.HoeffdingTree -s DistanceMeasure,SemiSupervisedStream -s generators.RandomTreeGenerator -t 0.95,1,43000.0,0.73734,1.583331453717417E-8,40854.0,43000.0,60.48604651162791,25.729894618837285,18.304644677372842,5.390055125563799,43000.0,93152.0
semisupervised.SelfTrainingClassifier -l trees.HoeffdingTree -s DistanceMeasure,SemiSupervisedStream -s generators.RandomTreeGenerator -t 0.95,1,44000.0,0.745809,1.6037404640681212E-8,41804.0,44000.0,60.45,25.70288943264708,18.2121539690746,5.274617603832147,44000.0,93152.0
semisupervised.SelfTrainingClassifier -l trees.HoeffdingTree -s DistanceMeasure,SemiSupervisedStream -s generators.RandomTreeGenerator -t 0.95,1,45000.0,0.754365,1.624359131273296E-8,42760.0,45000.0,60.431111111111115,25.697003364698816,18.167195183602196,5.206558773424202,45000.0,93152.0
semisupervised.SelfTrainingClassifier -l trees.HoeffdingTree -s DistanceMeasure,SemiSupervisedStream -s generators.RandomTreeGenerator -t 0.95,1,46000.0,0.763659,1.6467562669681177E-8,43707.0,46000.0,60.4195652173913,25.70748390462762,18.078740157480304,5.1619960412542945,46000.0,93152.0
semisupervised.SelfTrainingClassifier -l trees.HoeffdingTree -s DistanceMeasure,SemiSupervisedStream -s generators.RandomTreeGenerator -t 0.95,1,47000.0,0.772356,1.667714722868469E-8,44656.0,47000.0,60.43404255319149,25.76519086472255,17.981740396065817,5.127289424008972,47000.0,93152.0
semisupervised.SelfTrainingClassifier -l trees.HoeffdingTree -s DistanceMeasure,SemiSupervisedStream -s generators.RandomTreeGenerator -t 0.95,1,48000.0,0.780894,1.6882900127934084E-8,45616.0,48000.0,60.4,25.701106515105227,17.892008639308855,5.168629016164427,48000.0,93152.0
semisupervised.SelfTrainingClassifier -l trees.HoeffdingTree -s DistanceMeasure,SemiSupervisedStream -s generators.RandomTreeGenerator -t 0.95,1,49000.0,0.791322,1.7134199171430532E-8,46562.0,49000.0,60.357142857142854,25.63714999279782,17.902878153924178,5.044727965977403,49000.0,93152.0
semisupervised.SelfTrainingClassifier -l trees.HoeffdingTree -s DistanceMeasure,SemiSupervisedStream -s generators.RandomTreeGenerator -t 0.95,1,50000.0,0.801008,1.7367617136074434E-8,47490.0,50000.0,60.343999999999994,25.622033757528563,17.92366917791208,5.111026033690643,50000.0,93152.0
semisupervised.SelfTrainingClassifier -l trees.HoeffdingTree -s DistanceMeasure,SemiSupervisedStream -s generators.RandomTreeGenerator -t 0.95,1,51000.0,0.808728,1.755365747130579E-8,48438.0,51000.0,60.37058823529412,25.668709460312638,18.00811359026369,5.330460443112085,51000.0,93152.0
semisupervised.SelfTrainingClassifier -l trees.HoeffdingTree -s DistanceMeasure,SemiSupervisedStream -s generators.RandomTreeGenerator -t 0.95,1,52000.0,0.818126,1.7780135071112047E-8,49384.0,52000.0,60.32115384615384,25.60274469009555,17.87860696517411,5.240194727656828,52000.0,93152.0
semisupervised.SelfTrainingClassifier -l trees.HoeffdingTree -s DistanceMeasure,SemiSupervisedStream -s generators.RandomTreeGenerator -t 0.95,1,53000.0,0.826036,1.797075411925713E-8,50337.0,53000.0,60.339622641509436,25.633661733238977,17.986734295747183,5.387766125039397,53000.0,93152.0
semisupervised.SelfTrainingClassifier -l trees.HoeffdingTree -s DistanceMeasure,SemiSupervisedStream -s generators.RandomTreeGenerator -t 0.95,1,54000.0,0.834436,1.817318142702182E-8,51299.0,54000.0,60.31296296296297,25.60662025521151,17.844820976769164,5.348467449871928,54000.0,93152.0
semisupervised.SelfTrainingClassifier -l trees.HoeffdingTree -s DistanceMeasure,SemiSupervisedStream -s generators.RandomTreeGenerator -t 0.95,1,55000.0,0.842437,1.8365993437667686E-8,52240.0,55000.0,60.343636363636364,25.66294729296889,17.852434936537243,5.506455246512448,55000.0,93152.0
semisupervised.SelfTrainingClassifier -l trees.HoeffdingTree -s DistanceMeasure,SemiSupervisedStream -s generators.RandomTreeGenerator -t 0.95,1,56000.0,0.851206,1.857731308788061E-8,53183.0,56000.0,60.364285714285714,25.717404560990182,17.941513549484274,5.552955193396024,56000.0,93152.0
semisupervised.SelfTrainingClassifier -l trees.HoeffdingTree -s DistanceMeasure,SemiSupervisedStream -s generators.RandomTreeGenerator -t 0.95,1,57000.0,0.860088,1.8791355867352748E-8,54114.0,57000.0,60.34736842105263,25.696143981611037,17.96900518999745,5.581084468209533,57000.0,93152.0
semisupervised.SelfTrainingClassifier -l trees.HoeffdingTree -s DistanceMeasure,SemiSupervisedStream -s generators.RandomTreeGenerator -t 0.95,1,58000.0,0.869048,1.9007278328968418E-8,55061.0,58000.0,60.36896551724138,25.739141570282047,18.07392094664432,5.663629647869991,58000.0,93152.0
semisupervised.SelfTrainingClassifier -l trees.HoeffdingTree -s DistanceMeasure,SemiSupervisedStream -s generators.RandomTreeGenerator -t 0.95,1,59000.0,0.877406,1.9208693500194285E-8,56019.0,59000.0,60.3864406779661,25.78617798074973,18.084957240992562,5.66677429770746,59000.0,93152.0
semisupervised.SelfTrainingClassifier -l trees.HoeffdingTree -s DistanceMeasure,SemiSupervisedStream -s generators.RandomTreeGenerator -t 0.95,1,60000.0,0.885257,1.939789073748721E-8,56982.0,60000.0,60.436666666666675,25.885108999266553,18.187144580389468,5.80906277279583,60000.0,93152.0
semisupervised.SelfTrainingClassifier -l trees.HoeffdingTree -s DistanceMeasure,SemiSupervisedStream -s generators.RandomTreeGenerator -t 0.95,1,61000.0,0.893571,1.9598245575196212E-8,57935.0,61000.0,60.45409836065574,25.923596608559922,18.185518060030528,5.854115443156545,61000.0,93152.0
semisupervised.SelfTrainingClassifier -l trees.HoeffdingTree -s DistanceMeasure,SemiSupervisedStream -s generators.RandomTreeGenerator -t 0.95,1,62000.0,0.902742,1.9819252817995018E-8,58878.0,62000.0,60.4741935483871,25.95704028814742,18.26974386339381,5.9523352649959875,62000.0,93152.0
semisupervised.SelfTrainingClassifier -l trees.HoeffdingTree -s DistanceMeasure,SemiSupervisedStream -s generators.RandomTreeGenerator -t 0.95,1,63000.0,0.91179,2.0037295946644413E-8,59832.0,63000.0,60.5,26.01517986698886,18.342904019688255,5.995013599274709,63000.0,93152.0
semisupervised.SelfTrainingClassifier -l trees.HoeffdingTree -s DistanceMeasure,SemiSupervisedStream -s generators.RandomTreeGenerator -t 0.95,1,64000.0,0.922347,2.0291703695224392E-8,60785.0,64000.0,60.5515625,26.11272388236825,18.53178444659568,6.165910949230651,64000.0,93152.0
semisupervised.SelfTrainingClassifier -l trees.HoeffdingTree -s DistanceMeasure,SemiSupervisedStream -s generators.RandomTreeGenerator -t 0.95,1,65000.0,0.931012,2.0500517102579278E-8,61734.0,65000.0,60.495384615384616,26.04951977269613,18.42038378447072,5.97239005456078,65000.0,93152.0
semisupervised.SelfTrainingClassifier -l trees.HoeffdingTree -s DistanceMeasure,SemiSupervisedStream -s generators.RandomTreeGenerator -t 0.95,1,66000.0,0.938648,2.068453316473299E-8,62683.0,66000.0,60.49090909090909,26.04650864073456,18.443686860788798,6.025659506991517,66000.0,93152.0
semisupervised.SelfTrainingClassifier -l trees.HoeffdingTree -s DistanceMeasure,SemiSupervisedStream -s generators.RandomTreeGenerator -t 0.95,1,67000.0,0.946344,2.0869995136227875E-8,63640.0,67000.0,60.485074626865675,26.03551985973177,18.438077634011094,6.090380249716246,67000.0,93152.0
semisupervised.SelfTrainingClassifier -l trees.HoeffdingTree -s DistanceMeasure,SemiSupervisedStream -s generators.RandomTreeGenerator -t 0.95,1,68000.0,0.954365,2.1063289116654133E-8,64596.0,68000.0,60.50441176470588,26.06842249136716,18.51638349514563,6.205909059160431,68000.0,93152.0
semisupervised.SelfTrainingClassifier -l trees.HoeffdingTree -s DistanceMeasure,SemiSupervisedStream -s generators.RandomTreeGenerator -t 0.95,1,69000.0,0.962655,2.1263065590626665E-8,65556.0,69000.0,60.491304347826095,26.056733845407738,18.524163902089143,6.203550784475662,69000.0,93152.0
semisupervised.SelfTrainingClassifier -l trees.HoeffdingTree -s DistanceMeasure,SemiSupervisedStream -s generators.RandomTreeGenerator -t 0.95,1,70000.0,0.970533,2.1452913487123118E-8,66510.0,70000.0,60.487142857142864,26.051469289583455,18.55178303248036,6.253389370932755,70000.0,93152.0
semisupervised.SelfTrainingClassifier -l trees.HoeffdingTree -s DistanceMeasure,SemiSupervisedStream -s generators.RandomTreeGenerator -t 0.95,1,71000.0,0.978709,2.1649942733347414E-8,67459.0,71000.0,60.46478873239437,26.006145102084226,18.547965875457027,6.289644120985531,71000.0,93152.0
semisupervised.SelfTrainingClassifier -l trees.HoeffdingTree -s DistanceMeasure,SemiSupervisedStream -s generators.RandomTreeGenerator -t 0.95,1,72000.0,0.9873,2.1856972852514848E-8,68410.0,72000.0,60.415277777777774,25.950352738202138,18.475400457665895,6.095351059273175,72000.0,93152.0
semisupervised.SelfTrainingClassifier -l trees.HoeffdingTree -s DistanceMeasure,SemiSupervisedStream -s generators.RandomTreeGenerator -t 0.95,1,73000.0,0.99578,2.2061328039401104E-8,69363.0,73000.0,60.4041095890411,25.949106196185497,18.44191755311645,6.0305591677503285,73000.0,93152.0
semisupervised.SelfTrainingClassifier -l trees.HoeffdingTree -s DistanceMeasure,SemiSupervisedStream -s generators.RandomTreeGenerator -t 0.95,1,74000.0,1.003251,2.224136785086658E-8,70323.0,74000.0,60.41081081081081,25.977560457255855,18.493169740978768,6.04233483001925,74000.0,93152.0
semisupervised.SelfTrainingClassifier -l trees.HoeffdingTree -s DistanceMeasure,SemiSupervisedStream -s generators.RandomTreeGenerator -t 0.95,1,75000.0,1.010806,2.24234319354097E-8,71277.0,75000.0,60.41466666666667,25.999156502548164,18.470410545105057,6.050441441726536,75000.0,93152.0
semisupervised.SelfTrainingClassifier -l trees.HoeffdingTree -s DistanceMeasure,SemiSupervisedStream -s generators.RandomTreeGenerator -t 0.95,1,76000.0,1.019335,2.262896794825792E-8,72220.0,76000.0,60.41315789473685,25.99509164841055,18.563230835859684,6.130853951514782,76000.0,93152.0
semisupervised.SelfTrainingClassifier -l trees.HoeffdingTree -s DistanceMeasure,SemiSupervisedStream -s generators.RandomTreeGenerator -t 0.95,1,77000.0,1.02789,2.283513052182065E-8,73162.0,77000.0,60.37012987012987,25.945182071844066,18.478841632827525,5.9746102175386735,77000.0,93152.0
semisupervised.SelfTrainingClassifier -l trees.HoeffdingTree -s DistanceMeasure,SemiSupervisedStream -s generators.RandomTreeGenerator -t 0.95,1,78000.0,1.03452,2.2994903504020636E-8,74119.0,78000.0,60.36666666666667,25.945041455165395,18.3831876864588,5.98789648146459,78000.0,93152.0
semisupervised.SelfTrainingClassifier -l trees.HoeffdingTree -s DistanceMeasure,SemiSupervisedStream -s generators.RandomTreeGenerator -t 0.95,1,79000.0,1.076,2.429960993842946E-8,75065.0,79000.0,60.369620253164555,25.96769901240033,18.400750625521262,5.953739861820364,79000.0,121584.0
semisupervised.SelfTrainingClassifier -l trees.HoeffdingTree -s DistanceMeasure,SemiSupervisedStream -s generators.RandomTreeGenerator -t 0.95,1,80000.0,1.086972,2.4648127932515407E-8,76014.0,80000.0,60.348749999999995,25.943708767360434,18.34796262452057,5.917072013287447,80000.0,122784.0
semisupervised.SelfTrainingClassifier -l trees.HoeffdingTree -s DistanceMeasure,SemiSupervisedStream -s generators.RandomTreeGenerator -t 0.95,1,81000.0,1.097788,2.499979401214255E-8,76973.0,81000.0,60.349382716049384,25.949699191839603,18.323076140582874,5.94213084987993,81000.0,125680.0
semisupervised.SelfTrainingClassifier -l trees.HoeffdingTree -s DistanceMeasure,SemiSupervisedStream -s generators.RandomTreeGenerator -t 0.95,1,82000.0,1.107381,2.5313324079745343E-8,77920.0,82000.0,60.390243902439025,26.02010682921455,18.490262999397704,6.086453664883613,82000.0,126336.0
semisupervised.SelfTrainingClassifier -l trees.HoeffdingTree -s DistanceMeasure,SemiSupervisedStream -s generators.RandomTreeGenerator -t 0.95,1,83000.0,1.117214,2.5634698118600578E-8,78858.0,83000.0,60.425301204819284,26.084542941283306,18.582688875669252,6.170194532522089,83000.0,126336.0
semisupervised.SelfTrainingClassifier -l trees.HoeffdingTree -s DistanceMeasure,SemiSupervisedStream -s generators.RandomTreeGenerator -t 0.95,1,84000.0,1.126873,2.595038527829779E-8,79806.0,84000.0,60.444047619047616,26.12696719675773,18.627090833394547,6.209952860812353,84000.0,126336.0
semisupervised.SelfTrainingClassifier -l trees.HoeffdingTree -s DistanceMeasure,SemiSupervisedStream -s generators.RandomTreeGenerator -t 0.95,1,85000.0,1.13578,2.6241568397316665E-8,80755.0,85000.0,60.448235294117644,26.140577959515483,18.61579801011885,6.223152022315199,85000.0,126368.0
semisupervised.SelfTrainingClassifier -l trees.HoeffdingTree -s DistanceMeasure,SemiSupervisedStream -s generators.RandomTreeGenerator -t 0.95,1,86000.0,1.150937,2.679899577465322E-8,81694.0,86000.0,60.45232558139535,26.172558686673042,18.534575678459365,6.1454826425299505,86000.0,142160.0
semisupervised.SelfTrainingClassifier -l trees.HoeffdingTree -s DistanceMeasure,SemiSupervisedStream -s generators.RandomTreeGenerator -t 0.95,1,87000.0,1.15896,2.709892189544108E-8,82638.0,87000.0,60.46896551724138,26.216426301348193,18.54676361224925,6.166102804758275,87000.0,144504.0
semisupervised.SelfTrainingClassifier -l trees.HoeffdingTree -s DistanceMeasure,SemiSupervisedStream -s generators.RandomTreeGenerator -t 0.95,1,88000.0,1.168508,2.7456391066726708E-8,83587.0,88000.0,60.49545454545454,26.27425113216485,18.583573385793564,6.21560375526058,88000.0,144720.0
semisupervised.SelfTrainingClassifier -l trees.HoeffdingTree -s DistanceMeasure,SemiSupervisedStream -s generators.RandomTreeGenerator -t 0.95,1,89000.0,1.18015,2.789237832650542E-8,84537.0,89000.0,60.52022471910112,26.31911960971212,18.649286904982404,6.301333333333339,89000.0,144760.0
semisupervised.SelfTrainingClassifier -l trees.HoeffdingTree -s DistanceMeasure,SemiSupervisedStream -s generators.RandomTreeGenerator -t 0.95,1,90000.0,1.192555,2.835706793392698E-8,85494.0,90000.0,60.553333333333335,26.381194336244395,18.731830147647937,6.376582278481021,90000.0,144800.0
semisupervised.SelfTrainingClassifier -l trees.HoeffdingTree -s DistanceMeasure,SemiSupervisedStream -s generators.RandomTreeGenerator -t 0.95,1,91000.0,1.205109,2.882741700650917E-8,86452.0,91000.0,60.56153846153847,26.40151046619113,18.753537228623824,6.390359685959471,91000.0,144824.0
semisupervised.SelfTrainingClassifier -l trees.HoeffdingTree -s DistanceMeasure,SemiSupervisedStream -s generators.RandomTreeGenerator -t 0.95,1,92000.0,1.216419,2.9251485986428128E-8,87389.0,92000.0,60.55652173913043,26.402660926721346,18.795175330633064,6.370462110070436,92000.0,144936.0
semisupervised.SelfTrainingClassifier -l trees.HoeffdingTree -s DistanceMeasure,SemiSupervisedStream -s generators.RandomTreeGenerator -t 0.95,1,93000.0,1.228355,2.96990268656777E-8,88338.0,93000.0,60.581720430107524,26.446509817122287,18.827775563526842,6.474985330509979,93000.0,144936.0
semisupervised.SelfTrainingClassifier -l trees.HoeffdingTree -s DistanceMeasure,SemiSupervisedStream -s generators.RandomTreeGenerator -t 0.95,1,94000.0,1.239507,3.011717162819372E-8,89288.0,94000.0,60.58936170212766,26.467807993544945,18.895724325152713,6.4919985865011025,94000.0,144936.0
semisupervised.SelfTrainingClassifier -l trees.HoeffdingTree -s DistanceMeasure,SemiSupervisedStream -s generators.RandomTreeGenerator -t 0.95,1,95000.0,1.250519,3.053006708415018E-8,90241.0,95000.0,60.58842105263158,26.483458781842955,18.83941732420013,6.441940078462724,95000.0,144936.0
semisupervised.SelfTrainingClassifier -l trees.HoeffdingTree -s DistanceMeasure,SemiSupervisedStream -s generators.RandomTreeGenerator -t 0.95,1,96000.0,1.261499,3.0941762698607315E-8,91203.0,96000.0,60.59166666666667,26.50224883118065,18.8415746004505,6.423606816888862,96000.0,144936.0
semisupervised.SelfTrainingClassifier -l trees.HoeffdingTree -s DistanceMeasure,SemiSupervisedStream -s generators.RandomTreeGenerator -t 0.95,1,97000.0,1.273267,3.1383028765105544E-8,92150.0,97000.0,60.623711340206185,26.556291494124796,18.872132540356844,6.533708552551095,97000.0,144944.0
semisupervised.SelfTrainingClassifier -l trees.HoeffdingTree -s DistanceMeasure,SemiSupervisedStream -s generators.RandomTreeGenerator -t 0.95,1,98000.0,1.284811,3.181589547751679E-8,93095.0,98000.0,60.63775510204081,26.577650582162203,18.919202959475363,6.618412452492185,98000.0,144944.0
semisupervised.SelfTrainingClassifier -l trees.HoeffdingTree -s DistanceMeasure,SemiSupervisedStream -s generators.RandomTreeGenerator -t 0.95,1,99000.0,1.296098,3.2239125430997884E-8,94050.0,99000.0,60.657575757575756,26.618155210599898,18.992949397891056,6.657559853332362,99000.0,144944.0
semisupervised.SelfTrainingClassifier -l trees.HoeffdingTree -s DistanceMeasure,SemiSupervisedStream -s generators.RandomTreeGenerator -t 0.95,1,100000.0,1.31617,3.3065419969045466E-8,95009.0,100000.0,60.711000000000006,26.703317627124214,19.065177982860916,6.858375610449959,100000.0,159128.0
semisupervised.SelfTrainingClassifier -l trees.HoeffdingTree -s DistanceMeasure,SemiSupervisedStream -s generators.RandomTreeGenerator -t 0.95,1,101000.0,1.328413,3.3569421764049275E-8,95970.0,101000.0,60.72178217821782,26.727475665312305,19.091613640071785,6.886515667175219,101000.0,159128.0
semisupervised.SelfTrainingClassifier -l trees.HoeffdingTree -s DistanceMeasure,SemiSupervisedStream -s generators.RandomTreeGenerator -t 0.95,1,102000.0,1.34082,3.408430896285508E-8,96895.0,102000.0,60.72450980392156,26.73617852046443,19.117706440541085,6.912817176317502,102000.0,160416.0
semisupervised.SelfTrainingClassifier -l trees.HoeffdingTree -s DistanceMeasure,SemiSupervisedStream -s generators.RandomTreeGenerator -t 0.95,1,103000.0,1.353829,3.4624313618987805E-8,97837.0,103000.0,60.74368932038835,26.76176881800184,19.227311772108912,7.02904049113611,103000.0,160456.0
semisupervised.SelfTrainingClassifier -l trees.HoeffdingTree -s DistanceMeasure,SemiSupervisedStream -s generators.RandomTreeGenerator -t 0.95,1,104000.0,1.365008,3.508835482514567E-8,98786.0,104000.0,60.75961538461539,26.810367799557394,19.231302076117725,7.000592498062981,104000.0,160456.0
semisupervised.SelfTrainingClassifier -l trees.HoeffdingTree -s DistanceMeasure,SemiSupervisedStream -s generators.RandomTreeGenerator -t 0.95,1,105000.0,1.375449,3.552176159082188E-8,99728.0,105000.0,60.77142857142858,26.83855755359854,19.22895913404974,7.032907506883955,105000.0,160456.0
semisupervised.SelfTrainingClassifier -l trees.HoeffdingTree -s DistanceMeasure,SemiSupervisedStream -s generators.RandomTreeGenerator -t 0.95,1,106000.0,1.388141,3.604860755097535E-8,100684.0,106000.0,60.76603773584905,26.84289238946081,19.229349958243496,6.989018853577249,106000.0,160456.0
semisupervised.SelfTrainingClassifier -l trees.HoeffdingTree -s DistanceMeasure,SemiSupervisedStream -s generators.RandomTreeGenerator -t 0.95,1,107000.0,1.399958,3.653913218941953E-8,101625.0,107000.0,60.74392523364486,26.80873685218238,19.216862835602726,6.951397811350843,107000.0,160456.0
semisupervised.SelfTrainingClassifier -l trees.HoeffdingTree -s DistanceMeasure,SemiSupervisedStream -s generators.RandomTreeGenerator -t 0.95,1,108000.0,1.411704,3.702860575997167E-8,102577.0,108000.0,60.7712962962963,26.865253469144246,19.231722428748448,6.998134123586869,108000.0,161080.0
semisupervised.SelfTrainingClassifier -l trees.HoeffdingTree -s DistanceMeasure,SemiSupervisedStream -s generators.RandomTreeGenerator -t 0.95,1,109000.0,1.423767,3.753131416522794E-8,103521.0,109000.0,60.809174311926604,26.933109632344447,19.334554449836666,7.100450166365822,109000.0,161088.0
semisupervised.SelfTrainingClassifier -l trees.HoeffdingTree -s DistanceMeasure,SemiSupervisedStream -s generators.RandomTreeGenerator -t 0.95,1,110000.0,1.435789,3.803248811927106E-8,104467.0,110000.0,60.83454545454545,26.97945563682329,19.355321777544827,7.182867976559791,110000.0,161144.0
semisupervised.SelfTrainingClassifier -l trees.HoeffdingTree -s DistanceMeasure,SemiSupervisedStream -s generators.RandomTreeGenerator -t 0.95,1,111000.0,1.458455,3.906060764773024E-8,105414.0,111000.0,60.859459459459465,27.03254706578697,19.368249137003083,7.216230646022427,111000.0,175336.0
semisupervised.SelfTrainingClassifier -l trees.HoeffdingTree -s DistanceMeasure,SemiSupervisedStream -s generators.RandomTreeGenerator -t 0.95,1,112000.0,1.470447,3.961123558796114E-8,106359.0,112000.0,60.85089285714286,27.020328015543292,19.355906641408104,7.223715113941738,112000.0,177488.0
semisupervised.SelfTrainingClassifier -l trees.HoeffdingTree -s DistanceMeasure,SemiSupervisedStream -s generators.RandomTreeGenerator -t 0.95,1,113000.0,1.484132,4.024019455123279E-8,107313.0,113000.0,60.861946902654864,27.045333705656272,19.376538146021314,7.253853413022962,113000.0,177656.0
semisupervised.SelfTrainingClassifier -l trees.HoeffdingTree -s DistanceMeasure,SemiSupervisedStream -s generators.RandomTreeGenerator -t 0.95,1,114000.0,1.495989,4.0785384513437744E-8,108273.0,114000.0,60.86491228070175,27.062435486289832,19.396567299006325,7.235829833243243,114000.0,177736.0
semisupervised.SelfTrainingClassifier -l trees.HoeffdingTree -s DistanceMeasure,SemiSupervisedStream -s generators.RandomTreeGenerator -t 0.95,1,115000.0,1.50986,4.14253321248624E-8,109225.0,115000.0,60.866086956521734,27.078215122271605,19.333213837605292,7.200593863411421,115000.0,178336.0
semisupervised.SelfTrainingClassifier -l trees.HoeffdingTree -s DistanceMeasure,SemiSupervisedStream -s generators.RandomTreeGenerator -t 0.95,1,116000.0,1.521913,4.198145501315593E-8,110179.0,116000.0,60.86810344827587,27.091129292070796,19.354380229893245,7.183167709483507,116000.0,178352.0
semisupervised.SelfTrainingClassifier -l trees.HoeffdingTree -s DistanceMeasure,SemiSupervisedStream -s generators.RandomTreeGenerator -t 0.95,1,117000.0,1.533068,4.249614437007241E-8,111123.0,117000.0,60.88119658119658,27.11673651047179,19.403747270550124,7.230014593805742,117000.0,178352.0
semisupervised.SelfTrainingClassifier -l trees.HoeffdingTree -s DistanceMeasure,SemiSupervisedStream -s generators.RandomTreeGenerator -t 0.95,1,118000.0,1.546381,4.3110458499027615E-8,112073.0,118000.0,60.89576271186441,27.142535518882692,19.455741939988492,7.276344345309865,118000.0,178368.0
semisupervised.SelfTrainingClassifier -l trees.HoeffdingTree -s DistanceMeasure,SemiSupervisedStream -s generators.RandomTreeGenerator -t 0.95,1,119000.0,1.560733,4.3775033002926235E-8,113028.0,119000.0,60.91260504201681,27.177056709451957,19.512026302128398,7.314934741456621,119000.0,178992.0
semisupervised.SelfTrainingClassifier -l trees.HoeffdingTree -s DistanceMeasure,SemiSupervisedStream -s generators.RandomTreeGenerator -t 0.95,1,120000.0,1.580551,4.4692712595893266E-8,113970.0,120000.0,60.91583333333334,27.178002520935113,19.491554517989577,7.36702810531098,120000.0,178992.0
semisupervised.SelfTrainingClassifier -l trees.HoeffdingTree -s DistanceMeasure,SemiSupervisedStream -s generators.RandomTreeGenerator -t 0.95,1,121000.0,1.597721,4.548781113492117E-8,114921.0,121000.0,60.92231404958678,27.19739727288851,19.51933551198258,7.364379052955368,121000.0,179000.0
semisupervised.SelfTrainingClassifier -l trees.HoeffdingTree -s DistanceMeasure,SemiSupervisedStream -s generators.RandomTreeGenerator -t 0.95,1,122000.0,1.619148,4.648008474045329E-8,115867.0,122000.0,60.93852459016394,27.227122557955074,19.558758988555415,7.415682312713703,122000.0,179008.0
semisupervised.SelfTrainingClassifier -l trees.HoeffdingTree -s DistanceMeasure,SemiSupervisedStream -s generators.RandomTreeGenerator -t 0.95,1,123000.0,1.63772,4.734014473027653E-8,116825.0,123000.0,60.94471544715447,27.244768486797266,19.537033935211547,7.41268984658084,123000.0,179008.0
semisupervised.SelfTrainingClassifier -l trees.HoeffdingTree -s DistanceMeasure,SemiSupervisedStream -s generators.RandomTreeGenerator -t 0.95,1,124000.0,1.656837,4.822548296095596E-8,117775.0,124000.0,60.95967741935484,27.274366570017435,19.556655976337257,7.444937289691037,124000.0,179016.0
semisupervised.SelfTrainingClassifier -l trees.HoeffdingTree -s DistanceMeasure,SemiSupervisedStream -s generators.RandomTreeGenerator -t 0.95,1,125000.0,1.676599,4.914069215249684E-8,118725.0,125000.0,60.9784,27.313152889929977,19.580235107908923,7.477380071700907,125000.0,179016.0
semisupervised.SelfTrainingClassifier -l trees.HoeffdingTree -s DistanceMeasure,SemiSupervisedStream -s generators.RandomTreeGenerator -t 0.95,1,126000.0,1.695151,4.999986434769299E-8,119685.0,126000.0,60.98571428571429,27.327245000136706,19.613422291993714,7.500376335992785,126000.0,179016.0
semisupervised.SelfTrainingClassifier -l trees.HoeffdingTree -s DistanceMeasure,SemiSupervisedStream -s generators.RandomTreeGenerator -t 0.95,1,127000.0,1.714044,5.0874828787313566E-8,120634.0,127000.0,60.99842519685039,27.347870075290594,19.665244822161302,7.544704520849665,127000.0,179016.0
semisupervised.SelfTrainingClassifier -l trees.HoeffdingTree -s DistanceMeasure,SemiSupervisedStream -s generators.RandomTreeGenerator -t 0.95,1,128000.0,1.735255,5.185714343976643E-8,121574.0,128000.0,61.017187500000006,27.382149008854924,19.7084285392463,7.589451070449662,128000.0,179016.0
semisupervised.SelfTrainingClassifier -l trees.HoeffdingTree -s DistanceMeasure,SemiSupervisedStream -s generators.RandomTreeGenerator -t 0.95,1,129000.0,1.75448,5.2747483319706386E-8,122518.0,129000.0,61.031007751937985,27.411848123980526,19.724697390693365,7.600404374597923,129000.0,179016.0
semisupervised.SelfTrainingClassifier -l trees.HoeffdingTree -s DistanceMeasure,SemiSupervisedStream -s generators.RandomTreeGenerator -t 0.95,1,130000.0,1.775294,5.3711412279970114E-8,123462.0,130000.0,61.04461538461538,27.431606056771262,19.75725309375545,7.654996353026997,130000.0,179016.0
semisupervised.SelfTrainingClassifier -l trees.HoeffdingTree -s DistanceMeasure,SemiSupervisedStream -s generators.RandomTreeGenerator -t 0.95,1,131000.0,1.795618,5.465264857229259E-8,124410.0,131000.0,61.06488549618321,27.467246709701225,19.822368938143526,7.723341896732634,131000.0,179016.0
semisupervised.SelfTrainingClassifier -l trees.HoeffdingTree -s DistanceMeasure,SemiSupervisedStream -s generators.RandomTreeGenerator -t 0.95,1,132000.0,1.81473,5.553775524513589E-8,125371.0,132000.0,61.07878787878788,27.495269038913577,19.873984310422806,7.74314035339749,132000.0,179016.0
semisupervised.SelfTrainingClassifier -l trees.HoeffdingTree -s DistanceMeasure,SemiSupervisedStream -s generators.RandomTreeGenerator -t 0.95,1,133000.0,1.832635,5.6366963856336144E-8,126316.0,133000.0,61.081203007518795,27.493979234232828,19.855696280927738,7.791791363830687,133000.0,179016.0
semisupervised.SelfTrainingClassifier -l trees.HoeffdingTree -s DistanceMeasure,SemiSupervisedStream -s generators.RandomTreeGenerator -t 0.95,1,134000.0,1.843261,5.685907056969073E-8,127274.0,134000.0,61.08805970149254,27.504520180366416,19.901070709863745,7.83561643835616,134000.0,179016.0
semisupervised.SelfTrainingClassifier -l trees.HoeffdingTree -s DistanceMeasure,SemiSupervisedStream -s generators.RandomTreeGenerator -t 0.95,1,135000.0,1.853606,5.733816373265452E-8,128225.0,135000.0,61.093333333333334,27.514382108881424,19.941469660249663,7.855864706501533,135000.0,179016.0
semisupervised.SelfTrainingClassifier -l trees.HoeffdingTree -s DistanceMeasure,SemiSupervisedStream -s generators.RandomTreeGenerator -t 0.95,1,136000.0,1.865104,5.787065413263109E-8,129181.0,136000.0,61.11985294117647,27.559356670685798,20.017848769493725,7.924705718464861,136000.0,179016.0
semisupervised.SelfTrainingClassifier -l trees.HoeffdingTree -s DistanceMeasure,SemiSupervisedStream -s generators.RandomTreeGenerator -t 0.95,1,137000.0,1.875643,5.8358753551211624E-8,130126.0,137000.0,61.135766423357666,27.586752413322234,20.06485610052696,7.976287180905295,137000.0,179024.0
semisupervised.SelfTrainingClassifier -l trees.HoeffdingTree -s DistanceMeasure,SemiSupervisedStream -s generators.RandomTreeGenerator -t 0.95,1,138000.0,1.886201,5.884773292889198E-8,131071.0,138000.0,61.134057971014485,27.59245409869328,20.074210949840545,7.94329162590323,138000.0,179024.0
semisupervised.SelfTrainingClassifier -l trees.HoeffdingTree -s DistanceMeasure,SemiSupervisedStream -s generators.RandomTreeGenerator -t 0.95,1,139000.0,1.896789,5.9338101715677315E-8,132022.0,139000.0,61.159712230215824,27.640128232119064,20.170341125848374,8.008451472191913,139000.0,179024.0
semisupervised.SelfTrainingClassifier -l trees.HoeffdingTree -s DistanceMeasure,SemiSupervisedStream -s generators.RandomTreeGenerator -t 0.95,1,140000.0,1.906167,5.9772431001895E-8,132974.0,140000.0,61.18642857142858,27.68922357992854,20.230475631238992,8.065171048624512,140000.0,179024.0
semisupervised.SelfTrainingClassifier -l trees.HoeffdingTree -s DistanceMeasure,SemiSupervisedStream -s generators.RandomTreeGenerator -t 0.95,1,141000.0,1.917139,6.028058422522412E-8,133929.0,141000.0,61.209219858156025,27.72483881823571,20.290594304701386,8.137386630836406,141000.0,179024.0
semisupervised.SelfTrainingClassifier -l trees.HoeffdingTree -s DistanceMeasure,SemiSupervisedStream -s generators.RandomTreeGenerator -t 0.95,1,142000.0,1.927382,6.075497480730215E-8,134878.0,142000.0,61.23591549295775,27.763641035772203,20.332016267928747,8.236921948454636,142000.0,179024.0
semisupervised.SelfTrainingClassifier -l trees.HoeffdingTree -s DistanceMeasure,SemiSupervisedStream -s generators.RandomTreeGenerator -t 0.95,1,143000.0,1.936693,6.118620107985205E-8,135824.0,143000.0,61.27762237762238,27.841861165927767,20.40907261541999,8.327400956906114,143000.0,179024.0
semisupervised.SelfTrainingClassifier -l trees.HoeffdingTree -s DistanceMeasure,SemiSupervisedStream -s generators.RandomTreeGenerator -t 0.95,1,144000.0,1.94582,6.160890564322472E-8,136764.0,144000.0,61.29375,27.871179637622774,20.445040750203407,8.374019825417973,144000.0,179024.0
semisupervised.SelfTrainingClassifier -l trees.HoeffdingTree -s DistanceMeasure,SemiSupervisedStream -s generators.RandomTreeGenerator -t 0.95,1,145000.0,1.954728,6.202146752013101E-8,137709.0,145000.0,61.31862068965517,27.912020486906037,20.50907750960189,8.450175467232505,145000.0,179024.0
semisupervised.SelfTrainingClassifier -l trees.HoeffdingTree -s DistanceMeasure,SemiSupervisedStream -s generators.RandomTreeGenerator -t 0.95,1,146000.0,1.964626,6.247987989750174E-8,138659.0,146000.0,61.351369863013694,27.97055784427256,20.560037166870785,8.52691815131226,146000.0,179024.0
semisupervised.SelfTrainingClassifier -l trees.HoeffdingTree -s DistanceMeasure,SemiSupervisedStream -s generators.RandomTreeGenerator -t 0.95,1,147000.0,1.974062,6.291689537465573E-8,139613.0,147000.0,61.37006802721089,28.003168960345782,20.637848867273213,8.583663350397646,147000.0,179024.0
semisupervised.SelfTrainingClassifier -l trees.HoeffdingTree -s DistanceMeasure,SemiSupervisedStream -s generators.RandomTreeGenerator -t 0.95,1,148000.0,1.983422,6.335039101541044E-8,140556.0,148000.0,61.38243243243243,28.028124008304907,20.658013465676405,8.615010712800991,148000.0,179024.0
semisupervised.SelfTrainingClassifier -l trees.HoeffdingTree -s DistanceMeasure,SemiSupervisedStream -s generators.RandomTreeGenerator -t 0.95,1,149000.0,1.992502,6.377091883785196E-8,141508.0,149000.0,61.40134228187919,28.05992861190003,20.658876764109415,8.66761950134983,149000.0,179024.0
semisupervised.SelfTrainingClassifier -l trees.HoeffdingTree -s DistanceMeasure,SemiSupervisedStream -s generators.RandomTreeGenerator -t 0.95,1,150000.0,2.000338,6.413383249607352E-8,142468.0,150000.0,61.413333333333334,28.087934649999234,20.67755728538536,8.66196405182343,150000.0,179024.0
Learner,stream,randomSeed,learning evaluation instances,evaluation time (cpu seconds),model cost (RAM-Hours),Unlabeled instances,classified instances,classifications correct (percent),Kappa Statistic (percent),Kappa Temporal Statistic (percent),Kappa M Statistic (percent),model training instances,model serialized size (bytes)
semisupervised.SelfTrainingClassifier -l trees.HoeffdingTree -s DistanceMeasure,SemiSupervisedStream -s generators.RandomTreeGenerator -t 0.95,1,1000.0,0.09215,1.72272107253472E-9,959.0,1000.0,59.599999999999994,13.905167820990927,16.008316008316,-8.021390374331558,1000.0,72456.0
semisupervised.SelfTrainingClassifier -l trees.HoeffdingTree -s DistanceMeasure,SemiSupervisedStream -s generators.RandomTreeGenerator -t 0.95,1,2000.0,0.137461,2.5827398958305515E-9,1916.0,2000.0,61.650000000000006,19.192557708313597,16.53971708378674,1.413881748071995,2000.0,73368.0
semisupervised.SelfTrainingClassifier -l trees.HoeffdingTree -s DistanceMeasure,SemiSupervisedStream -s generators.RandomTreeGenerator -t 0.95,1,3000.0,0.162073,3.0498843702177206E-9,2867.0,3000.0,60.9,20.42739016311593,16.15439599714082,1.09612141652613,3000.0,73368.0
semisupervised.SelfTrainingClassifier -l trees.HoeffdingTree -s DistanceMeasure,SemiSupervisedStream -s generators.RandomTreeGenerator -t 0.95,1,4000.0,0.178975,3.3711100804309047E-9,3813.0,4000.0,61.775000000000006,23.072627188015225,18.49680170575693,4.735202492211842,4000.0,73464.0
semisupervised.SelfTrainingClassifier -l trees.HoeffdingTree -s DistanceMeasure,SemiSupervisedStream -s generators.RandomTreeGenerator -t 0.95,1,5000.0,0.193194,3.641344867646694E-9,4762.0,5000.0,61.8,23.606025956672536,18.166238217652097,4.785643070787636,5000.0,73464.0
semisupervised.SelfTrainingClassifier -l trees.HoeffdingTree -s DistanceMeasure,SemiSupervisedStream -s generators.RandomTreeGenerator -t 0.95,1,6000.0,0.207481,3.912872007737557E-9,5708.0,6000.0,62.516666666666666,25.297200222768684,19.59242045048265,7.104502271788506,6000.0,73464.0
semisupervised.SelfTrainingClassifier -l trees.HoeffdingTree -s DistanceMeasure,SemiSupervisedStream -s generators.RandomTreeGenerator -t 0.95,1,7000.0,0.218779,4.127592636893193E-9,6653.0,7000.0,62.87142857142857,26.221412165887582,21.17076129814982,8.902909218366624,7000.0,73464.0
semisupervised.SelfTrainingClassifier -l trees.HoeffdingTree -s DistanceMeasure,SemiSupervisedStream -s generators.RandomTreeGenerator -t 0.95,1,8000.0,0.230854,4.35708029816548E-9,7596.0,8000.0,63.7,27.913436548185544,23.093220338983052,10.892911936176754,8000.0,73464.0
semisupervised.SelfTrainingClassifier -l trees.HoeffdingTree -s DistanceMeasure,SemiSupervisedStream -s generators.RandomTreeGenerator -t 0.95,1,9000.0,0.240002,4.530939770241579E-9,8553.0,9000.0,63.76666666666667,28.265177308126404,23.2525300070605,11.67388949079092,9000.0,73464.0
semisupervised.SelfTrainingClassifier -l trees.HoeffdingTree -s DistanceMeasure,SemiSupervisedStream -s generators.RandomTreeGenerator -t 0.95,1,10000.0,0.276132,5.3663992219501075E-9,9501.0,10000.0,63.580000000000005,28.162687960492562,23.2293423271501,11.062271062271064,10000.0,89384.0
semisupervised.SelfTrainingClassifier -l trees.HoeffdingTree -s DistanceMeasure,SemiSupervisedStream -s generators.RandomTreeGenerator -t 0.95,1,11000.0,0.291328,5.722944794429673E-9,10446.0,11000.0,63.46363636363637,28.181781497298008,23.037150517043294,11.339069049194794,11000.0,90696.0
semisupervised.SelfTrainingClassifier -l trees.HoeffdingTree -s DistanceMeasure,SemiSupervisedStream -s generators.RandomTreeGenerator -t 0.95,1,12000.0,0.309755,6.155566664205657E-9,11395.0,12000.0,63.68333333333334,28.669500409070103,23.67775831873906,12.313883299798803,12000.0,90752.0
semisupervised.SelfTrainingClassifier -l trees.HoeffdingTree -s DistanceMeasure,SemiSupervisedStream -s generators.RandomTreeGenerator -t 0.95,1,13000.0,0.334205,6.7377916640705534E-9,12350.0,13000.0,63.823076923076925,28.944047577817074,23.98577662841442,12.159133358236843,13000.0,92048.0
semisupervised.SelfTrainingClassifier -l trees.HoeffdingTree -s DistanceMeasure,SemiSupervisedStream -s generators.RandomTreeGenerator -t 0.95,1,14000.0,0.351917,7.1595654553837246E-9,13305.0,14000.0,63.82142857142858,29.172607404531952,24.39170025376923,12.597066436583265,14000.0,92048.0
semisupervised.SelfTrainingClassifier -l trees.HoeffdingTree -s DistanceMeasure,SemiSupervisedStream -s generators.RandomTreeGenerator -t 0.95,1,15000.0,0.369428,7.576552857127454E-9,14261.0,15000.0,63.68000000000001,29.13671452834708,24.22809457579972,12.594256377346385,15000.0,92048.0
semisupervised.SelfTrainingClassifier -l trees.HoeffdingTree -s DistanceMeasure,SemiSupervisedStream -s generators.RandomTreeGenerator -t 0.95,1,16000.0,0.384487,7.935151068700685E-9,15216.0,16000.0,63.5375,29.082467037903882,23.858000522056916,12.204665161775772,16000.0,92048.0
semisupervised.SelfTrainingClassifier -l trees.HoeffdingTree -s DistanceMeasure,SemiSupervisedStream -s generators.RandomTreeGenerator -t 0.95,1,17000.0,0.409145,8.522329148319033E-9,16169.0,17000.0,63.535294117647055,29.206973810711677,23.891958256599136,12.356849992930869,17000.0,92048.0
semisupervised.SelfTrainingClassifier -l trees.HoeffdingTree -s DistanceMeasure,SemiSupervisedStream -s generators.RandomTreeGenerator -t 0.95,1,18000.0,0.424603,8.890428700380855E-9,17125.0,18000.0,63.516666666666666,29.301718251862578,23.896164097809706,12.299679487179493,18000.0,92048.0
semisupervised.SelfTrainingClassifier -l trees.HoeffdingTree -s DistanceMeasure,SemiSupervisedStream -s generators.RandomTreeGenerator -t 0.95,1,19000.0,0.435431,9.148297011852265E-9,18063.0,19000.0,63.689473684210526,29.70813095260285,24.25340360122969,13.001261034047934,19000.0,92056.0
semisupervised.SelfTrainingClassifier -l trees.HoeffdingTree -s DistanceMeasure,SemiSupervisedStream -s generators.RandomTreeGenerator -t 0.95,1,20000.0,0.445688,9.392566985140244E-9,19009.0,20000.0,63.815,30.036690279340085,24.44931621254828,13.246223927115805,20000.0,92056.0
semisupervised.SelfTrainingClassifier -l trees.HoeffdingTree -s DistanceMeasure,SemiSupervisedStream -s generators.RandomTreeGenerator -t 0.95,1,21000.0,0.4548,9.609568837202257E-9,19955.0,21000.0,63.92857142857142,30.331220552869347,24.731717011128765,13.547135357224354,21000.0,92056.0
semisupervised.SelfTrainingClassifier -l trees.HoeffdingTree -s DistanceMeasure,SemiSupervisedStream -s generators.RandomTreeGenerator -t 0.95,1,22000.0,0.462541,9.796115240703026E-9,20912.0,22000.0,63.92272727272727,30.414473955197725,24.58190801976435,13.2568306010929,22000.0,93152.0
semisupervised.SelfTrainingClassifier -l trees.HoeffdingTree -s DistanceMeasure,SemiSupervisedStream -s generators.RandomTreeGenerator -t 0.95,1,23000.0,0.469045,9.952851813286543E-9,21847.0,23000.0,63.813043478260866,30.335029737413766,24.439400817067636,12.884655641616078,23000.0,93152.0
semisupervised.SelfTrainingClassifier -l trees.HoeffdingTree -s DistanceMeasure,SemiSupervisedStream -s generators.RandomTreeGenerator -t 0.95,1,24000.0,0.476874,1.0141518883821037E-8,22802.0,24000.0,63.733333333333334,30.29559338588948,24.378801042571677,12.540192926045002,24000.0,93152.0
semisupervised.SelfTrainingClassifier -l trees.HoeffdingTree -s DistanceMeasure,SemiSupervisedStream -s generators.RandomTreeGenerator -t 0.95,1,25000.0,0.482216,1.0270253012163772E-8,23746.0,25000.0,63.748000000000005,30.415310419119884,24.355229112761883,12.696272035449402,25000.0,93152.0
semisupervised.SelfTrainingClassifier -l trees.HoeffdingTree -s DistanceMeasure,SemiSupervisedStream -s generators.RandomTreeGenerator -t 0.95,1,26000.0,0.487575,1.0399396814819839E-8,24701.0,26000.0,63.69230769230769,30.389686442464015,24.267950260730046,12.705751803218057,26000.0,93152.0
semisupervised.SelfTrainingClassifier -l trees.HoeffdingTree -s DistanceMeasure,SemiSupervisedStream -s generators.RandomTreeGenerator -t 0.95,1,27000.0,0.492527,1.0518732532444928E-8,25661.0,27000.0,63.65555555555555,30.385329344857343,24.340786430223584,12.765579162592239,27000.0,93152.0
semisupervised.SelfTrainingClassifier -l trees.HoeffdingTree -s DistanceMeasure,SemiSupervisedStream -s generators.RandomTreeGenerator -t 0.95,1,28000.0,0.498716,1.0667878080987268E-8,26619.0,28000.0,63.449999999999996,30.117957187264636,24.085750315258498,12.139423076923073,28000.0,93152.0
semisupervised.SelfTrainingClassifier -l trees.HoeffdingTree -s DistanceMeasure,SemiSupervisedStream -s generators.RandomTreeGenerator -t 0.95,1,29000.0,0.50499,1.0819072001096275E-8,27556.0,29000.0,63.46896551724138,30.226009353429355,24.133486107132622,12.206845114775849,29000.0,93152.0
semisupervised.SelfTrainingClassifier -l trees.HoeffdingTree -s DistanceMeasure,SemiSupervisedStream -s generators.RandomTreeGenerator -t 0.95,1,30000.0,0.51048,1.0951372705813911E-8,28503.0,30000.0,63.45666666666666,30.270411382820093,24.272984734406293,12.21172325432414,30000.0,93152.0
semisupervised.SelfTrainingClassifier -l trees.HoeffdingTree -s DistanceMeasure,SemiSupervisedStream -s generators.RandomTreeGenerator -t 0.95,1,31000.0,0.516125,1.1087408676329586E-8,29436.0,31000.0,63.4,30.21671981489819,24.071471592049786,12.128252788104097,31000.0,93152.0
semisupervised.SelfTrainingClassifier -l trees.HoeffdingTree -s DistanceMeasure,SemiSupervisedStream -s generators.RandomTreeGenerator -t 0.95,1,32000.0,0.522559,1.124245835468173E-8,30385.0,32000.0,63.3625,30.195739802655307,24.0427599611273,12.146871487448474,32000.0,93152.0
semisupervised.SelfTrainingClassifier -l trees.HoeffdingTree -s DistanceMeasure,SemiSupervisedStream -s generators.RandomTreeGenerator -t 0.95,1,33000.0,0.528036,1.1374445779042112E-8,31328.0,33000.0,63.303030303030305,30.12303559885387,23.970366649924667,12.144515380150901,33000.0,93152.0
semisupervised.SelfTrainingClassifier -l trees.HoeffdingTree -s DistanceMeasure,SemiSupervisedStream -s generators.RandomTreeGenerator -t 0.95,1,34000.0,0.533512,1.1506409104913473E-8,32277.0,34000.0,63.220588235294116,30.039400666927552,23.79646556977453,11.849710982658953,34000.0,93152.0
semisupervised.SelfTrainingClassifier -l trees.HoeffdingTree -s DistanceMeasure,SemiSupervisedStream -s generators.RandomTreeGenerator -t 0.95,1,35000.0,0.539575,1.1652518243839344E-8,33231.0,35000.0,63.12571428571429,29.920917824580336,23.673783192382754,11.639052444201019,35000.0,93152.0
semisupervised.SelfTrainingClassifier -l trees.HoeffdingTree -s DistanceMeasure,SemiSupervisedStream -s generators.RandomTreeGenerator -t 0.95,1,36000.0,0.54528,1.1790000123696195E-8,34176.0,36000.0,63.047222222222224,29.817140845738177,23.44918862930142,11.549202127659578,36000.0,93152.0
semisupervised.SelfTrainingClassifier -l trees.HoeffdingTree -s DistanceMeasure,SemiSupervisedStream -s generators.RandomTreeGenerator -t 0.95,1,37000.0,0.550382,1.1912950614674223E-8,35128.0,37000.0,62.97837837837837,29.73401312862871,23.34639059876887,11.425800193986413,37000.0,93152.0
semisupervised.SelfTrainingClassifier -l trees.HoeffdingTree -s DistanceMeasure,SemiSupervisedStream -s generators.RandomTreeGenerator -t 0.95,1,38000.0,0.556517,1.2060794844809506E-8,36077.0,38000.0,62.93684210526316,29.718181268759647,23.28140320296328,11.253938248267179,38000.0,93152.0
semisupervised.SelfTrainingClassifier -l trees.HoeffdingTree -s DistanceMeasure,SemiSupervisedStream -s generators.RandomTreeGenerator -t 0.95,1,39000.0,0.561875,1.2189914548976555E-8,37032.0,39000.0,62.89743589743589,29.695493395539856,23.264570186137767,11.134311858994023,39000.0,93152.0
semisupervised.SelfTrainingClassifier -l trees.HoeffdingTree -s DistanceMeasure,SemiSupervisedStream -s generators.RandomTreeGenerator -t 0.95,1,40000.0,0.567104,1.2315925548060074E-8,37984.0,40000.0,62.8325,29.608455068558893,23.171929099271352,11.082535885167477,40000.0,93152.0
semisupervised.SelfTrainingClassifier -l trees.HoeffdingTree -s DistanceMeasure,SemiSupervisedStream -s generators.RandomTreeGenerator -t 0.95,1,41000.0,0.572397,1.2443478850440848E-8,38933.0,41000.0,62.729268292682924,29.47138438936532,22.97883064516129,10.778303263852406,41000.0,93152.0
semisupervised.SelfTrainingClassifier -l trees.HoeffdingTree -s DistanceMeasure,SemiSupervisedStream -s generators.RandomTreeGenerator -t 0.95,1,42000.0,0.577924,1.2576671199252209E-8,39881.0,42000.0,62.67619047619048,29.422226949951842,22.865718643901,10.632233053987784,42000.0,93152.0
semisupervised.SelfTrainingClassifier -l trees.HoeffdingTree -s DistanceMeasure,SemiSupervisedStream -s generators.RandomTreeGenerator -t 0.95,1,43000.0,0.583149,1.270258580437965E-8,40828.0,43000.0,62.66744186046511,29.44103538203765,22.814693720550054,10.613063088145214,43000.0,93152.0
semisupervised.SelfTrainingClassifier -l trees.HoeffdingTree -s DistanceMeasure,SemiSupervisedStream -s generators.RandomTreeGenerator -t 0.95,1,44000.0,0.589163,1.284751411734356E-8,41783.0,44000.0,62.590909090909086,29.342655201398316,22.639469850072842,10.402264438517227,44000.0,93152.0
semisupervised.SelfTrainingClassifier -l trees.HoeffdingTree -s DistanceMeasure,SemiSupervisedStream -s generators.RandomTreeGenerator -t 0.95,1,45000.0,0.594202,1.2968946403513353E-8,42742.0,45000.0,62.52444444444445,29.25157916753232,22.496438255434548,10.221465076661005,45000.0,93152.0
semisupervised.SelfTrainingClassifier -l trees.HoeffdingTree -s DistanceMeasure,SemiSupervisedStream -s generators.RandomTreeGenerator -t 0.95,1,46000.0,0.599307,1.3091969189958442E-8,43699.0,46000.0,62.452173913043474,29.16011877246134,22.28571428571427,10.032295030732358,46000.0,93152.0
semisupervised.SelfTrainingClassifier -l trees.HoeffdingTree -s DistanceMeasure,SemiSupervisedStream -s generators.RandomTreeGenerator -t 0.95,1,47000.0,0.6049,1.3226752039045097E-8,44653.0,47000.0,62.41489361702127,29.13401096487629,22.08794601508402,9.877047089434189,47000.0,93152.0
semisupervised.SelfTrainingClassifier -l trees.HoeffdingTree -s DistanceMeasure,SemiSupervisedStream -s generators.RandomTreeGenerator -t 0.95,1,48000.0,0.612178,1.340214084212979E-8,45600.0,48000.0,62.37916666666666,29.080092169763354,21.99568034557235,9.908201955697452,48000.0,93152.0
semisupervised.SelfTrainingClassifier -l trees.HoeffdingTree -s DistanceMeasure,SemiSupervisedStream -s generators.RandomTreeGenerator -t 0.95,1,49000.0,0.618552,1.3555744611140757E-8,46539.0,49000.0,62.26530612244898,28.899037383324615,21.854528549089228,9.615290609571298,49000.0,93152.0
semisupervised.SelfTrainingClassifier -l trees.HoeffdingTree -s DistanceMeasure,SemiSupervisedStream -s generators.RandomTreeGenerator -t 0.95,1,50000.0,0.62485,1.3707516894986234E-8,47480.0,50000.0,62.222,28.831978357096666,21.81058034605514,9.604709035222042,50000.0,93152.0
semisupervised.SelfTrainingClassifier -l trees.HoeffdingTree -s DistanceMeasure,SemiSupervisedStream -s generators.RandomTreeGenerator -t 0.95,1,51000.0,0.630121,1.3834540030608576E-8,48437.0,51000.0,62.239215686274505,28.864079821652833,21.874239350912767,9.794369759707697,51000.0,93152.0
semisupervised.SelfTrainingClassifier -l trees.HoeffdingTree -s DistanceMeasure,SemiSupervisedStream -s generators.RandomTreeGenerator -t 0.95,1,52000.0,0.635545,1.3965250235050918E-8,49373.0,52000.0,62.176923076923075,28.775549096499116,21.719402985074613,9.672085974097543,52000.0,93152.0
semisupervised.SelfTrainingClassifier -l trees.HoeffdingTree -s DistanceMeasure,SemiSupervisedStream -s generators.RandomTreeGenerator -t 0.95,1,53000.0,0.64123,1.4102250145127377E-8,50326.0,53000.0,62.17358490566037,28.771980746972748,21.77916504096761,9.762794256650304,53000.0,93152.0
semisupervised.SelfTrainingClassifier -l trees.HoeffdingTree -s DistanceMeasure,SemiSupervisedStream -s generators.RandomTreeGenerator -t 0.95,1,54000.0,0.647051,1.4242527449710503E-8,51285.0,54000.0,62.157407407407405,28.766359588000356,21.66296097523576,9.747372140270286,54000.0,93152.0
semisupervised.SelfTrainingClassifier -l trees.HoeffdingTree -s DistanceMeasure,SemiSupervisedStream -s generators.RandomTreeGenerator -t 0.95,1,55000.0,0.652403,1.4371502562943433E-8,52234.0,55000.0,62.163636363636364,28.785717443929528,21.622537757523265,9.843167836409334,55000.0,93152.0
semisupervised.SelfTrainingClassifier -l trees.HoeffdingTree -s DistanceMeasure,SemiSupervisedStream -s generators.RandomTreeGenerator -t 0.95,1,56000.0,0.657727,1.4499802918483815E-8,53182.0,56000.0,62.14821428571429,28.7762202616425,21.63481089873933,9.803838134547467,56000.0,93152.0
semisupervised.SelfTrainingClassifier -l trees.HoeffdingTree -s DistanceMeasure,SemiSupervisedStream -s generators.RandomTreeGenerator -t 0.95,1,57000.0,0.66296,1.4625910311523413E-8,54116.0,57000.0,62.094736842105256,28.687595292257683,21.583856567342927,9.741833068760956,57000.0,93152.0
semisupervised.SelfTrainingClassifier -l trees.HoeffdingTree -s DistanceMeasure,SemiSupervisedStream -s generators.RandomTreeGenerator -t 0.95,1,58000.0,0.667695,1.4740016657031246E-8,55073.0,58000.0,62.08793103448276,28.68445523121805,21.62740136151405,9.7553968644833,58000.0,93152.0
semisupervised.SelfTrainingClassifier -l trees.HoeffdingTree -s DistanceMeasure,SemiSupervisedStream -s generators.RandomTreeGenerator -t 0.95,1,59000.0,0.673194,1.4872534248150058E-8,56017.0,59000.0,62.08983050847458,28.708098976654185,21.607318098976577,9.723119147562153,59000.0,93152.0
semisupervised.SelfTrainingClassifier -l trees.HoeffdingTree -s DistanceMeasure,SemiSupervisedStream -s generators.RandomTreeGenerator -t 0.95,1,60000.0,0.678157,1.4992135049154364E-8,56975.0,60000.0,62.12,28.77469106045752,21.668102705497155,9.816681215776528,60000.0,93152.0
semisupervised.SelfTrainingClassifier -l trees.HoeffdingTree -s DistanceMeasure,SemiSupervisedStream -s generators.RandomTreeGenerator -t 0.95,1,61000.0,0.683313,1.511638685853945E-8,57915.0,61000.0,62.10327868852459,28.755380330713393,21.597422418178734,9.78027553370019,61000.0,93152.0
semisupervised.SelfTrainingClassifier -l trees.HoeffdingTree -s DistanceMeasure,SemiSupervisedStream -s generators.RandomTreeGenerator -t 0.95,1,62000.0,0.688405,1.5239096364627285E-8,58866.0,62000.0,62.09193548387096,28.736605661556847,21.6148612593383,9.801588824500133,62000.0,93152.0
semisupervised.SelfTrainingClassifier -l trees.HoeffdingTree -s DistanceMeasure,SemiSupervisedStream -s generators.RandomTreeGenerator -t 0.95,1,63000.0,0.693389,1.5359203233901E-8,59827.0,63000.0,62.098412698412695,28.764018158220416,21.647251845775216,9.799032940465402,63000.0,93152.0
semisupervised.SelfTrainingClassifier -l trees.HoeffdingTree -s DistanceMeasure,SemiSupervisedStream -s generators.RandomTreeGenerator -t 0.95,1,64000.0,0.711718,1.586823693994019E-8,60785.0,64000.0,62.1375,28.838250586351133,21.807034527266865,9.938303724076412,64000.0,107352.0
semisupervised.SelfTrainingClassifier -l trees.HoeffdingTree -s DistanceMeasure,SemiSupervisedStream -s generators.RandomTreeGenerator -t 0.95,1,65000.0,0.719477,1.6087317199756702E-8,61748.0,65000.0,62.081538461538464,28.7687597726729,21.69589528529675,9.74770222271048,65000.0,109144.0
semisupervised.SelfTrainingClassifier -l trees.HoeffdingTree -s DistanceMeasure,SemiSupervisedStream -s generators.RandomTreeGenerator -t 0.95,1,66000.0,0.732765,1.650505618709657E-8,62690.0,66000.0,62.06969696969698,28.75671082851936,21.702686641854076,9.780885108836697,66000.0,121520.0
semisupervised.SelfTrainingClassifier -l trees.HoeffdingTree -s DistanceMeasure,SemiSupervisedStream -s generators.RandomTreeGenerator -t 0.95,1,67000.0,0.740749,1.676699038801922E-8,63633.0,67000.0,62.06567164179104,28.751609576306304,21.70055452865064,9.84676503972758,67000.0,126816.0
semisupervised.SelfTrainingClassifier -l trees.HoeffdingTree -s DistanceMeasure,SemiSupervisedStream -s generators.RandomTreeGenerator -t 0.95,1,68000.0,0.747208,1.697896015726858E-8,64583.0,68000.0,62.063235294117646,28.746197903154492,21.732402912621364,9.90780191380876,68000.0,126856.0
semisupervised.SelfTrainingClassifier -l trees.HoeffdingTree -s DistanceMeasure,SemiSupervisedStream -s generators.RandomTreeGenerator -t 0.95,1,69000.0,0.75379,1.719503461900685E-8,65530.0,69000.0,62.047826086956526,28.723171442724322,21.734062584058115,9.89884393063586,69000.0,126896.0
semisupervised.SelfTrainingClassifier -l trees.HoeffdingTree -s DistanceMeasure,SemiSupervisedStream -s generators.RandomTreeGenerator -t 0.95,1,70000.0,0.763277,1.752383143537575E-8,66492.0,70000.0,62.027142857142856,28.689336237519424,21.72619924026032,9.90713123644251,70000.0,133968.0
semisupervised.SelfTrainingClassifier -l trees.HoeffdingTree -s DistanceMeasure,SemiSupervisedStream -s generators.RandomTreeGenerator -t 0.95,1,71000.0,0.772097,1.784964569740826E-8,67450.0,71000.0,62.00704225352113,28.64140606905713,21.72537867796413,9.945249382386336,71000.0,142792.0
semisupervised.SelfTrainingClassifier -l trees.HoeffdingTree -s DistanceMeasure,SemiSupervisedStream -s generators.RandomTreeGenerator -t 0.95,1,72000.0,0.778887,1.8101791909171485E-8,68399.0,72000.0,61.97638888888889,28.612849030069647,21.690503432494275,9.798688675826176,72000.0,143544.0
semisupervised.SelfTrainingClassifier -l trees.HoeffdingTree -s DistanceMeasure,SemiSupervisedStream -s generators.RandomTreeGenerator -t 0.95,1,73000.0,0.785437,1.8346137321657613E-8,69349.0,73000.0,61.99178082191781,28.651897624715954,21.712141305267906,9.798439531859552,73000.0,144200.0
semisupervised.SelfTrainingClassifier -l trees.HoeffdingTree -s DistanceMeasure,SemiSupervisedStream -s generators.RandomTreeGenerator -t 0.95,1,74000.0,0.791882,1.8586699132704082E-8,70295.0,74000.0,62.03378378378378,28.72351969889475,21.834571404724134,9.894162924951889,74000.0,144280.0
semisupervised.SelfTrainingClassifier -l trees.HoeffdingTree -s DistanceMeasure,SemiSupervisedStream -s generators.RandomTreeGenerator -t 0.95,1,75000.0,0.798409,1.883041617977951E-8,71249.0,75000.0,62.038666666666664,28.739500616031506,21.815186049704792,9.90474984968829,75000.0,144336.0
semisupervised.SelfTrainingClassifier -l trees.HoeffdingTree -s DistanceMeasure,SemiSupervisedStream -s generators.RandomTreeGenerator -t 0.95,1,76000.0,0.804805,1.9069268183989664E-8,72208.0,76000.0,62.05921052631579,28.7631658441999,21.949436985708093,10.03400829927303,76000.0,144352.0
semisupervised.SelfTrainingClassifier -l trees.HoeffdingTree -s DistanceMeasure,SemiSupervisedStream -s generators.RandomTreeGenerator -t 0.95,1,77000.0,0.811417,1.93162001690103E-8,73154.0,77000.0,62.05454545454545,28.771705179421836,21.943791408420587,9.971035927774683,77000.0,144360.0
semisupervised.SelfTrainingClassifier -l trees.HoeffdingTree -s DistanceMeasure,SemiSupervisedStream -s generators.RandomTreeGenerator -t 0.95,1,78000.0,0.818144,1.956742694808378E-8,74101.0,78000.0,62.091025641025645,28.835775525667977,21.93415529212979,10.078155886020136,78000.0,144360.0
semisupervised.SelfTrainingClassifier -l trees.HoeffdingTree -s DistanceMeasure,SemiSupervisedStream -s generators.RandomTreeGenerator -t 0.95,1,79000.0,0.825499,1.9842137481189442E-8,75051.0,79000.0,62.127848101265826,28.908406415205963,22.02095496246872,10.126164013217185,79000.0,144376.0
semisupervised.SelfTrainingClassifier -l trees.HoeffdingTree -s DistanceMeasure,SemiSupervisedStream -s generators.RandomTreeGenerator -t 0.95,1,80000.0,0.832427,2.0100928166260328E-8,75994.0,80000.0,62.1225,28.899059881006107,22.000566295142736,10.125756317475387,80000.0,144392.0
semisupervised.SelfTrainingClassifier -l trees.HoeffdingTree -s DistanceMeasure,SemiSupervisedStream -s generators.RandomTreeGenerator -t 0.95,1,81000.0,0.83937,2.036029353530871E-8,76937.0,81000.0,62.16419753086419,28.973705591751514,22.06144143227709,10.24717390031043,81000.0,144400.0
semisupervised.SelfTrainingClassifier -l trees.HoeffdingTree -s DistanceMeasure,SemiSupervisedStream -s generators.RandomTreeGenerator -t 0.95,1,82000.0,0.847093,2.0649899749292274E-8,77883.0,82000.0,62.206097560975614,29.04373937299422,22.226962457337894,10.391788347549525,82000.0,144952.0
semisupervised.SelfTrainingClassifier -l trees.HoeffdingTree -s DistanceMeasure,SemiSupervisedStream -s generators.RandomTreeGenerator -t 0.95,1,83000.0,0.85387,2.090403173325791E-8,78832.0,83000.0,62.21807228915662,29.06642029005245,22.27096966091611,10.420772988259493,83000.0,144952.0
semisupervised.SelfTrainingClassifier -l trees.HoeffdingTree -s DistanceMeasure,SemiSupervisedStream -s generators.RandomTreeGenerator -t 0.95,1,84000.0,0.861025,2.117233840955629E-8,79783.0,84000.0,62.221428571428575,29.080935346281727,22.28344721181397,10.42425268862731,84000.0,144952.0
semisupervised.SelfTrainingClassifier -l trees.HoeffdingTree -s DistanceMeasure,SemiSupervisedStream -s generators.RandomTreeGenerator -t 0.95,1,85000.0,0.867873,2.1429132835732573E-8,80735.0,85000.0,62.21058823529412,29.066888173522678,22.242126413130304,10.401673640167362,85000.0,144952.0
semisupervised.SelfTrainingClassifier -l trees.HoeffdingTree -s DistanceMeasure,SemiSupervisedStream -s generators.RandomTreeGenerator -t 0.95,1,86000.0,0.87592,2.1730905440118585E-8,81693.0,86000.0,62.1906976744186,29.050397843413577,22.11549977244964,10.270986257519738,86000.0,144960.0
semisupervised.SelfTrainingClassifier -l trees.HoeffdingTree -s DistanceMeasure,SemiSupervisedStream -s generators.RandomTreeGenerator -t 0.95,1,87000.0,0.884031,2.2035078124867552E-8,82633.0,87000.0,62.1816091954023,29.050292687266243,22.075645974942567,10.231365273382087,87000.0,144960.0
semisupervised.SelfTrainingClassifier -l trees.HoeffdingTree -s DistanceMeasure,SemiSupervisedStream -s generators.RandomTreeGenerator -t 0.95,1,88000.0,0.891003,2.229653687940704E-8,83565.0,88000.0,62.1625,29.027138523235184,22.01925103632403,10.173195208805422,88000.0,144960.0
semisupervised.SelfTrainingClassifier -l trees.HoeffdingTree -s DistanceMeasure,SemiSupervisedStream -s generators.RandomTreeGenerator -t 0.95,1,89000.0,0.897635,2.254524520701833E-8,84523.0,89000.0,62.14943820224719,29.008504048806135,22.006390072235593,10.167999999999996,89000.0,144960.0
semisupervised.SelfTrainingClassifier -l trees.HoeffdingTree -s DistanceMeasure,SemiSupervisedStream -s generators.RandomTreeGenerator -t 0.95,1,90000.0,0.905324,2.2833592361874058E-8,85478.0,90000.0,62.14333333333333,29.0074680377285,22.007554080347933,10.150316455696192,90000.0,144960.0
semisupervised.SelfTrainingClassifier -l trees.HoeffdingTree -s DistanceMeasure,SemiSupervisedStream -s generators.RandomTreeGenerator -t 0.95,1,91000.0,0.91176,2.3074950443373795E-8,86441.0,91000.0,62.12417582417582,28.982122578916382,21.972698254589893,10.099376613891842,91000.0,144960.0
semisupervised.SelfTrainingClassifier -l trees.HoeffdingTree -s DistanceMeasure,SemiSupervisedStream -s generators.RandomTreeGenerator -t 0.95,1,92000.0,0.918487,2.3327235312511532E-8,87388.0,92000.0,62.119565217391305,28.986268946916177,22.013113433437017,10.080759604716572,92000.0,144968.0
semisupervised.SelfTrainingClassifier -l trees.HoeffdingTree -s DistanceMeasure,SemiSupervisedStream -s generators.RandomTreeGenerator -t 0.95,1,93000.0,0.925443,2.358810844313768E-8,88344.0,93000.0,62.131182795698926,29.006044672712193,22.01851113768212,10.151287088297577,93000.0,144968.0
semisupervised.SelfTrainingClassifier -l trees.HoeffdingTree -s DistanceMeasure,SemiSupervisedStream -s generators.RandomTreeGenerator -t 0.95,1,94000.0,0.932038,2.383544287333887E-8,89294.0,94000.0,62.13510638297872,29.019749274807005,22.076756354401557,10.159523448937355,94000.0,144968.0
semisupervised.SelfTrainingClassifier -l trees.HoeffdingTree -s DistanceMeasure,SemiSupervisedStream -s generators.RandomTreeGenerator -t 0.95,1,95000.0,0.938764,2.4087704159319412E-8,90244.0,95000.0,62.118947368421054,29.007848654314095,21.991242521460162,10.075214273220208,95000.0,144976.0
semisupervised.SelfTrainingClassifier -l trees.HoeffdingTree -s DistanceMeasure,SemiSupervisedStream -s generators.RandomTreeGenerator -t 0.95,1,96000.0,0.950581,2.4577861949801455E-8,91198.0,96000.0,62.11354166666667,29.007582974447065,21.97575887589833,10.037349427391238,96000.0,160336.0
semisupervised.SelfTrainingClassifier -l trees.HoeffdingTree -s DistanceMeasure,SemiSupervisedStream -s generators.RandomTreeGenerator -t 0.95,1,97000.0,0.957982,2.4887911739448717E-8,92136.0,97000.0,62.12164948453608,29.01224559647636,21.958368734069662,10.089318487703412,97000.0,161936.0
semisupervised.SelfTrainingClassifier -l trees.HoeffdingTree -s DistanceMeasure,SemiSupervisedStream -s generators.RandomTreeGenerator -t 0.95,1,98000.0,0.964865,2.5176431917481963E-8,93094.0,98000.0,62.1265306122449,29.01433331366936,21.98587523120902,10.150330436466637,98000.0,162032.0
semisupervised.SelfTrainingClassifier -l trees.HoeffdingTree -s DistanceMeasure,SemiSupervisedStream -s generators.RandomTreeGenerator -t 0.95,1,99000.0,0.971922,2.547234802817306E-8,94033.0,99000.0,62.15353535353535,29.06282166337386,22.073168195337033,10.206820523881406,99000.0,162088.0
semisupervised.SelfTrainingClassifier -l trees.HoeffdingTree -s DistanceMeasure,SemiSupervisedStream -s generators.RandomTreeGenerator -t 0.95,1,100000.0,0.978867,2.5763582096745583E-8,94983.0,100000.0,62.18,29.099959184409986,22.091298615688864,10.34090370300128,100000.0,162096.0
semisupervised.SelfTrainingClassifier -l trees.HoeffdingTree -s DistanceMeasure,SemiSupervisedStream -s generators.RandomTreeGenerator -t 0.95,1,101000.0,0.986819,2.6097208631949304E-8,95925.0,101000.0,62.205940594059406,29.1481759227321,22.148800783162017,10.40488205609671,101000.0,162176.0
semisupervised.SelfTrainingClassifier -l trees.HoeffdingTree -s DistanceMeasure,SemiSupervisedStream -s generators.RandomTreeGenerator -t 0.95,1,102000.0,0.994335,2.641254276658099E-8,96881.0,102000.0,62.20392156862745,29.147256610422613,22.164344841510196,10.419183939027796,102000.0,162176.0
semisupervised.SelfTrainingClassifier -l trees.HoeffdingTree -s DistanceMeasure,SemiSupervisedStream -s generators.RandomTreeGenerator -t 0.95,1,103000.0,1.001654,2.6719611756917514E-8,97847.0,103000.0,62.2116504854369,29.15205811775555,22.24774765776385,10.505621852797153,103000.0,162176.0
semisupervised.SelfTrainingClassifier -l trees.HoeffdingTree -s DistanceMeasure,SemiSupervisedStream -s generators.RandomTreeGenerator -t 0.95,1,104000.0,1.008855,2.702173005168638E-8,98788.0,104000.0,62.224999999999994,29.19109814221448,22.24751123161874,10.47354268264891,104000.0,162176.0
semisupervised.SelfTrainingClassifier -l trees.HoeffdingTree -s DistanceMeasure,SemiSupervisedStream -s generators.RandomTreeGenerator -t 0.95,1,105000.0,1.016962,2.7361859619203552E-8,99737.0,105000.0,62.228571428571435,29.20171777105587,22.229194446623275,10.48616440211259,105000.0,162176.0
semisupervised.SelfTrainingClassifier -l trees.HoeffdingTree -s DistanceMeasure,SemiSupervisedStream -s generators.RandomTreeGenerator -t 0.95,1,106000.0,1.02486,2.7693220581859363E-8,100688.0,106000.0,62.22452830188679,29.20537510454406,22.23193303424032,10.446626260819,106000.0,162176.0
semisupervised.SelfTrainingClassifier -l trees.HoeffdingTree -s DistanceMeasure,SemiSupervisedStream -s generators.RandomTreeGenerator -t 0.95,1,107000.0,1.035044,2.812053293610614E-8,101625.0,107000.0,62.20747663551401,29.179310453989736,22.22863297176704,10.420451021221911,107000.0,162192.0
semisupervised.SelfTrainingClassifier -l trees.HoeffdingTree -s DistanceMeasure,SemiSupervisedStream -s generators.RandomTreeGenerator -t 0.95,1,108000.0,1.043415,2.8471773285418762E-8,102589.0,108000.0,62.21388888888889,29.197314080973836,22.201887331998858,10.418175831412581,108000.0,162192.0
semisupervised.SelfTrainingClassifier -l trees.HoeffdingTree -s DistanceMeasure,SemiSupervisedStream -s generators.RandomTreeGenerator -t 0.95,1,109000.0,1.051267,2.8801236816992375E-8,103537.0,109000.0,62.22018348623853,29.20997383275675,22.23879751496498,10.445164517321615,109000.0,162192.0
semisupervised.SelfTrainingClassifier -l trees.HoeffdingTree -s DistanceMeasure,SemiSupervisedStream -s generators.RandomTreeGenerator -t 0.95,1,110000.0,1.059076,2.9128896103551004E-8,104495.0,110000.0,62.24727272727273,29.257470576144357,22.264235708135228,10.530851430541187,110000.0,162192.0
semisupervised.SelfTrainingClassifier -l trees.HoeffdingTree -s DistanceMeasure,SemiSupervisedStream -s generators.RandomTreeGenerator -t 0.95,1,111000.0,1.067508,2.9482695963233723E-8,105457.0,111000.0,62.27567567567568,29.315745778025182,22.285735496084033,10.573411639081689,111000.0,162192.0
semisupervised.SelfTrainingClassifier -l trees.HoeffdingTree -s DistanceMeasure,SemiSupervisedStream -s generators.RandomTreeGenerator -t 0.95,1,112000.0,1.076944,2.987862284605703E-8,106405.0,112000.0,62.271428571428565,29.30396164915827,22.282098913023475,10.590127166162372,112000.0,162192.0
semisupervised.SelfTrainingClassifier -l trees.HoeffdingTree -s DistanceMeasure,SemiSupervisedStream -s generators.RandomTreeGenerator -t 0.95,1,113000.0,1.086398,3.027532456028794E-8,107357.0,113000.0,62.280530973451334,29.325334934870146,22.298787713061714,10.61549753591278,113000.0,162200.0
semisupervised.SelfTrainingClassifier -l trees.HoeffdingTree -s DistanceMeasure,SemiSupervisedStream -s generators.RandomTreeGenerator -t 0.95,1,114000.0,1.096488,3.069871363333531E-8,108324.0,114000.0,62.27631578947368,29.32449566874833,22.303523035230345,10.581361500395058,114000.0,162200.0
semisupervised.SelfTrainingClassifier -l trees.HoeffdingTree -s DistanceMeasure,SemiSupervisedStream -s generators.RandomTreeGenerator -t 0.95,1,115000.0,1.107167,3.114683998748661E-8,109277.0,115000.0,62.266956521739125,29.320446959120567,22.220828105395213,10.522517321016165,115000.0,162208.0
semisupervised.SelfTrainingClassifier -l trees.HoeffdingTree -s DistanceMeasure,SemiSupervisedStream -s generators.RandomTreeGenerator -t 0.95,1,116000.0,1.117744,3.1590707972645773E-8,110225.0,116000.0,62.275862068965516,29.340894445228642,22.25558299429709,10.522226311699987,116000.0,162216.0
semisupervised.SelfTrainingClassifier -l trees.HoeffdingTree -s DistanceMeasure,SemiSupervisedStream -s generators.RandomTreeGenerator -t 0.95,1,117000.0,1.129879,3.20999580435455E-8,111177.0,117000.0,62.29230769230769,29.37040223872594,22.311051630626185,10.576455326739088,117000.0,162216.0
semisupervised.SelfTrainingClassifier -l trees.HoeffdingTree -s DistanceMeasure,SemiSupervisedStream -s generators.RandomTreeGenerator -t 0.95,1,118000.0,1.139554,3.2505973242223274E-8,112125.0,118000.0,62.31271186440678,29.402173658013588,22.374277784565976,10.636202877582178,118000.0,162216.0
semisupervised.SelfTrainingClassifier -l trees.HoeffdingTree -s DistanceMeasure,SemiSupervisedStream -s generators.RandomTreeGenerator -t 0.95,1,119000.0,1.151512,3.3007795438170446E-8,113080.0,119000.0,62.32352941176471,29.425724557177574,22.417373247966786,10.660555943010873,119000.0,162216.0
semisupervised.SelfTrainingClassifier -l trees.HoeffdingTree -s DistanceMeasure,SemiSupervisedStream -s generators.RandomTreeGenerator -t 0.95,1,120000.0,1.162165,3.345485279336573E-8,114043.0,120000.0,62.324999999999996,29.4228867560656,22.39425981873112,10.706879184689214,120000.0,162216.0
semisupervised.SelfTrainingClassifier -l trees.HoeffdingTree -s DistanceMeasure,SemiSupervisedStream -s generators.RandomTreeGenerator -t 0.95,1,121000.0,1.173423,3.392729921266438E-8,114989.0,121000.0,62.32644628099173,29.432078240491656,22.411151960784313,10.692945163881436,121000.0,162216.0
semisupervised.SelfTrainingClassifier -l trees.HoeffdingTree -s DistanceMeasure,SemiSupervisedStream -s generators.RandomTreeGenerator -t 0.95,1,122000.0,1.185312,3.442622579634191E-8,115933.0,122000.0,62.33688524590164,29.451042110234898,22.438472705175386,10.730105688529687,122000.0,162216.0
semisupervised.SelfTrainingClassifier -l trees.HoeffdingTree -s DistanceMeasure,SemiSupervisedStream -s generators.RandomTreeGenerator -t 0.95,1,123000.0,1.196071,3.487773148342969E-8,116877.0,123000.0,62.35121951219512,29.482206652023702,22.434759304545903,10.747051114023591,123000.0,162216.0
semisupervised.SelfTrainingClassifier -l trees.HoeffdingTree -s DistanceMeasure,SemiSupervisedStream -s generators.RandomTreeGenerator -t 0.95,1,124000.0,1.208018,3.537909206002953E-8,117825.0,124000.0,62.34919354838709,29.480627177691517,22.41978098672293,10.739140409911275,124000.0,162216.0
semisupervised.SelfTrainingClassifier -l trees.HoeffdingTree -s DistanceMeasure,SemiSupervisedStream -s generators.RandomTreeGenerator -t 0.95,1,125000.0,1.218668,3.5826023519039175E-8,118782.0,125000.0,62.3592,29.503178665729596,22.42593111635039,10.75134202090329,125000.0,162216.0
semisupervised.SelfTrainingClassifier -l trees.HoeffdingTree -s DistanceMeasure,SemiSupervisedStream -s generators.RandomTreeGenerator -t 0.95,1,126000.0,1.231688,3.6372412964701674E-8,119730.0,126000.0,62.37380952380952,29.53072807057106,22.473508634222906,10.791434592804453,126000.0,162216.0
semisupervised.SelfTrainingClassifier -l trees.HoeffdingTree -s DistanceMeasure,SemiSupervisedStream -s generators.RandomTreeGenerator -t 0.95,1,127000.0,1.243215,3.6856148075312396E-8,120686.0,127000.0,62.370866141732286,29.522331018137866,22.49217444896767,10.798148355545605,127000.0,162216.0
semisupervised.SelfTrainingClassifier -l trees.HoeffdingTree -s DistanceMeasure,SemiSupervisedStream -s generators.RandomTreeGenerator -t 0.95,1,128000.0,1.254503,3.732985345646741E-8,121630.0,128000.0,62.39140625,29.55799733566778,22.538860103626952,10.847099785169272,128000.0,162216.0
semisupervised.SelfTrainingClassifier -l trees.HoeffdingTree -s DistanceMeasure,SemiSupervisedStream -s generators.RandomTreeGenerator -t 0.95,1,129000.0,1.267168,3.786134518682959E-8,122580.0,129000.0,62.39767441860465,29.570979319652967,22.540001916259467,10.8409153570444,129000.0,162216.0
semisupervised.SelfTrainingClassifier -l trees.HoeffdingTree -s DistanceMeasure,SemiSupervisedStream -s generators.RandomTreeGenerator -t 0.95,1,130000.0,1.278007,3.831620810553434E-8,123539.0,130000.0,62.40846153846154,29.58446514657102,22.566589025684898,10.888037928519326,130000.0,162216.0
semisupervised.SelfTrainingClassifier -l trees.HoeffdingTree -s DistanceMeasure,SemiSupervisedStream -s generators.RandomTreeGenerator -t 0.95,1,131000.0,1.28831,3.8748577572405363E-8,124489.0,131000.0,62.42748091603053,29.616430219354683,22.628310932956058,10.952708325795111,131000.0,162216.0
semisupervised.SelfTrainingClassifier -l trees.HoeffdingTree -s DistanceMeasure,SemiSupervisedStream -s generators.RandomTreeGenerator -t 0.95,1,132000.0,1.304158,3.941364515572789E-8,125434.0,132000.0,62.43333333333333,29.62885429273816,22.66254932235374,10.953885935928731,132000.0,162216.0
semisupervised.SelfTrainingClassifier -l trees.HoeffdingTree -s DistanceMeasure,SemiSupervisedStream -s generators.RandomTreeGenerator -t 0.95,1,133000.0,1.321248,4.0130833759903936E-8,126386.0,133000.0,62.42857142857143,29.614809831697404,22.630291394419846,10.984038763004147,133000.0,162216.0
semisupervised.SelfTrainingClassifier -l trees.HoeffdingTree -s DistanceMeasure,SemiSupervisedStream -s generators.RandomTreeGenerator -t 0.95,1,134000.0,1.332833,4.0617002863436964E-8,127340.0,134000.0,62.43507462686567,29.623312055983575,22.673855938061667,11.026071586389747,134000.0,162216.0
semisupervised.SelfTrainingClassifier -l trees.HoeffdingTree -s DistanceMeasure,SemiSupervisedStream -s generators.RandomTreeGenerator -t 0.95,1,135000.0,1.342891,4.103909080848101E-8,128296.0,135000.0,62.4325925925926,29.617685935761507,22.697273156827773,11.027683239184604,135000.0,162216.0
semisupervised.SelfTrainingClassifier -l trees.HoeffdingTree -s DistanceMeasure,SemiSupervisedStream -s generators.RandomTreeGenerator -t 0.95,1,136000.0,1.355418,4.15647913143039E-8,129242.0,136000.0,62.4375,29.62317338830455,22.728441560405987,11.045134777460484,136000.0,162216.0
semisupervised.SelfTrainingClassifier -l trees.HoeffdingTree -s DistanceMeasure,SemiSupervisedStream -s generators.RandomTreeGenerator -t 0.95,1,137000.0,1.366756,4.204059496521952E-8,130188.0,137000.0,62.44233576642336,29.630531555694294,22.752180636250372,11.070015036554388,137000.0,162216.0
semisupervised.SelfTrainingClassifier -l trees.HoeffdingTree -s DistanceMeasure,SemiSupervisedStream -s generators.RandomTreeGenerator -t 0.95,1,138000.0,1.376917,4.246700534597042E-8,131148.0,138000.0,62.447826086956525,29.646476735957116,22.775906774357,11.055043509603026,138000.0,162216.0
semisupervised.SelfTrainingClassifier -l trees.HoeffdingTree -s DistanceMeasure,SemiSupervisedStream -s generators.RandomTreeGenerator -t 0.95,1,139000.0,1.388347,4.294666981324556E-8,132109.0,139000.0,62.46330935251798,29.677577476017962,22.849665084505162,11.095965103598674,139000.0,162216.0
semisupervised.SelfTrainingClassifier -l trees.HoeffdingTree -s DistanceMeasure,SemiSupervisedStream -s generators.RandomTreeGenerator -t 0.95,1,140000.0,1.399562,4.3417311720550084E-8,133051.0,140000.0,62.48142857142858,29.710736315307713,22.891955372871408,11.132541535546316,140000.0,162216.0
semisupervised.SelfTrainingClassifier -l trees.HoeffdingTree -s DistanceMeasure,SemiSupervisedStream -s generators.RandomTreeGenerator -t 0.95,1,141000.0,1.409969,4.385404558852317E-8,134013.0,141000.0,62.48226950354609,29.708826558969626,22.90652598443556,11.15216661068188,141000.0,162216.0
semisupervised.SelfTrainingClassifier -l trees.HoeffdingTree -s DistanceMeasure,SemiSupervisedStream -s generators.RandomTreeGenerator -t 0.95,1,142000.0,1.420372,4.429061159491541E-8,134960.0,142000.0,62.49366197183098,29.72146822523466,22.916938040033,11.21428333277763,142000.0,162216.0
semisupervised.SelfTrainingClassifier -l trees.HoeffdingTree -s DistanceMeasure,SemiSupervisedStream -s generators.RandomTreeGenerator -t 0.95,1,143000.0,1.431432,4.475474886596205E-8,135902.0,143000.0,62.52167832167832,29.775120288579,22.96613580175932,11.272618909656805,143000.0,162216.0
semisupervised.SelfTrainingClassifier -l trees.HoeffdingTree -s DistanceMeasure,SemiSupervisedStream -s generators.RandomTreeGenerator -t 0.95,1,144000.0,1.442118,4.520319107919933E-8,136850.0,144000.0,62.53333333333333,29.79713586055084,22.99282054209903,11.308378951521423,144000.0,162216.0
semisupervised.SelfTrainingClassifier -l trees.HoeffdingTree -s DistanceMeasure,SemiSupervisedStream -s generators.RandomTreeGenerator -t 0.95,1,145000.0,1.453766,4.569200400263072E-8,137805.0,145000.0,62.55172413793103,29.827154657274168,23.043127028444278,11.368644413612984,145000.0,162216.0
semisupervised.SelfTrainingClassifier -l trees.HoeffdingTree -s DistanceMeasure,SemiSupervisedStream -s generators.RandomTreeGenerator -t 0.95,1,146000.0,1.47358,4.659588399446674E-8,138763.0,146000.0,62.57534246575342,29.868658156903948,23.0758401261421,11.42380080081703,146000.0,176336.0
semisupervised.SelfTrainingClassifier -l trees.HoeffdingTree -s DistanceMeasure,SemiSupervisedStream -s generators.RandomTreeGenerator -t 0.95,1,147000.0,1.486073,4.716760267400081E-8,139708.0,147000.0,62.5843537414966,29.88432087284411,23.132503179461377,11.457226568788446,147000.0,176896.0
semisupervised.SelfTrainingClassifier -l trees.HoeffdingTree -s DistanceMeasure,SemiSupervisedStream -s generators.RandomTreeGenerator -t 0.95,1,148000.0,1.497907,4.770931040661204E-8,140656.0,148000.0,62.581756756756754,29.88314369665048,23.122093426806412,11.453103514438293,148000.0,176944.0
semisupervised.SelfTrainingClassifier -l trees.HoeffdingTree -s DistanceMeasure,SemiSupervisedStream -s generators.RandomTreeGenerator -t 0.95,1,149000.0,1.510906,4.830437354536522E-8,141607.0,149000.0,62.6,29.915203591330158,23.12276684095079,11.503890741622987,149000.0,176952.0
semisupervised.SelfTrainingClassifier -l trees.HoeffdingTree -s DistanceMeasure,SemiSupervisedStream -s generators.RandomTreeGenerator -t 0.95,1,150000.0,1.524704,4.893849740218787E-8,142564.0,150000.0,62.602000000000004,29.92449797395018,23.121094178269924,11.475642664394256,150000.0,177648.0
semisupervised.SelfTrainingClassifier -l trees.HoeffdingTree -s DistanceMeasure,SemiSupervisedStream -s generators.RandomTreeGenerator -t 0.95,1,151000.0,1.536903,4.9501078981492274E-8,143509.0,151000.0,62.586092715231786,29.900804255522655,23.099435105152118,11.43179644755202,151000.0,178264.0
semisupervised.SelfTrainingClassifier -l trees.HoeffdingTree -s DistanceMeasure,SemiSupervisedStream -s generators.RandomTreeGenerator -t 0.95,1,152000.0,1.550602,5.013283609723053E-8,144457.0,152000.0,62.57697368421052,29.891153774526945,23.064542306859988,11.393055750268694,152000.0,178264.0
semisupervised.SelfTrainingClassifier -l trees.HoeffdingTree -s DistanceMeasure,SemiSupervisedStream -s generators.RandomTreeGenerator -t 0.95,1,153000.0,1.562672,5.068956850096585E-8,145410.0,153000.0,62.57385620915032,29.885340195025112,23.07423627717026,11.397536671411757,153000.0,178296.0
semisupervised.SelfTrainingClassifier -l trees.HoeffdingTree -s DistanceMeasure,SemiSupervisedStream -s generators.RandomTreeGenerator -t 0.95,1,154000.0,1.575403,5.1276789729793885E-8,146364.0,154000.0,62.590909090909086,29.913775285941075,23.103618574727367,11.46593720705075,154000.0,178296.0
semisupervised.SelfTrainingClassifier -l trees.HoeffdingTree -s DistanceMeasure,SemiSupervisedStream -s generators.RandomTreeGenerator -t 0.95,1,155000.0,1.588842,5.18966676729421E-8,147314.0,155000.0,62.60903225806451,29.947267724249123,23.115904538278876,11.499992364896835,155000.0,178296.0
semisupervised.SelfTrainingClassifier -l trees.HoeffdingTree -s DistanceMeasure,SemiSupervisedStream -s generators.RandomTreeGenerator -t 0.95,1,156000.0,1.599383,5.238287448883059E-8,148274.0,156000.0,62.616025641025644,29.96351843761206,23.130964306426943,11.498421755493508,156000.0,178296.0
semisupervised.SelfTrainingClassifier -l trees.HoeffdingTree -s DistanceMeasure,SemiSupervisedStream -s generators.RandomTreeGenerator -t 0.95,1,157000.0,1.613614,5.3041433708535325E-8,149221.0,157000.0,62.61273885350318,29.96147812364733,23.12387039316866,11.471404440154426,157000.0,178880.0
semisupervised.SelfTrainingClassifier -l trees.HoeffdingTree -s DistanceMeasure,SemiSupervisedStream -s generators.RandomTreeGenerator -t 0.95,1,158000.0,1.625849,5.3607625265916215E-8,150176.0,158000.0,62.6120253164557,29.961284936519156,23.127073980089794,11.473272490221644,158000.0,178880.0
semisupervised.SelfTrainingClassifier -l trees.HoeffdingTree -s DistanceMeasure,SemiSupervisedStream -s generators.RandomTreeGenerator -t 0.95,1,159000.0,1.638244,5.418122104472587E-8,151117.0,159000.0,62.6245283018868,29.982244884963894,23.17527212555266,11.51297666731191,159000.0,178880.0
semisupervised.SelfTrainingClassifier -l trees.HoeffdingTree -s DistanceMeasure,SemiSupervisedStream -s generators.RandomTreeGenerator -t 0.95,1,160000.0,1.651768,5.4807062860992244E-8,152057.0,160000.0,62.621875,29.9850187666813,23.19892127905485,11.47606501080555,160000.0,178880.0
semisupervised.SelfTrainingClassifier -l trees.HoeffdingTree -s DistanceMeasure,SemiSupervisedStream -s generators.RandomTreeGenerator -t 0.95,1,161000.0,1.663641,5.534561678146325E-8,153010.0,161000.0,62.626708074534164,29.99639733094582,23.22189613372464,11.483295820645239,161000.0,175336.0
semisupervised.SelfTrainingClassifier -l trees.HoeffdingTree -s DistanceMeasure,SemiSupervisedStream -s generators.RandomTreeGenerator -t 0.95,1,162000.0,1.680999,5.6181249972432875E-8,153957.0,162000.0,62.61543209876543,29.9849317063585,23.215508279027304,11.429114627511787,162000.0,186088.0
semisupervised.SelfTrainingClassifier -l trees.HoeffdingTree -s DistanceMeasure,SemiSupervisedStream -s generators.RandomTreeGenerator -t 0.95,1,163000.0,1.69294,5.675615225815113E-8,154893.0,163000.0,62.625766871165645,30.00636196237398,23.23878885626803,11.448340019768583,163000.0,186104.0
semisupervised.SelfTrainingClassifier -l trees.HoeffdingTree -s DistanceMeasure,SemiSupervisedStream -s generators.RandomTreeGenerator -t 0.95,1,164000.0,1.708143,5.750405666728816E-8,155845.0,164000.0,62.646341463414636,30.037241716123734,23.274426061145,11.523852164242687,164000.0,190160.0
semisupervised.SelfTrainingClassifier -l trees.HoeffdingTree -s DistanceMeasure,SemiSupervisedStream -s generators.RandomTreeGenerator -t 0.95,1,165000.0,1.722058,5.8188656121492406E-8,156794.0,165000.0,62.658181818181816,30.057742081632497,23.28074609953804,11.563083106071458,165000.0,190176.0
semisupervised.SelfTrainingClassifier -l trees.HoeffdingTree -s DistanceMeasure,SemiSupervisedStream -s generators.RandomTreeGenerator -t 0.95,1,166000.0,1.735352,5.884270320336026E-8,157742.0,166000.0,62.67349397590362,30.08781392834904,23.337127585865588,11.590211885567529,166000.0,190176.0
semisupervised.SelfTrainingClassifier -l trees.HoeffdingTree -s DistanceMeasure,SemiSupervisedStream -s generators.RandomTreeGenerator -t 0.95,1,167000.0,1.747633,5.9446962869001776E-8,158706.0,167000.0,62.69880239520958,30.129590544289066,23.386382643774304,11.66368870359342,167000.0,190192.0
semisupervised.SelfTrainingClassifier -l trees.HoeffdingTree -s DistanceMeasure,SemiSupervisedStream -s generators.RandomTreeGenerator -t 0.95,1,168000.0,1.761761,6.015733384009866E-8,159657.0,168000.0,62.708333333333336,30.15041464341647,23.3995207120849,11.664763193886337,168000.0,194360.0
semisupervised.SelfTrainingClassifier -l trees.HoeffdingTree -s DistanceMeasure,SemiSupervisedStream -s generators.RandomTreeGenerator -t 0.95,1,169000.0,1.77603,6.087479444220664E-8,160616.0,169000.0,62.71360946745562,30.15601059760597,23.391891070451653,11.699339994114595,169000.0,194360.0
semisupervised.SelfTrainingClassifier -l trees.HoeffdingTree -s DistanceMeasure,SemiSupervisedStream -s generators.RandomTreeGenerator -t 0.95,1,170000.0,1.790367,6.159573350101712E-8,161572.0,170000.0,62.71882352941176,30.16258434219444,23.404718166876133,11.738409904326863,170000.0,194376.0
semisupervised.SelfTrainingClassifier -l trees.HoeffdingTree -s DistanceMeasure,SemiSupervisedStream -s generators.RandomTreeGenerator -t 0.95,1,171000.0,1.802603,6.221117527534566E-8,162530.0,171000.0,62.73040935672515,30.191308982186527,23.42325022529288,11.733584477099283,171000.0,194424.0
semisupervised.SelfTrainingClassifier -l trees.HoeffdingTree -s DistanceMeasure,SemiSupervisedStream -s generators.RandomTreeGenerator -t 0.95,1,172000.0,1.815974,6.288370485727987E-8,163470.0,172000.0,62.741279069767444,30.214815926225697,23.427567748410848,11.745668879279487,172000.0,194424.0
semisupervised.SelfTrainingClassifier -l trees.HoeffdingTree -s DistanceMeasure,SemiSupervisedStream -s generators.RandomTreeGenerator -t 0.95,1,173000.0,1.829698,6.35740463083817E-8,164404.0,173000.0,62.744508670520226,30.223549141535962,23.445498925063244,11.736189093697774,173000.0,194440.0
semisupervised.SelfTrainingClassifier -l trees.HoeffdingTree -s DistanceMeasure,SemiSupervisedStream -s generators.RandomTreeGenerator -t 0.95,1,174000.0,1.842556,6.422247631061409E-8,165358.0,174000.0,62.75172413793103,30.23509044478667,23.4769056389912,11.756776995656724,174000.0,194936.0
semisupervised.SelfTrainingClassifier -l trees.HoeffdingTree -s DistanceMeasure,SemiSupervisedStream -s generators.RandomTreeGenerator -t 0.95,1,175000.0,1.854627,6.483121783783038E-8,166319.0,175000.0,62.760000000000005,30.245671000531576,23.496818726081766,11.794163824373358,175000.0,194936.0
semisupervised.SelfTrainingClassifier -l trees.HoeffdingTree -s DistanceMeasure,SemiSupervisedStream -s generators.RandomTreeGenerator -t 0.95,1,176000.0,1.867297,6.54702194283406E-8,167259.0,176000.0,62.77613636363636,30.273756493797872,23.523918474073717,11.84757598998908,176000.0,194952.0
semisupervised.SelfTrainingClassifier -l trees.HoeffdingTree -s DistanceMeasure,SemiSupervisedStream -s generators.RandomTreeGenerator -t 0.95,1,177000.0,1.881156,6.616918730859956E-8,168206.0,177000.0,62.79039548022599,30.29548342588104,23.549896110227632,11.896353372394803,177000.0,194952.0
semisupervised.SelfTrainingClassifier -l trees.HoeffdingTree -s DistanceMeasure,SemiSupervisedStream -s generators.RandomTreeGenerator -t 0.95,1,178000.0,1.895471,6.687814720181956E-8,169149.0,178000.0,62.799438202247195,30.313428125095694,23.56695985409886,11.915023811424167,178000.0,191440.0
semisupervised.SelfTrainingClassifier -l trees.HoeffdingTree -s DistanceMeasure,SemiSupervisedStream -s generators.RandomTreeGenerator -t 0.95,1,179000.0,1.916461,6.799445119789906E-8,170103.0,179000.0,62.816759776536315,30.345307340199458,23.609819922184354,11.948670459055423,179000.0,205576.0
semisupervised.SelfTrainingClassifier -l trees.HoeffdingTree -s DistanceMeasure,SemiSupervisedStream -s generators.RandomTreeGenerator -t 0.95,1,180000.0,1.931944,6.881787829515008E-8,171060.0,180000.0,62.82388888888889,30.35848101207859,23.62816708514038,11.966374172838853,180000.0,205576.0
semisupervised.SelfTrainingClassifier -l trees.HoeffdingTree -s DistanceMeasure,SemiSupervisedStream -s generators.RandomTreeGenerator -t 0.95,1,181000.0,1.945962,6.958039367364515E-8,172004.0,181000.0,62.84033149171271,30.385250332673348,23.691585073915657,12.021085952726667,181000.0,210264.0
semisupervised.SelfTrainingClassifier -l trees.HoeffdingTree -s DistanceMeasure,SemiSupervisedStream -s generators.RandomTreeGenerator -t 0.95,1,182000.0,1.959317,7.030701070816983E-8,172957.0,182000.0,62.83956043956044,30.385185504458832,23.69433506707434,12.018836752481416,182000.0,210312.0
semisupervised.SelfTrainingClassifier -l trees.HoeffdingTree -s DistanceMeasure,SemiSupervisedStream -s generators.RandomTreeGenerator -t 0.95,1,183000.0,1.973267,7.106819461824167E-8,173894.0,183000.0,62.852459016393446,30.413950361963575,23.737084777706745,12.027331314543067,183000.0,210920.0
semisupervised.SelfTrainingClassifier -l trees.HoeffdingTree -s DistanceMeasure,SemiSupervisedStream -s generators.RandomTreeGenerator -t 0.95,1,184000.0,1.988335,7.189044474106698E-8,174852.0,184000.0,62.8554347826087,30.42394200129311,23.737153951728992,12.028420280341368,184000.0,210936.0
semisupervised.SelfTrainingClassifier -l trees.HoeffdingTree -s DistanceMeasure,SemiSupervisedStream -s generators.RandomTreeGenerator -t 0.95,1,185000.0,2.002389,7.265736159972021E-8,175795.0,185000.0,62.84378378378378,30.409166153329775,23.719954724016244,11.98028042768422,185000.0,210936.0
Learner,stream,randomSeed,learning evaluation instances,evaluation time (cpu seconds),model cost (RAM-Hours),Unlabeled instances,classified instances,classifications correct (percent),Kappa Statistic (percent),Kappa Temporal Statistic (percent),Kappa M Statistic (percent),model training instances,model serialized size (bytes)
semisupervised.SelfTrainingClassifier -l trees.HoeffdingTree -s DistanceMeasure,SemiSupervisedStream -s generators.RandomTreeGenerator -t 0.95,1,1000.0,0.090953,1.7014728796978792E-9,955.0,1000.0,55.800000000000004,9.286813750641358,8.108108108108116,-18.18181818181817,1000.0,72504.0
semisupervised.SelfTrainingClassifier -l trees.HoeffdingTree -s DistanceMeasure,SemiSupervisedStream -s generators.RandomTreeGenerator -t 0.95,1,2000.0,0.114251,2.141748461872339E-9,1914.0,2000.0,58.3,14.772988555667832,9.249183895538625,-7.197943444730083,2000.0,73048.0
semisupervised.SelfTrainingClassifier -l trees.HoeffdingTree -s DistanceMeasure,SemiSupervisedStream -s generators.RandomTreeGenerator -t 0.95,1,3000.0,0.131277,2.4670574338071876E-9,2873.0,3000.0,59.333333333333336,17.73975826277158,12.79485346676199,-2.866779089376047,3000.0,73856.0
semisupervised.SelfTrainingClassifier -l trees.HoeffdingTree -s DistanceMeasure,SemiSupervisedStream -s generators.RandomTreeGenerator -t 0.95,1,4000.0,0.145165,2.732409894880321E-9,3835.0,4000.0,58.875,18.813582660357973,12.313432835820889,-2.492211838006233,4000.0,73856.0
semisupervised.SelfTrainingClassifier -l trees.HoeffdingTree -s DistanceMeasure,SemiSupervisedStream -s generators.RandomTreeGenerator -t 0.95,1,5000.0,0.155594,2.931672626485427E-9,4790.0,5000.0,58.76,19.519709865041353,11.653813196229649,-2.7916251246261186,5000.0,73856.0
semisupervised.SelfTrainingClassifier -l trees.HoeffdingTree -s DistanceMeasure,SemiSupervisedStream -s generators.RandomTreeGenerator -t 0.95,1,6000.0,0.165239,3.1161953198413053E-9,5734.0,6000.0,58.166666666666664,19.467548951538063,10.26099392205934,-3.6761668731929036,6000.0,73952.0
semisupervised.SelfTrainingClassifier -l trees.HoeffdingTree -s DistanceMeasure,SemiSupervisedStream -s generators.RandomTreeGenerator -t 0.95,1,7000.0,0.175379,3.3101880736649035E-9,6675.0,7000.0,57.99999999999999,19.717179774534006,10.828025477706992,-3.0494216614090495,7000.0,73952.0
semisupervised.SelfTrainingClassifier -l trees.HoeffdingTree -s DistanceMeasure,SemiSupervisedStream -s generators.RandomTreeGenerator -t 0.95,1,8000.0,0.185346,3.5008710891836218E-9,7623.0,8000.0,58.06249999999999,20.21014104135872,11.149364406779645,-2.945688861613994,8000.0,73952.0
semisupervised.SelfTrainingClassifier -l trees.HoeffdingTree -s DistanceMeasure,SemiSupervisedStream -s generators.RandomTreeGenerator -t 0.95,1,9000.0,0.194395,3.6739914471076593E-9,8579.0,9000.0,57.93333333333334,20.122683905951526,10.896681572134634,-2.5460455037919636,9000.0,73952.0
semisupervised.SelfTrainingClassifier -l trees.HoeffdingTree -s DistanceMeasure,SemiSupervisedStream -s generators.RandomTreeGenerator -t 0.95,1,10000.0,0.205095,3.878697804692719E-9,9528.0,10000.0,57.730000000000004,19.971482811987403,10.897976391231044,-3.223443223443221,10000.0,73952.0
semisupervised.SelfTrainingClassifier -l trees.HoeffdingTree -s DistanceMeasure,SemiSupervisedStream -s generators.RandomTreeGenerator -t 0.95,1,11000.0,0.214987,4.067945962564813E-9,10468.0,11000.0,57.972727272727276,20.46392897711793,11.470700880888565,-1.9854401058901385,11000.0,73952.0
semisupervised.SelfTrainingClassifier -l trees.HoeffdingTree -s DistanceMeasure,SemiSupervisedStream -s generators.RandomTreeGenerator -t 0.95,1,12000.0,0.223802,4.2365895646313824E-9,11424.0,12000.0,58.325,21.135858110777235,12.416812609457102,-0.6237424547283551,12000.0,73952.0
semisupervised.SelfTrainingClassifier -l trees.HoeffdingTree -s DistanceMeasure,SemiSupervisedStream -s generators.RandomTreeGenerator -t 0.95,1,13000.0,0.23316,4.415621536059512E-9,12371.0,13000.0,58.253846153846155,21.173264853182122,12.2838209148214,-1.3634665670526618,13000.0,73952.0
semisupervised.SelfTrainingClassifier -l trees.HoeffdingTree -s DistanceMeasure,SemiSupervisedStream -s generators.RandomTreeGenerator -t 0.95,1,14000.0,0.242174,4.588072293748458E-9,13310.0,14000.0,58.50714285714286,21.61918121256705,13.28556500970295,-0.24158757549611756,14000.0,73952.0
semisupervised.SelfTrainingClassifier -l trees.HoeffdingTree -s DistanceMeasure,SemiSupervisedStream -s generators.RandomTreeGenerator -t 0.95,1,15000.0,0.250871,4.754458386451005E-9,14253.0,15000.0,58.720000000000006,21.937719613198382,13.880389429763563,0.6577891865875257,15000.0,73952.0
semisupervised.SelfTrainingClassifier -l trees.HoeffdingTree -s DistanceMeasure,SemiSupervisedStream -s generators.RandomTreeGenerator -t 0.95,1,16000.0,0.293069,5.746651124209165E-9,15198.0,16000.0,59.12500000000001,22.499874388175613,14.643696162881776,1.5801354401805936,16000.0,90888.0
semisupervised.SelfTrainingClassifier -l trees.HoeffdingTree -s DistanceMeasure,SemiSupervisedStream -s generators.RandomTreeGenerator -t 0.95,1,17000.0,0.313289,6.223586257547139E-9,16138.0,17000.0,59.54705882352941,23.05625106735601,15.567833026396558,2.771101371412417,17000.0,91176.0
semisupervised.SelfTrainingClassifier -l trees.HoeffdingTree -s DistanceMeasure,SemiSupervisedStream -s generators.RandomTreeGenerator -t 0.95,1,18000.0,0.327576,6.560873645875188E-9,17090.0,18000.0,59.761111111111106,23.446512755955133,16.062116120060253,3.2719017094017135,18000.0,91256.0
semisupervised.SelfTrainingClassifier -l trees.HoeffdingTree -s DistanceMeasure,SemiSupervisedStream -s generators.RandomTreeGenerator -t 0.95,1,19000.0,0.341844,6.897712482346428E-9,18049.0,19000.0,60.15789473684211,24.144141762769483,16.886253842775588,4.5397225725094765,19000.0,91256.0
semisupervised.SelfTrainingClassifier -l trees.HoeffdingTree -s DistanceMeasure,SemiSupervisedStream -s generators.RandomTreeGenerator -t 0.95,1,20000.0,0.350463,7.101225445253981E-9,19004.0,20000.0,60.614999999999995,24.94601010245569,17.768034241570092,5.574202829057778,20000.0,91272.0
semisupervised.SelfTrainingClassifier -l trees.HoeffdingTree -s DistanceMeasure,SemiSupervisedStream -s generators.RandomTreeGenerator -t 0.95,1,21000.0,0.356348,7.240207199421193E-9,19957.0,21000.0,61.08571428571429,25.754365318582227,18.799682034976158,6.733622460625421,21000.0,91288.0
semisupervised.SelfTrainingClassifier -l trees.HoeffdingTree -s DistanceMeasure,SemiSupervisedStream -s generators.RandomTreeGenerator -t 0.95,1,22000.0,0.362802,7.39262661172284E-9,20907.0,22000.0,61.35,26.25426760268679,19.203724819460284,7.0710382513661285,22000.0,91288.0
semisupervised.SelfTrainingClassifier -l trees.HoeffdingTree -s DistanceMeasure,SemiSupervisedStream -s generators.RandomTreeGenerator -t 0.95,1,23000.0,0.370013,7.562923541085588E-9,21854.0,23000.0,61.6304347826087,26.792330065152044,19.881979119382677,7.630311911241384,23000.0,91288.0
semisupervised.SelfTrainingClassifier -l trees.HoeffdingTree -s DistanceMeasure,SemiSupervisedStream -s generators.RandomTreeGenerator -t 0.95,1,24000.0,0.380631,7.823152362058561E-9,22811.0,24000.0,61.82083333333333,27.156139129097845,20.39096437880105,7.928054662379419,24000.0,94736.0
semisupervised.SelfTrainingClassifier -l trees.HoeffdingTree -s DistanceMeasure,SemiSupervisedStream -s generators.RandomTreeGenerator -t 0.95,1,25000.0,0.392517,8.151405869672697E-9,23766.0,25000.0,62.068,27.61061540714318,20.84967865787497,8.650419034775084,25000.0,106752.0
semisupervised.SelfTrainingClassifier -l trees.HoeffdingTree -s DistanceMeasure,SemiSupervisedStream -s generators.RandomTreeGenerator -t 0.95,1,26000.0,0.39882,8.326439987868072E-9,24729.0,26000.0,62.388461538461534,28.14550028908088,21.54833533894906,9.570926576659888,26000.0,107344.0
semisupervised.SelfTrainingClassifier -l trees.HoeffdingTree -s DistanceMeasure,SemiSupervisedStream -s generators.RandomTreeGenerator -t 0.95,1,27000.0,0.410507,8.653454745395317E-9,25674.0,27000.0,62.65555555555555,28.57125990294815,22.259059367771773,10.365365810294254,27000.0,108160.0
semisupervised.SelfTrainingClassifier -l trees.HoeffdingTree -s DistanceMeasure,SemiSupervisedStream -s generators.RandomTreeGenerator -t 0.95,1,28000.0,0.424381,9.043530492732923E-9,26617.0,28000.0,62.775000000000006,28.775932780396406,22.683777167865884,10.516826923076938,28000.0,108680.0
semisupervised.SelfTrainingClassifier -l trees.HoeffdingTree -s DistanceMeasure,SemiSupervisedStream -s generators.RandomTreeGenerator -t 0.95,1,29000.0,0.433711,9.305906910449267E-9,27568.0,29000.0,63.02068965517241,29.202442278532363,23.20252076768833,11.129526808651697,29000.0,108704.0
semisupervised.SelfTrainingClassifier -l trees.HoeffdingTree -s DistanceMeasure,SemiSupervisedStream -s generators.RandomTreeGenerator -t 0.95,1,30000.0,0.440948,9.509439373181926E-9,28510.0,30000.0,63.27333333333334,29.65469393132743,23.89307176901293,11.771300448430503,30000.0,108712.0
semisupervised.SelfTrainingClassifier -l trees.HoeffdingTree -s DistanceMeasure,SemiSupervisedStream -s generators.RandomTreeGenerator -t 0.95,1,31000.0,0.448113,9.710961745844948E-9,29457.0,31000.0,63.39677419354839,29.851239006477027,24.064779495415912,12.120508054522935,31000.0,108720.0
semisupervised.SelfTrainingClassifier -l trees.HoeffdingTree -s DistanceMeasure,SemiSupervisedStream -s generators.RandomTreeGenerator -t 0.95,1,32000.0,0.455223,9.910951906608212E-9,30397.0,32000.0,63.55,30.114008115019487,24.43148688046646,12.596478081678514,32000.0,108728.0
semisupervised.SelfTrainingClassifier -l trees.HoeffdingTree -s DistanceMeasure,SemiSupervisedStream -s generators.RandomTreeGenerator -t 0.95,1,33000.0,0.461617,1.0090802411238353E-8,31341.0,33000.0,63.74848484848484,30.447578839167527,24.893269713711693,13.210969239698183,33000.0,108728.0
semisupervised.SelfTrainingClassifier -l trees.HoeffdingTree -s DistanceMeasure,SemiSupervisedStream -s generators.RandomTreeGenerator -t 0.95,1,34000.0,0.467801,1.0264746033483081E-8,32288.0,34000.0,63.970588235294116,30.848264465936225,25.350396099939054,13.647257859861819,34000.0,108728.0
semisupervised.SelfTrainingClassifier -l trees.HoeffdingTree -s DistanceMeasure,SemiSupervisedStream -s generators.RandomTreeGenerator -t 0.95,1,35000.0,0.473702,1.0430729428513183E-8,33236.0,35000.0,64.12285714285714,31.111643568171942,25.737772783724655,14.028481445981122,35000.0,108728.0
semisupervised.SelfTrainingClassifier -l trees.HoeffdingTree -s DistanceMeasure,SemiSupervisedStream -s generators.RandomTreeGenerator -t 0.95,1,36000.0,0.479423,1.0592608838859531E-8,34193.0,36000.0,64.25,31.321853817465968,25.94084474623087,14.428191489361698,36000.0,109376.0
semisupervised.SelfTrainingClassifier -l trees.HoeffdingTree -s DistanceMeasure,SemiSupervisedStream -s generators.RandomTreeGenerator -t 0.95,1,37000.0,0.485167,1.0755139049142599E-8,35154.0,37000.0,64.41351351351351,31.60689260407003,26.31785114717402,14.859359844810854,37000.0,109376.0
semisupervised.SelfTrainingClassifier -l trees.HoeffdingTree -s DistanceMeasure,SemiSupervisedStream -s generators.RandomTreeGenerator -t 0.95,1,38000.0,0.491502,1.0934391988234388E-8,36101.0,38000.0,64.57631578947368,31.911071742290513,26.675019065257644,15.17958412098299,38000.0,109376.0
semisupervised.SelfTrainingClassifier -l trees.HoeffdingTree -s DistanceMeasure,SemiSupervisedStream -s generators.RandomTreeGenerator -t 0.95,1,39000.0,0.497177,1.10949697987073E-8,37056.0,39000.0,64.75897435897437,32.248919665432105,27.114599353025415,15.592949702143342,39000.0,109376.0
semisupervised.SelfTrainingClassifier -l trees.HoeffdingTree -s DistanceMeasure,SemiSupervisedStream -s generators.RandomTreeGenerator -t 0.95,1,40000.0,0.502833,1.1255009991841184E-8,38013.0,40000.0,64.8275,32.362956576364304,27.29574698981965,15.855263157894756,40000.0,109376.0
semisupervised.SelfTrainingClassifier -l trees.HoeffdingTree -s DistanceMeasure,SemiSupervisedStream -s generators.RandomTreeGenerator -t 0.95,1,41000.0,0.508715,1.1421469348586267E-8,38956.0,41000.0,64.93414634146342,32.552046820198555,27.53528225806452,16.056518946692368,41000.0,109392.0
semisupervised.SelfTrainingClassifier -l trees.HoeffdingTree -s DistanceMeasure,SemiSupervisedStream -s generators.RandomTreeGenerator -t 0.95,1,42000.0,0.514333,1.1580469188176923E-8,39915.0,42000.0,65.04761904761904,32.77008792829834,27.76656989617674,16.310358588449898,42000.0,109400.0
semisupervised.SelfTrainingClassifier -l trees.HoeffdingTree -s DistanceMeasure,SemiSupervisedStream -s generators.RandomTreeGenerator -t 0.95,1,43000.0,0.52077,1.1762648249665896E-8,40876.0,43000.0,65.1767441860465,33.00597354957364,28.002692566592945,16.62119271674369,43000.0,109400.0
semisupervised.SelfTrainingClassifier -l trees.HoeffdingTree -s DistanceMeasure,SemiSupervisedStream -s generators.RandomTreeGenerator -t 0.95,1,44000.0,0.527911,1.196475181935562E-8,41809.0,44000.0,65.2409090909091,33.12847168781744,28.11956572825117,16.74922432094063,44000.0,109400.0
semisupervised.SelfTrainingClassifier -l trees.HoeffdingTree -s DistanceMeasure,SemiSupervisedStream -s generators.RandomTreeGenerator -t 0.95,1,45000.0,0.535656,1.2183949711422124E-8,42753.0,45000.0,65.3488888888889,33.32237504904716,28.337699342800686,16.987862010221473,45000.0,109400.0
semisupervised.SelfTrainingClassifier -l trees.HoeffdingTree -s DistanceMeasure,SemiSupervisedStream -s generators.RandomTreeGenerator -t 0.95,1,46000.0,0.543748,1.2412968348297807E-8,43710.0,46000.0,65.43260869565218,33.479688217061636,28.454443194600664,17.173663923325343,46000.0,109400.0
semisupervised.SelfTrainingClassifier -l trees.HoeffdingTree -s DistanceMeasure,SemiSupervisedStream -s generators.RandomTreeGenerator -t 0.95,1,47000.0,0.551676,1.2637345480422179E-8,44659.0,47000.0,65.48936170212765,33.5959776148011,28.461165262647203,17.24911994286004,47000.0,109400.0
semisupervised.SelfTrainingClassifier -l trees.HoeffdingTree -s DistanceMeasure,SemiSupervisedStream -s generators.RandomTreeGenerator -t 0.95,1,48000.0,0.558131,1.2820033975359467E-8,45608.0,48000.0,65.58541666666666,33.76671139399473,28.643628509719214,17.586310117740954,48000.0,109400.0
semisupervised.SelfTrainingClassifier -l trees.HoeffdingTree -s DistanceMeasure,SemiSupervisedStream -s generators.RandomTreeGenerator -t 0.95,1,49000.0,0.564111,1.2989279087632895E-8,46562.0,49000.0,65.59795918367347,33.79115953538135,28.756181057436297,17.59788825340959,49000.0,109400.0
semisupervised.SelfTrainingClassifier -l trees.HoeffdingTree -s DistanceMeasure,SemiSupervisedStream -s generators.RandomTreeGenerator -t 0.95,1,50000.0,0.569891,1.3152863828258382E-8,47512.0,50000.0,65.666,33.91254528817321,28.938653862074688,17.845520673813166,50000.0,109400.0
semisupervised.SelfTrainingClassifier -l trees.HoeffdingTree -s DistanceMeasure,SemiSupervisedStream -s generators.RandomTreeGenerator -t 0.95,1,51000.0,0.576216,1.3331873081624508E-8,48467.0,51000.0,65.74313725490197,34.053238875520975,29.123732251521297,18.164785235842423,51000.0,109400.0
semisupervised.SelfTrainingClassifier -l trees.HoeffdingTree -s DistanceMeasure,SemiSupervisedStream -s generators.RandomTreeGenerator -t 0.95,1,52000.0,0.582269,1.3503184229549434E-8,49405.0,52000.0,65.75961538461539,34.09211002416252,29.134328358208954,18.22816202810693,52000.0,109400.0
semisupervised.SelfTrainingClassifier -l trees.HoeffdingTree -s DistanceMeasure,SemiSupervisedStream -s generators.RandomTreeGenerator -t 0.95,1,53000.0,0.588336,1.3674891603489716E-8,50355.0,53000.0,65.83584905660378,34.22836270826687,29.35232149824426,18.49934734662647,53000.0,109400.0
semisupervised.SelfTrainingClassifier -l trees.HoeffdingTree -s DistanceMeasure,SemiSupervisedStream -s generators.RandomTreeGenerator -t 0.95,1,54000.0,0.594228,1.3841646152238051E-8,51307.0,54000.0,65.89259259259259,34.34934271155105,29.39507781952005,18.655595795424425,54000.0,109400.0
semisupervised.SelfTrainingClassifier -l trees.HoeffdingTree -s DistanceMeasure,SemiSupervisedStream -s generators.RandomTreeGenerator -t 0.95,1,55000.0,0.601762,1.405487235221598E-8,52254.0,55000.0,65.99818181818182,34.54110694891609,29.565741403336986,18.980157698639648,55000.0,109400.0
semisupervised.SelfTrainingClassifier -l trees.HoeffdingTree -s DistanceMeasure,SemiSupervisedStream -s generators.RandomTreeGenerator -t 0.95,1,56000.0,0.60854,1.424670234736469E-8,53196.0,56000.0,66.06785714285715,34.66731355263549,29.74971348293838,19.14386621845879,56000.0,109400.0
semisupervised.SelfTrainingClassifier -l trees.HoeffdingTree -s DistanceMeasure,SemiSupervisedStream -s generators.RandomTreeGenerator -t 0.95,1,57000.0,0.615139,1.4433466309888495E-8,54138.0,57000.0,66.12456140350878,34.77130279310202,29.920516822124636,19.33745509232184,57000.0,109400.0
semisupervised.SelfTrainingClassifier -l trees.HoeffdingTree -s DistanceMeasure,SemiSupervisedStream -s generators.RandomTreeGenerator -t 0.95,1,58000.0,0.621661,1.4618051029327843E-8,55084.0,58000.0,66.20517241379311,34.922749505355696,30.13864632711978,19.555938602971352,58000.0,109400.0
semisupervised.SelfTrainingClassifier -l trees.HoeffdingTree -s DistanceMeasure,SemiSupervisedStream -s generators.RandomTreeGenerator -t 0.95,1,59000.0,0.627309,1.477789992466569E-8,56036.0,59000.0,66.30169491525425,35.10368414054586,30.316837235384824,19.752986761381987,59000.0,109400.0
semisupervised.SelfTrainingClassifier -l trees.HoeffdingTree -s DistanceMeasure,SemiSupervisedStream -s generators.RandomTreeGenerator -t 0.95,1,60000.0,0.633361,1.4949182770732377E-8,56978.0,60000.0,66.4,35.28854064536875,30.518697225572993,20.006348702483944,60000.0,109400.0
semisupervised.SelfTrainingClassifier -l trees.HoeffdingTree -s DistanceMeasure,SemiSupervisedStream -s generators.RandomTreeGenerator -t 0.95,1,61000.0,0.639177,1.511379841508137E-8,57925.0,61000.0,66.45245901639343,35.38674279633695,30.595217907410543,20.134254380829717,61000.0,109408.0
semisupervised.SelfTrainingClassifier -l trees.HoeffdingTree -s DistanceMeasure,SemiSupervisedStream -s generators.RandomTreeGenerator -t 0.95,1,62000.0,0.644896,1.5275668578429354E-8,58879.0,62000.0,66.47903225806452,35.43788125451144,30.68636606189968,20.240242545189403,62000.0,109408.0
semisupervised.SelfTrainingClassifier -l trees.HoeffdingTree -s DistanceMeasure,SemiSupervisedStream -s generators.RandomTreeGenerator -t 0.95,1,63000.0,0.651281,1.5456389157722393E-8,59831.0,63000.0,66.53333333333333,35.54357303755165,30.815422477440517,20.35358114233908,63000.0,109408.0
semisupervised.SelfTrainingClassifier -l trees.HoeffdingTree -s DistanceMeasure,SemiSupervisedStream -s generators.RandomTreeGenerator -t 0.95,1,64000.0,0.657032,1.5619165046761432E-8,60787.0,64000.0,66.6015625,35.673667383577374,31.02613746369797,20.556753140563437,64000.0,109408.0
semisupervised.SelfTrainingClassifier -l trees.HoeffdingTree -s DistanceMeasure,SemiSupervisedStream -s generators.RandomTreeGenerator -t 0.95,1,65000.0,0.662942,1.5786441260327895E-8,61742.0,65000.0,66.62769230769231,35.73848953373885,31.08400050832381,20.56831081328501,65000.0,109408.0
semisupervised.SelfTrainingClassifier -l trees.HoeffdingTree -s DistanceMeasure,SemiSupervisedStream -s generators.RandomTreeGenerator -t 0.95,1,66000.0,0.66886,1.595394390531712E-8,62685.0,66000.0,66.69090909090909,35.85407193240191,31.24198542520251,20.772668300418054,66000.0,109408.0
semisupervised.SelfTrainingClassifier -l trees.HoeffdingTree -s DistanceMeasure,SemiSupervisedStream -s generators.RandomTreeGenerator -t 0.95,1,67000.0,0.68059,1.631806675551666E-8,63635.0,67000.0,66.75970149253732,35.976601453436366,31.389402341343192,21.002412031782075,67000.0,119992.0
semisupervised.SelfTrainingClassifier -l trees.HoeffdingTree -s DistanceMeasure,SemiSupervisedStream -s generators.RandomTreeGenerator -t 0.95,1,68000.0,0.688042,1.6556224117262495E-8,64586.0,68000.0,66.81176470588235,36.07325136010612,31.529126213592228,21.184605713487453,68000.0,123536.0
semisupervised.SelfTrainingClassifier -l trees.HoeffdingTree -s DistanceMeasure,SemiSupervisedStream -s generators.RandomTreeGenerator -t 0.95,1,69000.0,0.694208,1.675422672389282E-8,65531.0,69000.0,66.84927536231883,36.14630648972641,31.635733285513616,21.297825488576937,69000.0,124128.0
semisupervised.SelfTrainingClassifier -l trees.HoeffdingTree -s DistanceMeasure,SemiSupervisedStream -s generators.RandomTreeGenerator -t 0.95,1,70000.0,0.699955,1.693966645333502E-8,66491.0,70000.0,66.86571428571429,36.17886515544066,31.699991165817604,21.386930585683285,70000.0,124728.0
semisupervised.SelfTrainingClassifier -l trees.HoeffdingTree -s DistanceMeasure,SemiSupervisedStream -s generators.RandomTreeGenerator -t 0.95,1,71000.0,0.706002,1.713573748245835E-8,67442.0,71000.0,66.8718309859155,36.1864024336421,31.748012303406643,21.476263604193104,71000.0,125336.0
semisupervised.SelfTrainingClassifier -l trees.HoeffdingTree -s DistanceMeasure,SemiSupervisedStream -s generators.RandomTreeGenerator -t 0.95,1,72000.0,0.716108,1.7484565114395483E-8,68394.0,72000.0,66.88333333333333,36.21615225926955,31.796338672768865,21.439161806859737,72000.0,133424.0
semisupervised.SelfTrainingClassifier -l trees.HoeffdingTree -s DistanceMeasure,SemiSupervisedStream -s generators.RandomTreeGenerator -t 0.95,1,73000.0,0.723368,1.7745254720664684E-8,69339.0,73000.0,66.91506849315068,36.280488923696936,31.85293868683164,21.482444733420024,73000.0,138800.0
semisupervised.SelfTrainingClassifier -l trees.HoeffdingTree -s DistanceMeasure,SemiSupervisedStream -s generators.RandomTreeGenerator -t 0.95,1,74000.0,0.730725,1.8016126849171184E-8,70283.0,74000.0,66.97027027027028,36.38364397834849,31.997885540995462,21.61000641436819,74000.0,142320.0
semisupervised.SelfTrainingClassifier -l trees.HoeffdingTree -s DistanceMeasure,SemiSupervisedStream -s generators.RandomTreeGenerator -t 0.95,1,75000.0,0.737175,1.8253698235170703E-8,71233.0,75000.0,67.00933333333333,36.46156816615386,32.05272552519566,21.70184487832663,75000.0,142376.0
semisupervised.SelfTrainingClassifier -l trees.HoeffdingTree -s DistanceMeasure,SemiSupervisedStream -s generators.RandomTreeGenerator -t 0.95,1,76000.0,0.74356,1.8488875490923717E-8,72190.0,76000.0,67.03552631578947,36.5122777780675,32.18655262018189,21.833952138778816,76000.0,142376.0
semisupervised.SelfTrainingClassifier -l trees.HoeffdingTree -s DistanceMeasure,SemiSupervisedStream -s generators.RandomTreeGenerator -t 0.95,1,77000.0,0.750909,1.8760654626207213E-8,73135.0,77000.0,67.05324675324675,36.552756811141606,32.22643727292156,21.830899118752694,77000.0,142952.0
semisupervised.SelfTrainingClassifier -l trees.HoeffdingTree -s DistanceMeasure,SemiSupervisedStream -s generators.RandomTreeGenerator -t 0.95,1,78000.0,0.756997,1.8986782512317095E-8,74100.0,78000.0,67.07820512820513,36.60044404764593,32.20424004012989,21.907976766110142,78000.0,143576.0
semisupervised.SelfTrainingClassifier -l trees.HoeffdingTree -s DistanceMeasure,SemiSupervisedStream -s generators.RandomTreeGenerator -t 0.95,1,79000.0,0.763403,1.9225663250933085E-8,75050.0,79000.0,67.10000000000001,36.64991797902189,32.258653044203506,21.925503154100337,79000.0,144144.0
semisupervised.SelfTrainingClassifier -l trees.HoeffdingTree -s DistanceMeasure,SemiSupervisedStream -s generators.RandomTreeGenerator -t 0.95,1,80000.0,0.769939,1.9469391709814463E-8,75995.0,80000.0,67.10374999999999,36.65900429235188,32.25823058508583,21.945070589631026,80000.0,144144.0
semisupervised.SelfTrainingClassifier -l trees.HoeffdingTree -s DistanceMeasure,SemiSupervisedStream -s generators.RandomTreeGenerator -t 0.95,1,81000.0,0.776419,1.971104533101121E-8,76948.0,81000.0,67.13333333333334,36.715586277029054,32.29744163572555,22.0347917764892,81000.0,144152.0
semisupervised.SelfTrainingClassifier -l trees.HoeffdingTree -s DistanceMeasure,SemiSupervisedStream -s generators.RandomTreeGenerator -t 0.95,1,82000.0,0.782757,1.9947403456187904E-8,77905.0,82000.0,67.18048780487806,36.80595581094928,32.46336077092954,22.18591875090358,82000.0,144152.0
semisupervised.SelfTrainingClassifier -l trees.HoeffdingTree -s DistanceMeasure,SemiSupervisedStream -s generators.RandomTreeGenerator -t 0.95,1,83000.0,0.791657,2.028727990264693E-8,78846.0,83000.0,67.20843373493976,36.858618758360066,32.53767598651595,22.252692318679117,83000.0,147616.0
semisupervised.SelfTrainingClassifier -l trees.HoeffdingTree -s DistanceMeasure,SemiSupervisedStream -s generators.RandomTreeGenerator -t 0.95,1,84000.0,0.801594,2.0699950678067067E-8,79785.0,84000.0,67.22857142857143,36.90378019013231,32.583939460730285,22.296553476162238,84000.0,160528.0
semisupervised.SelfTrainingClassifier -l trees.HoeffdingTree -s DistanceMeasure,SemiSupervisedStream -s generators.RandomTreeGenerator -t 0.95,1,85000.0,0.80855,2.0990019256456024E-8,80729.0,85000.0,67.25411764705882,36.95187825465652,32.62001016727588,22.359832635983253,85000.0,161192.0
semisupervised.SelfTrainingClassifier -l trees.HoeffdingTree -s DistanceMeasure,SemiSupervisedStream -s generators.RandomTreeGenerator -t 0.95,1,86000.0,0.815778,2.1291609876271745E-8,81671.0,86000.0,67.28023255813953,37.00667151596097,32.599583223550255,22.3494674099012,86000.0,161288.0
semisupervised.SelfTrainingClassifier -l trees.HoeffdingTree -s DistanceMeasure,SemiSupervisedStream -s generators.RandomTreeGenerator -t 0.95,1,87000.0,0.823672,2.1621169271982372E-8,82616.0,87000.0,67.3344827586207,37.10982300604023,32.69308196954268,22.462621412201266,87000.0,161376.0
semisupervised.SelfTrainingClassifier -l trees.HoeffdingTree -s DistanceMeasure,SemiSupervisedStream -s generators.RandomTreeGenerator -t 0.95,1,88000.0,0.831278,2.193185770056313E-8,83561.0,88000.0,67.33522727272727,37.11537561036165,32.67992224642263,22.453329016941822,88000.0,157896.0
semisupervised.SelfTrainingClassifier -l trees.HoeffdingTree -s DistanceMeasure,SemiSupervisedStream -s generators.RandomTreeGenerator -t 0.95,1,89000.0,0.840016,2.230491696753435E-8,84503.0,89000.0,67.36292134831461,37.16948249725385,32.74912020744583,22.541333333333345,89000.0,165032.0
semisupervised.SelfTrainingClassifier -l trees.HoeffdingTree -s DistanceMeasure,SemiSupervisedStream -s generators.RandomTreeGenerator -t 0.95,1,90000.0,0.848226,2.2662961075289374E-8,85447.0,90000.0,67.38333333333333,37.20846051855376,32.80302163213917,22.587025316455687,90000.0,168576.0
semisupervised.SelfTrainingClassifier -l trees.HoeffdingTree -s DistanceMeasure,SemiSupervisedStream -s generators.RandomTreeGenerator -t 0.95,1,91000.0,0.856003,2.3009445108473293E-8,86392.0,91000.0,67.39780219780219,37.23507868605201,32.83680076064562,22.61665666814469,91000.0,172216.0
semisupervised.SelfTrainingClassifier -l trees.HoeffdingTree -s DistanceMeasure,SemiSupervisedStream -s generators.RandomTreeGenerator -t 0.95,1,92000.0,0.862595,2.3304103186560993E-8,87346.0,92000.0,67.39673913043478,37.244343540461536,32.87757065813323,22.607528962509996,92000.0,172784.0
semisupervised.SelfTrainingClassifier -l trees.HoeffdingTree -s DistanceMeasure,SemiSupervisedStream -s generators.RandomTreeGenerator -t 0.95,1,93000.0,0.869278,2.3602856567336444E-8,88299.0,93000.0,67.41075268817204,37.27323346027807,32.89048314955049,22.6777559507105,93000.0,172800.0
semisupervised.SelfTrainingClassifier -l trees.HoeffdingTree -s DistanceMeasure,SemiSupervisedStream -s generators.RandomTreeGenerator -t 0.95,1,94000.0,0.875898,2.3898807329436133E-8,89255.0,94000.0,67.43936170212767,37.327556610532675,32.99253453598092,22.74471199959616,94000.0,172808.0
semisupervised.SelfTrainingClassifier -l trees.HoeffdingTree -s DistanceMeasure,SemiSupervisedStream -s generators.RandomTreeGenerator -t 0.95,1,95000.0,0.884037,2.427034692838787E-8,90207.0,95000.0,67.45368421052632,37.36250931062823,32.977109165004784,22.739198880531752,95000.0,176456.0
semisupervised.SelfTrainingClassifier -l trees.HoeffdingTree -s DistanceMeasure,SemiSupervisedStream -s generators.RandomTreeGenerator -t 0.95,1,96000.0,0.890946,2.458573789646227E-8,91159.0,96000.0,67.46145833333334,37.384068206503976,32.98938110050413,22.736154740409116,96000.0,176456.0
semisupervised.SelfTrainingClassifier -l trees.HoeffdingTree -s DistanceMeasure,SemiSupervisedStream -s generators.RandomTreeGenerator -t 0.95,1,97000.0,0.898119,2.4913180277993272E-8,92112.0,97000.0,67.46907216494846,37.40025749682592,32.97578589634664,22.782332069007712,97000.0,176456.0
semisupervised.SelfTrainingClassifier -l trees.HoeffdingTree -s DistanceMeasure,SemiSupervisedStream -s generators.RandomTreeGenerator -t 0.95,1,98000.0,0.905021,2.522828026985128E-8,93065.0,98000.0,67.4704081632653,37.40686313128836,32.99352614763747,22.827955167154855,98000.0,176472.0
semisupervised.SelfTrainingClassifier -l trees.HoeffdingTree -s DistanceMeasure,SemiSupervisedStream -s generators.RandomTreeGenerator -t 0.95,1,99000.0,0.912187,2.5555462429506904E-8,94012.0,99000.0,67.48787878787878,37.44279459911079,33.056716790416175,22.8628945287224,99000.0,176488.0
semisupervised.SelfTrainingClassifier -l trees.HoeffdingTree -s DistanceMeasure,SemiSupervisedStream -s generators.RandomTreeGenerator -t 0.95,1,100000.0,0.918904,2.5862186044040648E-8,94960.0,100000.0,67.51700000000001,37.4964931613086,33.08544825313119,22.993219856810967,100000.0,176512.0
semisupervised.SelfTrainingClassifier -l trees.HoeffdingTree -s DistanceMeasure,SemiSupervisedStream -s generators.RandomTreeGenerator -t 0.95,1,101000.0,0.925787,2.617745851270026E-8,95917.0,101000.0,67.54059405940595,37.54377379843265,33.137542829172794,23.051285060438932,101000.0,177056.0
semisupervised.SelfTrainingClassifier -l trees.HoeffdingTree -s DistanceMeasure,SemiSupervisedStream -s generators.RandomTreeGenerator -t 0.95,1,102000.0,0.932976,2.6506776919381477E-8,96858.0,102000.0,67.5529411764706,37.568650397264,33.17989097516658,23.096942094990258,102000.0,177072.0
semisupervised.SelfTrainingClassifier -l trees.HoeffdingTree -s DistanceMeasure,SemiSupervisedStream -s generators.RandomTreeGenerator -t 0.95,1,103000.0,0.940227,2.6838935462550977E-8,97801.0,103000.0,67.5883495145631,37.632603214523684,33.310693381809465,23.239290887769894,103000.0,177072.0
semisupervised.SelfTrainingClassifier -l trees.HoeffdingTree -s DistanceMeasure,SemiSupervisedStream -s generators.RandomTreeGenerator -t 0.95,1,104000.0,0.947404,2.7167704165395757E-8,98745.0,104000.0,67.60865384615384,37.676727879226185,33.3287153403131,23.23276058520577,104000.0,177072.0
semisupervised.SelfTrainingClassifier -l trees.HoeffdingTree -s DistanceMeasure,SemiSupervisedStream -s generators.RandomTreeGenerator -t 0.95,1,105000.0,0.954919,2.7511956192966957E-8,99685.0,105000.0,67.63714285714286,37.73337295802808,33.36536198917563,23.30384146616712,105000.0,177072.0
semisupervised.SelfTrainingClassifier -l trees.HoeffdingTree -s DistanceMeasure,SemiSupervisedStream -s generators.RandomTreeGenerator -t 0.95,1,106000.0,0.961846,2.7829272732552548E-8,100638.0,106000.0,67.67169811320754,37.80262899468671,33.445978752743294,23.360096616196625,106000.0,177072.0
semisupervised.SelfTrainingClassifier -l trees.HoeffdingTree -s DistanceMeasure,SemiSupervisedStream -s generators.RandomTreeGenerator -t 0.95,1,107000.0,0.969395,2.817511350123418E-8,101574.0,107000.0,67.69158878504673,37.8407119806677,33.514116470497726,23.419432014531925,107000.0,177088.0
semisupervised.SelfTrainingClassifier -l trees.HoeffdingTree -s DistanceMeasure,SemiSupervisedStream -s generators.RandomTreeGenerator -t 0.95,1,108000.0,0.976565,2.85046299567653E-8,102532.0,108000.0,67.74444444444444,37.938746403375326,33.58879039176436,23.52979914389199,108000.0,177648.0
semisupervised.SelfTrainingClassifier -l trees.HoeffdingTree -s DistanceMeasure,SemiSupervisedStream -s generators.RandomTreeGenerator -t 0.95,1,109000.0,0.984497,2.8869166152758725E-8,103480.0,109000.0,67.77706422018349,37.99685420025729,33.6763789489586,23.617423830546077,109000.0,177648.0
semisupervised.SelfTrainingClassifier -l trees.HoeffdingTree -s DistanceMeasure,SemiSupervisedStream -s generators.RandomTreeGenerator -t 0.95,1,110000.0,0.992126,2.9219808754407692E-8,104422.0,110000.0,67.80818181818182,38.056215771078136,33.71457451986074,23.70949672526715,110000.0,177664.0
semisupervised.SelfTrainingClassifier -l trees.HoeffdingTree -s DistanceMeasure,SemiSupervisedStream -s generators.RandomTreeGenerator -t 0.95,1,111000.0,0.999015,2.9536439621200158E-8,105381.0,111000.0,67.85135135135135,38.1392411551636,33.771946104450464,23.790710090763476,111000.0,177664.0
semisupervised.SelfTrainingClassifier -l trees.HoeffdingTree -s DistanceMeasure,SemiSupervisedStream -s generators.RandomTreeGenerator -t 0.95,1,112000.0,1.006882,2.9898053695344257E-8,106321.0,112000.0,67.88660714285714,38.2009752192149,33.84892681760498,23.89708216076682,112000.0,177680.0
semisupervised.SelfTrainingClassifier -l trees.HoeffdingTree -s DistanceMeasure,SemiSupervisedStream -s generators.RandomTreeGenerator -t 0.95,1,113000.0,1.014655,3.0255346970839624E-8,107275.0,113000.0,67.9212389380531,38.266449558397944,33.918512441892254,23.98238439760932,113000.0,177680.0
semisupervised.SelfTrainingClassifier -l trees.HoeffdingTree -s DistanceMeasure,SemiSupervisedStream -s generators.RandomTreeGenerator -t 0.95,1,114000.0,1.023713,3.0671725229670595E-8,108234.0,114000.0,67.94473684210526,38.31266133003056,33.978319783197826,24.017548966607055,114000.0,177688.0
semisupervised.SelfTrainingClassifier -l trees.HoeffdingTree -s DistanceMeasure,SemiSupervisedStream -s generators.RandomTreeGenerator -t 0.95,1,115000.0,1.035558,3.121780978101822E-8,109173.0,115000.0,67.94695652173914,38.32052300575182,33.92901953755153,23.991669416034327,115000.0,178208.0
semisupervised.SelfTrainingClassifier -l trees.HoeffdingTree -s DistanceMeasure,SemiSupervisedStream -s generators.RandomTreeGenerator -t 0.95,1,116000.0,1.044434,3.162701589986681E-8,110121.0,116000.0,67.975,38.373707668913084,34.000746175848775,24.039995092626658,116000.0,178208.0
semisupervised.SelfTrainingClassifier -l trees.HoeffdingTree -s DistanceMeasure,SemiSupervisedStream -s generators.RandomTreeGenerator -t 0.95,1,117000.0,1.053011,3.2022455111145966E-8,111082.0,117000.0,68.02307692307691,38.46450057390879,34.11812354722828,24.16693692232851,117000.0,178216.0
semisupervised.SelfTrainingClassifier -l trees.HoeffdingTree -s DistanceMeasure,SemiSupervisedStream -s generators.RandomTreeGenerator -t 0.95,1,118000.0,1.061159,3.239811544617016E-8,112035.0,118000.0,68.05084745762711,38.51439780549114,34.1933006336295,24.242424242424235,118000.0,178216.0
semisupervised.SelfTrainingClassifier -l trees.HoeffdingTree -s DistanceMeasure,SemiSupervisedStream -s generators.RandomTreeGenerator -t 0.95,1,119000.0,1.069423,3.277914101878801E-8,112985.0,119000.0,68.0689075630252,38.54835040060403,34.24813981657725,24.284148649995007,119000.0,178224.0
semisupervised.SelfTrainingClassifier -l trees.HoeffdingTree -s DistanceMeasure,SemiSupervisedStream -s generators.RandomTreeGenerator -t 0.95,1,120000.0,1.079194,3.322884046783049E-8,113930.0,120000.0,68.08583333333334,38.58165549096316,34.26084866794837,24.360569611502836,120000.0,177904.0
semisupervised.SelfTrainingClassifier -l trees.HoeffdingTree -s DistanceMeasure,SemiSupervisedStream -s generators.RandomTreeGenerator -t 0.95,1,121000.0,1.088107,3.363910675669709E-8,114870.0,121000.0,68.08264462809917,38.57938391147682,34.26606753812637,24.338302999431868,121000.0,177928.0
semisupervised.SelfTrainingClassifier -l trees.HoeffdingTree -s DistanceMeasure,SemiSupervisedStream -s generators.RandomTreeGenerator -t 0.95,1,122000.0,1.095086,3.396035083052184E-8,115827.0,122000.0,68.10655737704919,38.62536355646697,34.32024577158098,24.40550202051601,122000.0,177928.0
semisupervised.SelfTrainingClassifier -l trees.HoeffdingTree -s DistanceMeasure,SemiSupervisedStream -s generators.RandomTreeGenerator -t 0.95,1,123000.0,1.10323,3.43352368267046E-8,116778.0,123000.0,68.14471544715447,38.6988121494891,34.37070784898327,24.481535733559472,123000.0,177936.0
semisupervised.SelfTrainingClassifier -l trees.HoeffdingTree -s DistanceMeasure,SemiSupervisedStream -s generators.RandomTreeGenerator -t 0.95,1,124000.0,1.111224,3.4710481001271134E-8,117731.0,124000.0,68.1491935483871,38.710142817464074,34.37079379850114,24.48952278984399,124000.0,181448.0
semisupervised.SelfTrainingClassifier -l trees.HoeffdingTree -s DistanceMeasure,SemiSupervisedStream -s generators.RandomTreeGenerator -t 0.95,1,125000.0,1.121458,3.5190872405138274E-8,118675.0,125000.0,68.16,38.733761651373065,34.3808220533197,24.505396536353118,125000.0,181448.0
semisupervised.SelfTrainingClassifier -l trees.HoeffdingTree -s DistanceMeasure,SemiSupervisedStream -s generators.RandomTreeGenerator -t 0.95,1,126000.0,1.13105,3.564112786203622E-8,119624.0,126000.0,68.17857142857143,38.77138305795564,34.43386970172685,24.55404184856241,126000.0,181448.0
semisupervised.SelfTrainingClassifier -l trees.HoeffdingTree -s DistanceMeasure,SemiSupervisedStream -s generators.RandomTreeGenerator -t 0.95,1,127000.0,1.138694,3.599994278202454E-8,120575.0,127000.0,68.18503937007874,38.783352907638466,34.468105811181196,24.580953447567847,127000.0,181448.0
semisupervised.SelfTrainingClassifier -l trees.HoeffdingTree -s DistanceMeasure,SemiSupervisedStream -s generators.RandomTreeGenerator -t 0.95,1,128000.0,1.145528,3.63215984776616E-8,121534.0,128000.0,68.1953125,38.80378826056153,34.492968171724655,24.6055263352841,128000.0,181936.0
semisupervised.SelfTrainingClassifier -l trees.HoeffdingTree -s DistanceMeasure,SemiSupervisedStream -s generators.RandomTreeGenerator -t 0.95,1,129000.0,1.156894,3.6898362313707665E-8,122498.0,129000.0,68.19767441860465,38.80898569407,34.48787965890581,24.593327819134267,129000.0,196152.0
semisupervised.SelfTrainingClassifier -l trees.HoeffdingTree -s DistanceMeasure,SemiSupervisedStream -s generators.RandomTreeGenerator -t 0.95,1,130000.0,1.164507,3.728921913231412E-8,123433.0,130000.0,68.19461538461539,38.806725326352534,34.485271981112646,24.60430342815464,130000.0,198456.0
semisupervised.SelfTrainingClassifier -l trees.HoeffdingTree -s DistanceMeasure,SemiSupervisedStream -s generators.RandomTreeGenerator -t 0.95,1,131000.0,1.172122,3.768140791604916E-8,124372.0,131000.0,68.2030534351145,38.82673966162686,34.52173229584217,24.640879979737296,131000.0,199080.0
semisupervised.SelfTrainingClassifier -l trees.HoeffdingTree -s DistanceMeasure,SemiSupervisedStream -s generators.RandomTreeGenerator -t 0.95,1,132000.0,1.179592,3.806620618949333E-8,125313.0,132000.0,68.20227272727273,38.827348317446756,34.538904224956724,24.62828616578078,132000.0,199120.0
semisupervised.SelfTrainingClassifier -l trees.HoeffdingTree -s DistanceMeasure,SemiSupervisedStream -s generators.RandomTreeGenerator -t 0.95,1,133000.0,1.187294,3.846300318009323E-8,126257.0,133000.0,68.19774436090226,38.818741455933555,34.51057504722385,24.652629328772985,133000.0,199144.0
semisupervised.SelfTrainingClassifier -l trees.HoeffdingTree -s DistanceMeasure,SemiSupervisedStream -s generators.RandomTreeGenerator -t 0.95,1,134000.0,1.195187,3.8869672912276445E-8,127200.0,134000.0,68.21119402985074,38.846293429348435,34.56380478363057,24.707026071586377,134000.0,199160.0
semisupervised.SelfTrainingClassifier -l trees.HoeffdingTree -s DistanceMeasure,SemiSupervisedStream -s generators.RandomTreeGenerator -t 0.95,1,135000.0,1.202232,3.92326658612324E-8,128157.0,135000.0,68.22,38.86293187221316,34.606063377383514,24.734219851935034,135000.0,199168.0
semisupervised.SelfTrainingClassifier -l trees.HoeffdingTree -s DistanceMeasure,SemiSupervisedStream -s generators.RandomTreeGenerator -t 0.95,1,136000.0,1.209314,3.959760920248097E-8,129104.0,136000.0,68.23676470588236,38.892686634476064,34.658377577105185,24.77885352093058,136000.0,199192.0
semisupervised.SelfTrainingClassifier -l trees.HoeffdingTree -s DistanceMeasure,SemiSupervisedStream -s generators.RandomTreeGenerator -t 0.95,1,137000.0,1.216248,3.9954925939026796E-8,130054.0,137000.0,68.25401459854015,38.92791870766972,34.70552027503791,24.83105480564821,137000.0,199192.0
semisupervised.SelfTrainingClassifier -l trees.HoeffdingTree -s DistanceMeasure,SemiSupervisedStream -s generators.RandomTreeGenerator -t 0.95,1,138000.0,1.223407,4.03238371759653E-8,131001.0,138000.0,68.25507246376812,38.93505505435231,34.71820701576611,24.80991366733606,138000.0,199192.0
semisupervised.SelfTrainingClassifier -l trees.HoeffdingTree -s DistanceMeasure,SemiSupervisedStream -s generators.RandomTreeGenerator -t 0.95,1,139000.0,1.230716,4.0700478079832254E-8,131950.0,139000.0,68.26762589928057,38.9648267926966,34.77945851631696,24.843238822246438,139000.0,199192.0
semisupervised.SelfTrainingClassifier -l trees.HoeffdingTree -s DistanceMeasure,SemiSupervisedStream -s generators.RandomTreeGenerator -t 0.95,1,140000.0,1.238054,4.107867413303917E-8,132901.0,140000.0,68.27785714285714,38.985027052388055,34.8047563123899,24.862112137515656,140000.0,199224.0
semisupervised.SelfTrainingClassifier -l trees.HoeffdingTree -s DistanceMeasure,SemiSupervisedStream -s generators.RandomTreeGenerator -t 0.95,1,141000.0,1.245446,4.1459683910426154E-8,133846.0,141000.0,68.2872340425532,39.00288652886065,34.834882975312595,24.899227410144437,141000.0,199240.0
semisupervised.SelfTrainingClassifier -l trees.HoeffdingTree -s DistanceMeasure,SemiSupervisedStream -s generators.RandomTreeGenerator -t 0.95,1,142000.0,1.252455,4.182095251563521E-8,134797.0,142000.0,68.3056338028169,39.03363660007228,34.86170813251705,24.972493581835753,142000.0,199240.0
semisupervised.SelfTrainingClassifier -l trees.HoeffdingTree -s DistanceMeasure,SemiSupervisedStream -s generators.RandomTreeGenerator -t 0.95,1,143000.0,1.259621,4.21903134551313E-8,135753.0,143000.0,68.34825174825176,39.113824108128334,34.94221813373197,25.066635763124363,143000.0,199240.0
semisupervised.SelfTrainingClassifier -l trees.HoeffdingTree -s DistanceMeasure,SemiSupervisedStream -s generators.RandomTreeGenerator -t 0.95,1,144000.0,1.266961,4.2568642968932775E-8,136708.0,144000.0,68.36319444444445,39.1445677666239,34.9752358658883,25.108908286893193,144000.0,199240.0
semisupervised.SelfTrainingClassifier -l trees.HoeffdingTree -s DistanceMeasure,SemiSupervisedStream -s generators.RandomTreeGenerator -t 0.95,1,145000.0,1.274086,4.2936981823295345E-8,137656.0,145000.0,68.37724137931035,39.17043820590208,35.01466857523493,25.15628825593733,145000.0,199832.0
semisupervised.SelfTrainingClassifier -l trees.HoeffdingTree -s DistanceMeasure,SemiSupervisedStream -s generators.RandomTreeGenerator -t 0.95,1,146000.0,1.281404,4.331531328252619E-8,138611.0,146000.0,68.39109589041095,39.19543871732089,35.029775731722765,25.188451375492406,146000.0,199840.0
semisupervised.SelfTrainingClassifier -l trees.HoeffdingTree -s DistanceMeasure,SemiSupervisedStream -s generators.RandomTreeGenerator -t 0.95,1,147000.0,1.289419,4.372969535903797E-8,139564.0,147000.0,68.40068027210884,39.2154661619196,35.081687700026535,25.22135290897968,147000.0,199848.0
semisupervised.SelfTrainingClassifier -l trees.HoeffdingTree -s DistanceMeasure,SemiSupervisedStream -s generators.RandomTreeGenerator -t 0.95,1,148000.0,1.296626,4.4102303172565156E-8,140517.0,148000.0,68.41959459459459,39.25202090921761,35.11626292774345,25.267820024943223,148000.0,199848.0
semisupervised.SelfTrainingClassifier -l trees.HoeffdingTree -s DistanceMeasure,SemiSupervisedStream -s generators.RandomTreeGenerator -t 0.95,1,149000.0,1.303596,4.44626578916278E-8,141475.0,149000.0,68.43422818791947,39.27953410043216,35.11526204698774,25.30887724313165,149000.0,199848.0
semisupervised.SelfTrainingClassifier -l trees.HoeffdingTree -s DistanceMeasure,SemiSupervisedStream -s generators.RandomTreeGenerator -t 0.95,1,150000.0,1.310332,4.4810914618687485E-8,142433.0,150000.0,68.432,39.278000551254685,35.10579980265322,25.275765752970695,150000.0,199848.0
semisupervised.SelfTrainingClassifier -l trees.HoeffdingTree -s DistanceMeasure,SemiSupervisedStream -s generators.RandomTreeGenerator -t 0.95,1,151000.0,1.317269,4.516956321067279E-8,143383.0,151000.0,68.42251655629138,39.26158266900028,35.095623766419386,25.2480913038707,151000.0,199848.0
semisupervised.SelfTrainingClassifier -l trees.HoeffdingTree -s DistanceMeasure,SemiSupervisedStream -s generators.RandomTreeGenerator -t 0.95,1,152000.0,1.324431,4.553984448727633E-8,144326.0,152000.0,68.43092105263158,39.28052896278526,35.09927504869076,25.25351651946352,152000.0,199848.0
semisupervised.SelfTrainingClassifier -l trees.HoeffdingTree -s DistanceMeasure,SemiSupervisedStream -s generators.RandomTreeGenerator -t 0.95,1,153000.0,1.331498,4.590521418592995E-8,145272.0,153000.0,68.42549019607843,39.27013704165404,35.10169537064403,25.250665346289523,153000.0,199848.0
semisupervised.SelfTrainingClassifier -l trees.HoeffdingTree -s DistanceMeasure,SemiSupervisedStream -s generators.RandomTreeGenerator -t 0.95,1,154000.0,1.338488,4.62666029214031E-8,146218.0,154000.0,68.4448051948052,39.30687964924096,35.13661421001348,25.320035038650087,154000.0,199848.0
semisupervised.SelfTrainingClassifier -l trees.HoeffdingTree -s DistanceMeasure,SemiSupervisedStream -s generators.RandomTreeGenerator -t 0.95,1,155000.0,1.345857,4.664758626785542E-8,147167.0,155000.0,68.47870967741936,39.36921172159597,35.1852588848649,25.392826057080036,155000.0,199848.0
semisupervised.SelfTrainingClassifier -l trees.HoeffdingTree -s DistanceMeasure,SemiSupervisedStream -s generators.RandomTreeGenerator -t 0.95,1,156000.0,1.353056,4.7019780474818403E-8,148106.0,156000.0,68.49102564102564,39.39348243941442,35.21115621869561,25.406701468981417,156000.0,199848.0
semisupervised.SelfTrainingClassifier -l trees.HoeffdingTree -s DistanceMeasure,SemiSupervisedStream -s generators.RandomTreeGenerator -t 0.95,1,157000.0,1.359955,4.737646443562374E-8,149062.0,157000.0,68.49108280254778,39.397120124931575,35.2109909107578,25.39062500000001,157000.0,199848.0
semisupervised.SelfTrainingClassifier -l trees.HoeffdingTree -s DistanceMeasure,SemiSupervisedStream -s generators.RandomTreeGenerator -t 0.95,1,158000.0,1.367443,4.776360017971859E-8,150009.0,158000.0,68.49556962025316,39.4071620973143,35.22415251480251,25.404247029027843,158000.0,199848.0
semisupervised.SelfTrainingClassifier -l trees.HoeffdingTree -s DistanceMeasure,SemiSupervisedStream -s generators.RandomTreeGenerator -t 0.95,1,159000.0,1.374501,4.812850457098748E-8,150957.0,159000.0,68.51194968553459,39.43616130649091,35.2767794813455,25.451540374335536,159000.0,199848.0
semisupervised.SelfTrainingClassifier -l trees.HoeffdingTree -s DistanceMeasure,SemiSupervisedStream -s generators.RandomTreeGenerator -t 0.95,1,160000.0,1.381748,4.8503180417335686E-8,151904.0,160000.0,68.518125,39.44965672669951,35.31398484653911,25.44036235530951,160000.0,199848.0
semisupervised.SelfTrainingClassifier -l trees.HoeffdingTree -s DistanceMeasure,SemiSupervisedStream -s generators.RandomTreeGenerator -t 0.95,1,161000.0,1.38937,4.889724407138095E-8,152849.0,161000.0,68.5416149068323,39.49249646400625,35.37322955212453,25.492445974373684,161000.0,199848.0
semisupervised.SelfTrainingClassifier -l trees.HoeffdingTree -s DistanceMeasure,SemiSupervisedStream -s generators.RandomTreeGenerator -t 0.95,1,162000.0,1.396402,4.9260804241316177E-8,153798.0,162000.0,68.54320987654322,39.49823694405387,35.390623018992315,25.473105384772886,162000.0,199848.0
semisupervised.SelfTrainingClassifier -l trees.HoeffdingTree -s DistanceMeasure,SemiSupervisedStream -s generators.RandomTreeGenerator -t 0.95,1,163000.0,1.4039,4.964845699361628E-8,154746.0,163000.0,68.54969325153374,39.510127878159174,35.405667628491855,25.48403976975404,163000.0,199848.0
semisupervised.SelfTrainingClassifier -l trees.HoeffdingTree -s DistanceMeasure,SemiSupervisedStream -s generators.RandomTreeGenerator -t 0.95,1,164000.0,1.410891,5.0009897429909964E-8,155696.0,164000.0,68.55609756097562,39.51965950899721,35.41324850018162,25.521743526047462,164000.0,199848.0
semisupervised.SelfTrainingClassifier -l trees.HoeffdingTree -s DistanceMeasure,SemiSupervisedStream -s generators.RandomTreeGenerator -t 0.95,1,165000.0,1.417829,5.0368597722715794E-8,156648.0,165000.0,68.56909090909092,39.54285553897407,35.42478614386573,25.561934835653798,165000.0,199848.0
semisupervised.SelfTrainingClassifier -l trees.HoeffdingTree -s DistanceMeasure,SemiSupervisedStream -s generators.RandomTreeGenerator -t 0.95,1,166000.0,1.424502,5.071359729808237E-8,157597.0,166000.0,68.58915662650602,39.58167241029343,35.48698406413936,25.601769280159797,166000.0,199848.0
semisupervised.SelfTrainingClassifier -l trees.HoeffdingTree -s DistanceMeasure,SemiSupervisedStream -s generators.RandomTreeGenerator -t 0.95,1,167000.0,1.431377,5.106904043919509E-8,158541.0,167000.0,68.60419161676646,39.6078253753449,35.51557042357455,25.648770526674035,167000.0,199848.0
semisupervised.SelfTrainingClassifier -l trees.HoeffdingTree -s DistanceMeasure,SemiSupervisedStream -s generators.RandomTreeGenerator -t 0.95,1,168000.0,1.438714,5.1448369359390594E-8,159496.0,168000.0,68.62321428571428,39.64437042816048,35.54922482515772,25.675732837020437,168000.0,199848.0
semisupervised.SelfTrainingClassifier -l trees.HoeffdingTree -s DistanceMeasure,SemiSupervisedStream -s generators.RandomTreeGenerator -t 0.95,1,169000.0,1.44573,5.181110231619741E-8,160438.0,169000.0,68.62958579881658,39.65471611182629,35.54677527201996,25.709401230329448,169000.0,199848.0
semisupervised.SelfTrainingClassifier -l trees.HoeffdingTree -s DistanceMeasure,SemiSupervisedStream -s generators.RandomTreeGenerator -t 0.95,1,170000.0,1.452556,5.216401211710439E-8,161394.0,170000.0,68.64470588235294,39.681743388266305,35.579619066034994,25.76768281643851,170000.0,199848.0
semisupervised.SelfTrainingClassifier -l trees.HoeffdingTree -s DistanceMeasure,SemiSupervisedStream -s generators.RandomTreeGenerator -t 0.95,1,171000.0,1.459811,5.253937183982795E-8,162320.0,171000.0,68.65146198830409,39.69828551053732,35.58906578552118,25.75654751187624,171000.0,199992.0
semisupervised.SelfTrainingClassifier -l trees.HoeffdingTree -s DistanceMeasure,SemiSupervisedStream -s generators.RandomTreeGenerator -t 0.95,1,172000.0,1.466725,5.289708887951241E-8,163272.0,172000.0,68.66511627906976,39.725572337999566,35.6019691248865,25.77739829784892,172000.0,199992.0
semisupervised.SelfTrainingClassifier -l trees.HoeffdingTree -s DistanceMeasure,SemiSupervisedStream -s generators.RandomTreeGenerator -t 0.95,1,173000.0,1.473337,5.3239181021021464E-8,164229.0,173000.0,68.66820809248554,39.732936432875086,35.617821382333034,25.77031579523979,173000.0,199992.0
semisupervised.SelfTrainingClassifier -l trees.HoeffdingTree -s DistanceMeasure,SemiSupervisedStream -s generators.RandomTreeGenerator -t 0.95,1,174000.0,1.480326,5.360077841621305E-8,165165.0,174000.0,68.68793103448276,39.7687613139052,35.67228676678946,25.819979032499635,174000.0,199992.0
semisupervised.SelfTrainingClassifier -l trees.HoeffdingTree -s DistanceMeasure,SemiSupervisedStream -s generators.RandomTreeGenerator -t 0.95,1,175000.0,1.487194,5.395611550451979E-8,166119.0,175000.0,68.69828571428572,39.785391874071045,35.69600638602587,25.85945536246007,175000.0,199992.0
semisupervised.SelfTrainingClassifier -l trees.HoeffdingTree -s DistanceMeasure,SemiSupervisedStream -s generators.RandomTreeGenerator -t 0.95,1,176000.0,1.494313,5.432443884925708E-8,167071.0,176000.0,68.70738636363637,39.8038730545284,35.70961641724839,25.893782209125533,176000.0,199992.0
semisupervised.SelfTrainingClassifier -l trees.HoeffdingTree -s DistanceMeasure,SemiSupervisedStream -s generators.RandomTreeGenerator -t 0.95,1,177000.0,1.505579,5.4937724280688484E-8,168015.0,177000.0,68.71468926553672,39.816948619850336,35.72183078155288,25.92369639082859,177000.0,210424.0
semisupervised.SelfTrainingClassifier -l trees.HoeffdingTree -s DistanceMeasure,SemiSupervisedStream -s generators.RandomTreeGenerator -t 0.95,1,178000.0,1.513137,5.535020593139859E-8,168969.0,178000.0,68.71573033707865,39.82330920966625,35.72269547752615,25.923856652566045,178000.0,210960.0
semisupervised.SelfTrainingClassifier -l trees.HoeffdingTree -s DistanceMeasure,SemiSupervisedStream -s generators.RandomTreeGenerator -t 0.95,1,179000.0,1.522686,5.5882730703386984E-8,169933.0,179000.0,68.72793296089385,39.848337186089125,35.753882174706476,25.946553776954623,179000.0,215568.0
semisupervised.SelfTrainingClassifier -l trees.HoeffdingTree -s DistanceMeasure,SemiSupervisedStream -s generators.RandomTreeGenerator -t 0.95,1,180000.0,1.533683,5.649605247295564E-8,170881.0,180000.0,68.72833333333334,39.851691704269534,35.75781784980598,25.948193072237647,180000.0,215584.0
semisupervised.SelfTrainingClassifier -l trees.HoeffdingTree -s DistanceMeasure,SemiSupervisedStream -s generators.RandomTreeGenerator -t 0.95,1,181000.0,1.542847,5.70084343312515E-8,171820.0,181000.0,68.74419889502762,39.882135505812734,35.81534132809928,25.999032034428176,181000.0,216128.0
semisupervised.SelfTrainingClassifier -l trees.HoeffdingTree -s DistanceMeasure,SemiSupervisedStream -s generators.RandomTreeGenerator -t 0.95,1,182000.0,1.55052,5.743746657959287E-8,172761.0,182000.0,68.7620879120879,39.91618693744318,35.85571965295093,26.041029777159125,182000.0,216136.0
semisupervised.SelfTrainingClassifier -l trees.HoeffdingTree -s DistanceMeasure,SemiSupervisedStream -s generators.RandomTreeGenerator -t 0.95,1,183000.0,1.558112,5.7861969750374536E-8,173709.0,183000.0,68.78142076502732,39.95511291779816,35.909085809802676,26.06827652250434,183000.0,216136.0
semisupervised.SelfTrainingClassifier -l trees.HoeffdingTree -s DistanceMeasure,SemiSupervisedStream -s generators.RandomTreeGenerator -t 0.95,1,184000.0,1.566144,5.831112518699631E-8,174665.0,184000.0,68.78695652173913,39.96942415111955,35.915375087871986,26.076379503417385,184000.0,216160.0
semisupervised.SelfTrainingClassifier -l trees.HoeffdingTree -s DistanceMeasure,SemiSupervisedStream -s generators.RandomTreeGenerator -t 0.95,1,185000.0,1.573675,5.873226432957581E-8,175613.0,185000.0,68.77459459459459,39.95136109329684,35.89564329626918,26.02983545681542,185000.0,216160.0
semisupervised.SelfTrainingClassifier -l trees.HoeffdingTree -s DistanceMeasure,SemiSupervisedStream -s generators.RandomTreeGenerator -t 0.95,1,186000.0,1.580996,5.91417964796225E-8,176566.0,186000.0,68.77849462365592,39.96178989033617,35.89084044467506,26.013504905083458,186000.0,216232.0
semisupervised.SelfTrainingClassifier -l trees.HoeffdingTree -s DistanceMeasure,SemiSupervisedStream -s generators.RandomTreeGenerator -t 0.95,1,187000.0,1.58915,5.9597976754109047E-8,177515.0,187000.0,68.78502673796791,39.974164580985175,35.88312829525483,26.0196192745431,187000.0,216256.0
semisupervised.SelfTrainingClassifier -l trees.HoeffdingTree -s DistanceMeasure,SemiSupervisedStream -s generators.RandomTreeGenerator -t 0.95,1,188000.0,1.596528,6.001077379617425E-8,178463.0,188000.0,68.78776595744681,39.98032744646458,35.89446659747638,26.028036205027355,188000.0,216272.0
semisupervised.SelfTrainingClassifier -l trees.HoeffdingTree -s DistanceMeasure,SemiSupervisedStream -s generators.RandomTreeGenerator -t 0.95,1,189000.0,1.605643,6.052081209710901E-8,179419.0,189000.0,68.7936507936508,39.99133033686411,35.89409156123647,26.047596358803332,189000.0,216296.0
semisupervised.SelfTrainingClassifier -l trees.HoeffdingTree -s DistanceMeasure,SemiSupervisedStream -s generators.RandomTreeGenerator -t 0.95,1,190000.0,1.613391,6.095435864188603E-8,180357.0,190000.0,68.80105263157895,40.00783676895033,35.903895851129406,26.053166672903977,190000.0,216296.0
semisupervised.SelfTrainingClassifier -l trees.HoeffdingTree -s DistanceMeasure,SemiSupervisedStream -s generators.RandomTreeGenerator -t 0.95,1,191000.0,1.6211,6.138685568132332E-8,181303.0,191000.0,68.80785340314137,40.02332454114844,35.92286264344945,26.059274703998803,191000.0,216864.0
semisupervised.SelfTrainingClassifier -l trees.HoeffdingTree -s DistanceMeasure,SemiSupervisedStream -s generators.RandomTreeGenerator -t 0.95,1,192000.0,1.628752,6.181617069368558E-8,182250.0,192000.0,68.80937499999999,40.0296686706038,35.91927579343847,26.04018722752589,192000.0,216872.0
semisupervised.SelfTrainingClassifier -l trees.HoeffdingTree -s DistanceMeasure,SemiSupervisedStream -s generators.RandomTreeGenerator -t 0.95,1,193000.0,1.636387,6.224453192204234E-8,183206.0,193000.0,68.81554404145078,40.04396126850649,35.94303777259812,26.062333386567744,193000.0,216872.0
semisupervised.SelfTrainingClassifier -l trees.HoeffdingTree -s DistanceMeasure,SemiSupervisedStream -s generators.RandomTreeGenerator -t 0.95,1,194000.0,1.644539,6.270193314800656E-8,184152.0,194000.0,68.82319587628865,40.06320533212525,35.93241883374821,26.057190361504695,194000.0,216888.0
semisupervised.SelfTrainingClassifier -l trees.HoeffdingTree -s DistanceMeasure,SemiSupervisedStream -s generators.RandomTreeGenerator -t 0.95,1,195000.0,1.652427,6.314452157666282E-8,185086.0,195000.0,68.83333333333333,40.08328045969908,35.95687956415904,26.090551995038254,195000.0,216888.0
semisupervised.SelfTrainingClassifier -l trees.HoeffdingTree -s DistanceMeasure,SemiSupervisedStream -s generators.RandomTreeGenerator -t 0.95,1,196000.0,1.660166,6.357874975229299E-8,186024.0,196000.0,68.83520408163265,40.090214311261505,35.954914809960684,26.076485537940215,196000.0,216888.0
semisupervised.SelfTrainingClassifier -l trees.HoeffdingTree -s DistanceMeasure,SemiSupervisedStream -s generators.RandomTreeGenerator -t 0.95,1,197000.0,1.667496,6.399005965433183E-8,186978.0,197000.0,68.84517766497463,40.110378145129246,35.99570349977058,26.111191370509495,197000.0,216904.0
semisupervised.SelfTrainingClassifier -l trees.HoeffdingTree -s DistanceMeasure,SemiSupervisedStream -s generators.RandomTreeGenerator -t 0.95,1,198000.0,1.674998,6.441206128439965E-8,187926.0,198000.0,68.8469696969697,40.114499236710586,36.015476696783296,26.128143712574847,198000.0,217440.0
semisupervised.SelfTrainingClassifier -l trees.HoeffdingTree -s DistanceMeasure,SemiSupervisedStream -s generators.RandomTreeGenerator -t 0.95,1,199000.0,1.682568,6.483788804254594E-8,188870.0,199000.0,68.85376884422111,40.13114547352868,36.037439887721625,26.12955127823135,199000.0,217440.0
semisupervised.SelfTrainingClassifier -l trees.HoeffdingTree -s DistanceMeasure,SemiSupervisedStream -s generators.RandomTreeGenerator -t 0.95,1,200000.0,1.690284,6.527194354476196E-8,189826.0,200000.0,68.8725,40.16616947805024,36.056902218570265,26.18392658113781,200000.0,217448.0
semisupervised.SelfTrainingClassifier -l trees.HoeffdingTree -s DistanceMeasure,SemiSupervisedStream -s generators.RandomTreeGenerator -t 0.95,1,201000.0,1.698351,6.572574418452046E-8,190785.0,201000.0,68.89253731343284,40.2061962625758,36.09427540601588,26.21081948640483,201000.0,217448.0
semisupervised.SelfTrainingClassifier -l trees.HoeffdingTree -s DistanceMeasure,SemiSupervisedStream -s generators.RandomTreeGenerator -t 0.95,1,202000.0,1.706086,6.616088452024587E-8,191722.0,202000.0,68.8980198019802,40.21684253315835,36.09138811466237,26.23891987085411,202000.0,217456.0
semisupervised.SelfTrainingClassifier -l trees.HoeffdingTree -s DistanceMeasure,SemiSupervisedStream -s generators.RandomTreeGenerator -t 0.95,1,203000.0,1.713747,6.659186191029014E-8,192662.0,203000.0,68.91182266009852,40.24161535879542,36.121261197429014,26.286588642044517,203000.0,217456.0
semisupervised.SelfTrainingClassifier -l trees.HoeffdingTree -s DistanceMeasure,SemiSupervisedStream -s generators.RandomTreeGenerator -t 0.95,1,204000.0,1.721693,6.703158709324063E-8,193602.0,204000.0,68.90833333333333,40.23978030866765,36.12459465447442,26.25624927334032,204000.0,213912.0
semisupervised.SelfTrainingClassifier -l trees.HoeffdingTree -s DistanceMeasure,SemiSupervisedStream -s generators.RandomTreeGenerator -t 0.95,1,205000.0,1.730265,6.752280823472468E-8,194548.0,205000.0,68.90926829268292,40.24447933474677,36.12731244864008,26.258793039614947,205000.0,221512.0
semisupervised.SelfTrainingClassifier -l trees.HoeffdingTree -s DistanceMeasure,SemiSupervisedStream -s generators.RandomTreeGenerator -t 0.95,1,206000.0,1.738862,6.80247674344314E-8,195503.0,206000.0,68.90776699029126,40.24525684553849,36.11163755698084,26.258102398194733,206000.0,225696.0
semisupervised.SelfTrainingClassifier -l trees.HoeffdingTree -s DistanceMeasure,SemiSupervisedStream -s generators.RandomTreeGenerator -t 0.95,1,207000.0,1.747695,6.854993904216417E-8,196468.0,207000.0,68.89420289855073,40.22589607756849,36.0928598368303,26.205102344878178,207000.0,229824.0
semisupervised.SelfTrainingClassifier -l trees.HoeffdingTree -s DistanceMeasure,SemiSupervisedStream -s generators.RandomTreeGenerator -t 0.95,1,208000.0,1.75589,6.903721187677643E-8,197412.0,208000.0,68.89615384615385,40.23381849278693,36.10145385587864,26.19751086572138,208000.0,229840.0
semisupervised.SelfTrainingClassifier -l trees.HoeffdingTree -s DistanceMeasure,SemiSupervisedStream -s generators.RandomTreeGenerator -t 0.95,1,209000.0,1.764365,6.954911410601597E-8,198369.0,209000.0,68.89808612440191,40.23869200331118,36.11812687337232,26.20591006618457,209000.0,233480.0
semisupervised.SelfTrainingClassifier -l trees.HoeffdingTree -s DistanceMeasure,SemiSupervisedStream -s generators.RandomTreeGenerator -t 0.95,1,210000.0,1.773119,7.007792268983186E-8,199322.0,210000.0,68.90619047619047,40.25505000845466,36.13797959842343,26.243081441319333,210000.0,233504.0
semisupervised.SelfTrainingClassifier -l trees.HoeffdingTree -s DistanceMeasure,SemiSupervisedStream -s generators.RandomTreeGenerator -t 0.95,1,211000.0,1.781171,7.056539162786464E-8,200269.0,211000.0,68.89999999999999,40.24642435770736,36.12595512726918,26.232069787310557,211000.0,234016.0
semisupervised.SelfTrainingClassifier -l trees.HoeffdingTree -s DistanceMeasure,SemiSupervisedStream -s generators.RandomTreeGenerator -t 0.95,1,212000.0,1.78873,7.102304558166192E-8,201221.0,212000.0,68.90518867924528,40.257252282308336,36.14781092599768,26.248014141549763,212000.0,234032.0
semisupervised.SelfTrainingClassifier -l trees.HoeffdingTree -s DistanceMeasure,SemiSupervisedStream -s generators.RandomTreeGenerator -t 0.95,1,213000.0,1.796409,7.148796484495196E-8,202170.0,213000.0,68.90234741784037,40.255037848954586,36.14999036051667,26.238307349665906,213000.0,234032.0
semisupervised.SelfTrainingClassifier -l trees.HoeffdingTree -s DistanceMeasure,SemiSupervisedStream -s generators.RandomTreeGenerator -t 0.95,1,214000.0,1.804001,7.194761675885976E-8,203125.0,214000.0,68.90373831775702,40.25595580890787,36.150982499232434,26.26318588777592,214000.0,234032.0
semisupervised.SelfTrainingClassifier -l trees.HoeffdingTree -s DistanceMeasure,SemiSupervisedStream -s generators.RandomTreeGenerator -t 0.95,1,215000.0,1.812274,7.244849930413889E-8,204078.0,215000.0,68.9246511627907,40.29450470061475,36.20182575149917,26.33250270139149,215000.0,234032.0
semisupervised.SelfTrainingClassifier -l trees.HoeffdingTree -s DistanceMeasure,SemiSupervisedStream -s generators.RandomTreeGenerator -t 0.95,1,216000.0,1.820489,7.29458702831632E-8,205021.0,216000.0,68.91805555555555,40.286975115384294,36.181558935361224,26.30244352236053,216000.0,234032.0
semisupervised.SelfTrainingClassifier -l trees.HoeffdingTree -s DistanceMeasure,SemiSupervisedStream -s generators.RandomTreeGenerator -t 0.95,1,217000.0,1.828068,7.34047508074177E-8,205978.0,217000.0,68.91290322580646,40.27893420870969,36.164313562209024,26.290428321678327,217000.0,234040.0
semisupervised.SelfTrainingClassifier -l trees.HoeffdingTree -s DistanceMeasure,SemiSupervisedStream -s generators.RandomTreeGenerator -t 0.95,1,218000.0,1.83596,7.388258232838572E-8,206930.0,218000.0,68.92018348623853,40.29235776481515,36.19429690737183,26.31991039290102,218000.0,234040.0
semisupervised.SelfTrainingClassifier -l trees.HoeffdingTree -s DistanceMeasure,SemiSupervisedStream -s generators.RandomTreeGenerator -t 0.95,1,219000.0,1.84342,7.433425784111018E-8,207883.0,219000.0,68.93013698630138,40.31252225154876,36.21885603944433,26.342054840490597,219000.0,234040.0
semisupervised.SelfTrainingClassifier -l trees.HoeffdingTree -s DistanceMeasure,SemiSupervisedStream -s generators.RandomTreeGenerator -t 0.95,1,220000.0,1.851344,7.48140268441703E-8,208828.0,220000.0,68.92454545454545,40.304562577277906,36.21087007231163,26.321007878088977,220000.0,234040.0
semisupervised.SelfTrainingClassifier -l trees.HoeffdingTree -s DistanceMeasure,SemiSupervisedStream -s generators.RandomTreeGenerator -t 0.95,1,221000.0,1.858799,7.526541505422852E-8,209784.0,221000.0,68.92036199095023,40.30066206211603,36.21581464456517,26.305737951160914,221000.0,234048.0
semisupervised.SelfTrainingClassifier -l trees.HoeffdingTree -s DistanceMeasure,SemiSupervisedStream -s generators.RandomTreeGenerator -t 0.95,1,222000.0,1.867157,7.577149575369221E-8,210729.0,222000.0,68.92837837837837,40.31594920491069,36.23034325915926,26.33911409166631,222000.0,234056.0
semisupervised.SelfTrainingClassifier -l trees.HoeffdingTree -s DistanceMeasure,SemiSupervisedStream -s generators.RandomTreeGenerator -t 0.95,1,223000.0,1.876138,7.631531797349448E-8,211673.0,223000.0,68.92331838565022,40.30912369505347,36.22861665025628,26.324909900811143,223000.0,234064.0
semisupervised.SelfTrainingClassifier -l trees.HoeffdingTree -s DistanceMeasure,SemiSupervisedStream -s generators.RandomTreeGenerator -t 0.95,1,224000.0,1.883936,7.678753883474399E-8,212608.0,224000.0,68.934375,40.32973231524072,36.2668864770802,26.362183726811928,224000.0,234080.0
semisupervised.SelfTrainingClassifier -l trees.HoeffdingTree -s DistanceMeasure,SemiSupervisedStream -s generators.RandomTreeGenerator -t 0.95,1,225000.0,1.892213,7.728876633776554E-8,213549.0,225000.0,68.93422222222222,40.33182408733671,36.27271318253512,26.367352098432477,225000.0,234080.0
semisupervised.SelfTrainingClassifier -l trees.HoeffdingTree -s DistanceMeasure,SemiSupervisedStream -s generators.RandomTreeGenerator -t 0.95,1,226000.0,1.900137,7.776865013771582E-8,214497.0,226000.0,68.94424778761062,40.34936507108748,36.29415822532042,26.41048492791614,226000.0,234096.0
semisupervised.SelfTrainingClassifier -l trees.HoeffdingTree -s DistanceMeasure,SemiSupervisedStream -s generators.RandomTreeGenerator -t 0.95,1,227000.0,1.907645,7.82233561823765E-8,215447.0,227000.0,68.9612334801762,40.37961076170812,36.32641995391079,26.46837820914213,227000.0,234104.0
semisupervised.SelfTrainingClassifier -l trees.HoeffdingTree -s DistanceMeasure,SemiSupervisedStream -s generators.RandomTreeGenerator -t 0.95,1,228000.0,1.915104,7.867511008348726E-8,216399.0,228000.0,68.97456140350877,40.4035554013599,36.360937429715264,26.509791699132514,228000.0,234112.0
semisupervised.SelfTrainingClassifier -l trees.HoeffdingTree -s DistanceMeasure,SemiSupervisedStream -s generators.RandomTreeGenerator -t 0.95,1,229000.0,1.922575,7.912759076389997E-8,217354.0,229000.0,68.98253275109171,40.41793218058518,36.3849681163574,26.54373972305243,229000.0,234112.0
semisupervised.SelfTrainingClassifier -l trees.HoeffdingTree -s DistanceMeasure,SemiSupervisedStream -s generators.RandomTreeGenerator -t 0.95,1,230000.0,1.930157,7.958679415285583E-8,218298.0,230000.0,68.99,40.43276731672354,36.394281790373924,26.56198517298186,230000.0,234112.0
semisupervised.SelfTrainingClassifier -l trees.HoeffdingTree -s DistanceMeasure,SemiSupervisedStream -s generators.RandomTreeGenerator -t 0.95,1,231000.0,1.937647,8.004042556716332E-8,219251.0,231000.0,68.99004329004329,40.43476382558657,36.38842021134891,26.57167751524781,231000.0,234112.0
semisupervised.SelfTrainingClassifier -l trees.HoeffdingTree -s DistanceMeasure,SemiSupervisedStream -s generators.RandomTreeGenerator -t 0.95,1,232000.0,1.946018,8.054746666923161E-8,220204.0,232000.0,68.9948275862069,40.44593583456438,36.39346001821575,26.564781068471603,232000.0,234136.0
semisupervised.SelfTrainingClassifier -l trees.HoeffdingTree -s DistanceMeasure,SemiSupervisedStream -s generators.RandomTreeGenerator -t 0.95,1,233000.0,1.953929,8.102666141465302E-8,221135.0,233000.0,68.98669527896996,40.43356728775142,36.377083388362074,26.53714773697695,233000.0,234144.0
semisupervised.SelfTrainingClassifier -l trees.HoeffdingTree -s DistanceMeasure,SemiSupervisedStream -s generators.RandomTreeGenerator -t 0.95,1,234000.0,1.962521,8.154710652306672E-8,222075.0,234000.0,68.991452991453,40.44488151658628,36.384916842742044,26.535653899502893,234000.0,234144.0
semisupervised.SelfTrainingClassifier -l trees.HoeffdingTree -s DistanceMeasure,SemiSupervisedStream -s generators.RandomTreeGenerator -t 0.95,1,235000.0,1.970042,8.200267771258946E-8,223022.0,235000.0,68.99744680851065,40.4576091457738,36.38030702596973,26.53867871259178,235000.0,234144.0
semisupervised.SelfTrainingClassifier -l trees.HoeffdingTree -s DistanceMeasure,SemiSupervisedStream -s generators.RandomTreeGenerator -t 0.95,1,236000.0,1.977475,8.245291845872993E-8,223970.0,236000.0,69.0042372881356,40.47376745525247,36.390751223923694,26.54442480719794,236000.0,234144.0
semisupervised.SelfTrainingClassifier -l trees.HoeffdingTree -s DistanceMeasure,SemiSupervisedStream -s generators.RandomTreeGenerator -t 0.95,1,237000.0,1.984886,8.290184193187285E-8,224913.0,237000.0,69.02194092827004,40.50696414985742,36.43408168036087,26.598882257080874,237000.0,234152.0
semisupervised.SelfTrainingClassifier -l trees.HoeffdingTree -s DistanceMeasure,SemiSupervisedStream -s generators.RandomTreeGenerator -t 0.95,1,238000.0,1.992301,8.335100770617521E-8,225868.0,238000.0,69.0155462184874,40.4997145732345,36.42132307931063,26.566156481214104,238000.0,234152.0
semisupervised.SelfTrainingClassifier -l trees.HoeffdingTree -s DistanceMeasure,SemiSupervisedStream -s generators.RandomTreeGenerator -t 0.95,1,239000.0,1.999934,8.381337889366676E-8,226803.0,239000.0,69.02259414225942,40.516134314882336,36.436145095514064,26.569799156955128,239000.0,234152.0
